15 0.322134 0.659091 0.126482 0.255245
15 0.905138 0.860140 0.181818 0.258741
15 0.404150 0.452797 0.053360 0.101399
15 0.366601 0.395105 0.041502 0.062937
19 0.257905 0.540210 0.116601 0.150350
17 0.795455 0.487762 0.037549 0.108392
17 0.166008 0.512238 0.031621 0.087413
17 0.136364 0.500000 0.027668 0.090909
17 0.189723 0.479021 0.031621 0.076923
17 0.238142 0.451049 0.021739 0.069930
17 0.298419 0.396853 0.015810 0.052448
17 0.276680 0.416084 0.015810 0.055944
21 0.627470 0.395105 0.053360 0.097902
20 0.567194 0.395105 0.075099 0.160839
