15 0.730237 0.589161 0.116601 0.157343
15 0.565217 0.461538 0.059289 0.097902
15 0.613636 0.403846 0.049407 0.073427
15 0.383399 0.517483 0.079051 0.146853
15 0.130435 0.737762 0.181818 0.230769
15 0.536561 0.367133 0.033597 0.048951
15 0.421937 0.405594 0.049407 0.090909
17 0.945652 0.585664 0.053360 0.122378
17 0.817194 0.522727 0.033597 0.108392
17 0.734190 0.419580 0.025692 0.069930
17 0.708498 0.419580 0.017787 0.069930
17 0.685771 0.400350 0.019763 0.059441
17 0.163043 0.529720 0.033597 0.108392
18 0.346838 0.402098 0.061265 0.111888
