22 0.655138 0.756993 0.144269 0.234266
22 0.357708 0.604895 0.102767 0.202797
15 0.685771 0.524476 0.079051 0.111888
15 0.567194 0.487762 0.071146 0.108392
15 0.224308 0.580420 0.124506 0.188811
18 0.410079 0.421329 0.057312 0.122378
15 0.170949 0.898601 0.239130 0.181818
17 0.848814 0.569930 0.041502 0.125874
17 0.893281 0.562937 0.043478 0.125874
17 0.817194 0.529720 0.037549 0.101399
17 0.819170 0.473776 0.025692 0.066434
17 0.765810 0.480769 0.033597 0.094406
17 0.224308 0.444056 0.025692 0.083916
