17 0.867589 0.555944 0.043478 0.104895
17 0.911067 0.559441 0.039526 0.118881
17 0.808300 0.505245 0.031621 0.101399
17 0.750988 0.458042 0.019763 0.083916
17 0.102767 0.561189 0.043478 0.122378
17 0.142292 0.494755 0.035573 0.087413
17 0.185771 0.489510 0.023715 0.083916
17 0.221344 0.486014 0.023715 0.083916
17 0.214427 0.437063 0.021739 0.062937
15 0.620553 0.608392 0.094862 0.160839
15 0.703557 0.552448 0.083004 0.125874
15 0.549407 0.414336 0.039526 0.066434
15 0.600791 0.379371 0.027668 0.045455
15 0.909091 0.884615 0.177866 0.216783
15 0.226285 0.889860 0.219368 0.220280
