15 0.615613 0.597902 0.088933 0.132867
15 0.322134 0.465035 0.071146 0.111888
15 0.112648 0.765734 0.181818 0.258741
17 0.923913 0.643357 0.053360 0.146853
17 0.921937 0.562937 0.049407 0.090909
17 0.833992 0.555944 0.035573 0.118881
17 0.857708 0.533217 0.031621 0.101399
17 0.792490 0.498252 0.027668 0.101399
17 0.734190 0.451049 0.021739 0.076923
17 0.722332 0.416084 0.017787 0.055944
17 0.088933 0.538462 0.039526 0.104895
17 0.021739 0.601399 0.031621 0.118881
17 0.246047 0.430070 0.029644 0.062937
16 0.554348 0.396853 0.049407 0.122378
16 0.591897 0.349650 0.037549 0.069930
16 0.424901 0.393357 0.051383 0.122378
15 0.385375 0.363636 0.035573 0.062937
