17 0.031621 0.631119 0.055336 0.136364
17 0.137352 0.547203 0.045455 0.108392
17 0.159091 0.500000 0.025692 0.083916
22 0.285573 0.510490 0.081028 0.118881
15 0.241107 0.832168 0.189723 0.321678
15 0.435771 0.391608 0.045455 0.069930
19 0.650198 0.461538 0.075099 0.111888
17 0.718379 0.435315 0.021739 0.073427
17 0.794466 0.470280 0.023715 0.073427
17 0.739130 0.424825 0.019763 0.059441
21 0.362648 0.396853 0.061265 0.087413
16 0.538538 0.365385 0.049407 0.108392
15 0.598814 0.370629 0.027668 0.048951
20 0.882411 0.667832 0.231225 0.363636
20 0.848814 0.926573 0.290514 0.146853
