17 0.863636 0.536713 0.039526 0.101399
17 0.794466 0.517483 0.027668 0.097902
17 0.796443 0.452797 0.023715 0.059441
17 0.745059 0.454545 0.023715 0.090909
17 0.693676 0.421329 0.019763 0.066434
17 0.175889 0.513986 0.031621 0.097902
17 0.249012 0.454545 0.023715 0.076923
17 0.234190 0.423077 0.021739 0.062937
17 0.088933 0.557692 0.043478 0.115385
15 0.632411 0.666084 0.122530 0.192308
15 0.745059 0.610140 0.118577 0.136364
15 0.352767 0.589161 0.088933 0.136364
15 0.433794 0.374126 0.037549 0.062937
