17 0.029644 0.631119 0.047431 0.143357
17 0.154150 0.517483 0.031621 0.104895
17 0.204545 0.461538 0.029644 0.083916
17 0.242095 0.437063 0.025692 0.104895
17 0.889328 0.597902 0.043478 0.125874
17 0.970356 0.624126 0.047431 0.129371
17 0.865613 0.529720 0.043478 0.101399
17 0.790514 0.506993 0.023715 0.083916
17 0.813241 0.496503 0.029644 0.104895
17 0.755929 0.477273 0.029644 0.073427
15 0.749012 0.875874 0.237154 0.241259
15 0.704545 0.540210 0.104743 0.150350
15 0.559289 0.426573 0.047431 0.069930
15 0.604743 0.396853 0.039526 0.059441
