17 0.966403 0.599650 0.051383 0.122378
17 0.906126 0.596154 0.041502 0.122378
17 0.870553 0.590909 0.041502 0.111888
17 0.839921 0.552448 0.043478 0.104895
17 0.883399 0.531469 0.039526 0.083916
17 0.774704 0.494755 0.031621 0.087413
17 0.806324 0.477273 0.027668 0.080420
17 0.740119 0.442308 0.021739 0.080420
17 0.712451 0.442308 0.021739 0.073427
17 0.245059 0.451049 0.023715 0.076923
15 0.605731 0.582168 0.084980 0.129371
15 0.640316 0.451049 0.067194 0.083916
15 0.545455 0.396853 0.031621 0.045455
15 0.587945 0.365385 0.029644 0.045455
19 0.191700 0.898601 0.252964 0.188811
