17 0.869565 0.569930 0.035573 0.111888
17 0.768775 0.452797 0.023715 0.087413
17 0.168972 0.522727 0.033597 0.080420
17 0.172925 0.473776 0.017787 0.052448
17 0.189723 0.452797 0.019763 0.087413
17 0.219368 0.475524 0.023715 0.083916
17 0.240119 0.419580 0.021739 0.076923
17 0.254941 0.409091 0.023715 0.041958
17 0.279644 0.419580 0.021739 0.069930
15 0.800395 0.666084 0.173913 0.213287
15 0.610672 0.391608 0.051383 0.076923
15 0.402174 0.445804 0.057312 0.101399
15 0.247036 0.835664 0.205534 0.314685
18 0.094862 0.765734 0.173913 0.447552
