3 0.5385375494071146 0.3374125874125874 0.22134387351778656 0.11888111888111888
1 0.1225296442687747 0.9230769230769231 0.0533596837944664 0.13636363636363635
1 0.16897233201581027 0.8391608391608392 0.043478260869565216 0.17132867132867133
1 0.1492094861660079 0.7377622377622378 0.039525691699604744 0.14335664335664336
1 0.20652173913043478 0.7604895104895105 0.03162055335968379 0.15384615384615385
1 0.26976284584980237 0.75 0.039525691699604744 0.16083916083916083
1 0.2658102766798419 0.9143356643356644 0.06719367588932806 0.14685314685314685
1 0.15118577075098813 0.6486013986013986 0.03162055335968379 0.09090909090909091
1 0.2015810276679842 0.6241258741258742 0.03359683794466403 0.11888111888111888
1 0.2341897233201581 0.5996503496503497 0.03557312252964427 0.1258741258741259
1 0.10869565217391304 0.5891608391608392 0.03359683794466403 0.11188811188811189
1 0.2015810276679842 0.4982517482517482 0.025691699604743084 0.09090909090909091
1 0.44367588932806323 0.6241258741258742 0.02766798418972332 0.1048951048951049
1 0.5434782608695652 0.798951048951049 0.045454545454545456 0.17482517482517482
1 0.5780632411067194 0.7465034965034965 0.04743083003952569 0.14685314685314685
1 0.5978260869565217 0.5472027972027972 0.02766798418972332 0.0979020979020979
1 0.3310276679841897 0.39335664335664333 0.019762845849802372 0.06993006993006994
0 0.45553359683794464 0.7132867132867133 0.023715415019762844 0.15734265734265734
2 0.383399209486166 0.8356643356643356 0.12845849802371542 0.26223776223776224
2 0.6373517786561265 0.6958041958041958 0.11857707509881422 0.1993006993006993
2 0.20355731225296442 0.40034965034965037 0.041501976284584984 0.06993006993006994
2 0.3784584980237154 0.42132867132867136 0.05928853754940711 0.08391608391608392
0 0.30533596837944665 0.38286713286713286 0.011857707509881422 0.06993006993006994
2 0.27964426877470355 0.4493006993006993 0.05533596837944664 0.11188811188811189
2 0.34288537549407117 0.6136363636363636 0.09090909090909091 0.16083916083916083
3 0.5 0.5367132867132867 0.10474308300395258 0.1888111888111888
