1 0.04841897233201581 0.8811188811188811 0.04743083003952569 0.13636363636363635
1 0.07608695652173914 0.9213286713286714 0.04743083003952569 0.13986013986013987
1 0.11363636363636363 0.9335664335664335 0.04743083003952569 0.11538461538461539
1 0.37351778656126483 0.8916083916083916 0.045454545454545456 0.19230769230769232
1 0.09486166007905138 0.8006993006993007 0.037549407114624504 0.13636363636363635
1 0.10375494071146245 0.736013986013986 0.043478260869565216 0.11888111888111888
1 0.07114624505928854 0.6958041958041958 0.041501976284584984 0.12937062937062938
1 0.1373517786561265 0.7237762237762237 0.039525691699604744 0.15034965034965034
1 0.08992094861660078 0.6486013986013986 0.039525691699604744 0.11188811188811189
1 0.13636363636363635 0.6223776223776224 0.03359683794466403 0.10839160839160839
1 0.09090909090909091 0.5874125874125874 0.029644268774703556 0.06643356643356643
1 0.2450592885375494 0.6293706293706294 0.037549407114624504 0.10839160839160839
1 0.16996047430830039 0.5664335664335665 0.03359683794466403 0.07342657342657342
1 0.1492094861660079 0.5157342657342657 0.019762845849802372 0.08391608391608392
1 0.12055335968379446 0.5454545454545454 0.021739130434782608 0.06643356643356643
1 0.2855731225296443 0.5297202797202797 0.019762845849802372 0.08391608391608392
1 0.47134387351778656 0.48426573426573427 0.019762845849802372 0.09090909090909091
1 0.40810276679841895 0.41083916083916083 0.023715415019762844 0.06993006993006994
1 0.25790513833992096 0.4353146853146853 0.023715415019762844 0.08391608391608392
1 0.40118577075098816 0.36013986013986016 0.01383399209486166 0.06643356643356643
1 0.4199604743083004 0.3548951048951049 0.015810276679841896 0.06993006993006994
1 0.1857707509881423 0.4562937062937063 0.017786561264822136 0.06993006993006994
1 0.16897233201581027 0.4632867132867133 0.015810276679841896 0.07692307692307693
1 0.1442687747035573 0.39335664335664333 0.025691699604743084 0.07692307692307693
1 0.7351778656126482 0.7307692307692307 0.041501976284584984 0.14335664335664336
1 0.2727272727272727 0.32867132867132864 0.01383399209486166 0.05244755244755245
1 0.30138339920948615 0.38986013986013984 0.019762845849802372 0.06993006993006994
1 0.23517786561264822 0.45104895104895104 0.017786561264822136 0.06643356643356643
1 0.20652173913043478 0.4597902097902098 0.02766798418972332 0.04895104895104895
2 0.2648221343873518 0.38286713286713286 0.04940711462450593 0.08391608391608392
2 0.20059288537549408 0.38461538461538464 0.043478260869565216 0.07342657342657342
2 0.30138339920948615 0.47027972027972026 0.06324110671936758 0.09090909090909091
2 0.32707509881422925 0.5856643356643356 0.08300395256916997 0.16083916083916083
2 0.37450592885375494 0.7325174825174825 0.11462450592885376 0.21678321678321677
2 0.41304347826086957 0.5664335664335665 0.0691699604743083 0.12937062937062938
2 0.5029644268774703 0.7395104895104895 0.11857707509881422 0.17482517482517482
2 0.5820158102766798 0.8846153846153846 0.1541501976284585 0.21328671328671328
2 0.66600790513834 0.7465034965034965 0.1482213438735178 0.23076923076923078
4 0.5158102766798419 0.5122377622377622 0.05731225296442688 0.11188811188811189
4 0.3616600790513834 0.4160839160839161 0.0691699604743083 0.15734265734265734
4 0.3142292490118577 0.3374125874125874 0.05731225296442688 0.13286713286713286
3 0.33695652173913043 0.28146853146853146 0.06324110671936758 0.1048951048951049
