1 0.05434782608695652 0.4230769230769231 0.039525691699604744 0.16083916083916083
1 0.12055335968379446 0.44755244755244755 0.03359683794466403 0.15034965034965034
1 0.15118577075098813 0.5 0.03557312252964427 0.1258741258741259
1 0.10770750988142293 0.5227272727272727 0.043478260869565216 0.17482517482517482
1 0.1432806324110672 0.5314685314685315 0.039525691699604744 0.16433566433566432
1 0.16996047430830039 0.5996503496503497 0.04940711462450593 0.13636363636363635
1 0.191699604743083 0.5052447552447552 0.037549407114624504 0.16083916083916083
1 0.08992094861660078 0.36363636363636365 0.03162055335968379 0.1258741258741259
1 0.16600790513833993 0.3916083916083916 0.021739130434782608 0.08741258741258741
1 0.24802371541501977 0.44405594405594406 0.03162055335968379 0.08391608391608392
1 0.2608695652173913 0.5017482517482518 0.041501976284584984 0.11538461538461539
1 0.40810276679841895 0.6206293706293706 0.023715415019762844 0.10839160839160839
1 0.5148221343873518 0.7412587412587412 0.02766798418972332 0.11538461538461539
1 0.5770750988142292 0.8059440559440559 0.037549407114624504 0.11888111888111888
1 0.6007905138339921 0.7674825174825175 0.025691699604743084 0.10139860139860139
1 0.4515810276679842 0.6381118881118881 0.02766798418972332 0.09090909090909091
0 0.6432806324110671 0.8234265734265734 0.023715415019762844 0.1258741258741259
0 0.6709486166007905 0.8566433566433567 0.02766798418972332 0.0944055944055944
2 0.2628458498023715 0.6101398601398601 0.1007905138339921 0.24825174825174826
2 0.4288537549407115 0.8041958041958042 0.116600790513834 0.21678321678321677
2 0.4634387351778656 0.7272727272727273 0.09881422924901186 0.17482517482517482
2 0.6857707509881423 0.9947552447552448 0.1442687747035573 0.23776223776223776
2 0.2015810276679842 0.3951048951048951 0.045454545454545456 0.09090909090909091
2 0.3310276679841897 0.49125874125874125 0.05138339920948617 0.06993006993006994
2 0.3181818181818182 0.5157342657342657 0.07312252964426877 0.07342657342657342
3 0.3310276679841897 0.5769230769230769 0.11462450592885376 0.24125874125874125
2 0.25296442687747034 0.4195804195804196 0.045454545454545456 0.0944055944055944
4 0.43379446640316205 0.5734265734265734 0.07509881422924901 0.14685314685314685
