1 0.1225296442687747 0.7517482517482518 0.045454545454545456 0.1853146853146853
1 0.4980237154150198 0.5751748251748252 0.029644268774703556 0.13286713286713286
1 0.4407114624505929 0.8548951048951049 0.05731225296442688 0.1888111888111888
1 0.38735177865612647 0.8898601398601399 0.05731225296442688 0.1958041958041958
1 0.14130434782608695 0.8863636363636364 0.043478260869565216 0.16783216783216784
1 0.22332015810276679 0.5122377622377622 0.037549407114624504 0.1048951048951049
1 0.4258893280632411 0.40034965034965037 0.023715415019762844 0.08391608391608392
1 0.5543478260869565 0.3986013986013986 0.03162055335968379 0.08741258741258741
1 0.5681818181818182 0.5192307692307693 0.039525691699604744 0.11188811188811189
1 0.6225296442687747 0.5034965034965035 0.025691699604743084 0.08041958041958042
1 0.6126482213438735 0.4125874125874126 0.029644268774703556 0.07342657342657342
1 0.12944664031620554 0.4737762237762238 0.03162055335968379 0.07692307692307693
2 0.31620553359683795 0.5751748251748252 0.07707509881422925 0.13986013986013987
2 0.274703557312253 0.49125874125874125 0.0691699604743083 0.13286713286713286
2 0.45454545454545453 0.7097902097902098 0.14031620553359683 0.2062937062937063
2 0.4140316205533597 0.5402097902097902 0.07905138339920949 0.11888111888111888
2 0.358695652173913 0.4020979020979021 0.05138339920948617 0.0944055944055944
2 0.25395256916996045 0.3339160839160839 0.039525691699604744 0.06993006993006994
3 0.30632411067193677 0.8636363636363636 0.1600790513833992 0.25524475524475526
3 0.22826086956521738 0.2744755244755245 0.04743083003952569 0.08391608391608392
3 0.7984189723320159 0.7465034965034965 0.3932806324110672 0.4825174825174825
