1 0.005928853754940711 0.8671328671328671 0.04743083003952569 0.1258741258741259
1 0.05533596837944664 0.8811188811188811 0.05533596837944664 0.10839160839160839
1 0.05138339920948617 0.7797202797202797 0.0533596837944664 0.10839160839160839
1 0.1067193675889328 0.7797202797202797 0.0691699604743083 0.15384615384615385
1 0.24703557312252963 0.7972027972027972 0.045454545454545456 0.13986013986013987
1 0.2865612648221344 0.6818181818181818 0.041501976284584984 0.15034965034965034
1 0.0691699604743083 0.6363636363636364 0.043478260869565216 0.14335664335664336
1 0.07509881422924901 0.583916083916084 0.039525691699604744 0.08041958041958042
1 0.6304347826086957 0.5629370629370629 0.039525691699604744 0.13286713286713286
1 0.7984189723320159 0.8041958041958042 0.06126482213438735 0.16433566433566432
1 0.5474308300395256 0.48951048951048953 0.03162055335968379 0.1048951048951049
1 0.4723320158102767 0.4370629370629371 0.02766798418972332 0.06993006993006994
1 0.233201581027668 0.527972027972028 0.02766798418972332 0.10839160839160839
1 0.2549407114624506 0.5664335664335665 0.03162055335968379 0.11188811188811189
1 0.18774703557312253 0.6013986013986014 0.03162055335968379 0.06643356643356643
1 0.24110671936758893 0.6363636363636364 0.03557312252964427 0.09090909090909091
1 0.15810276679841898 0.7027972027972028 0.037549407114624504 0.12237762237762238
1 0.2391304347826087 0.43356643356643354 0.021739130434782608 0.08041958041958042
1 0.16798418972332016 0.5244755244755245 0.023715415019762844 0.07692307692307693
2 0.32806324110671936 0.7027972027972028 0.11264822134387352 0.20279720279720279
2 0.2984189723320158 0.5384615384615384 0.09090909090909091 0.17482517482517482
2 0.26877470355731226 0.45454545454545453 0.07114624505928854 0.10839160839160839
2 0.18972332015810275 0.45104895104895104 0.05138339920948617 0.0979020979020979
2 0.2549407114624506 0.36713286713286714 0.05138339920948617 0.10139860139860139
2 0.31620553359683795 0.3706293706293706 0.04743083003952569 0.08391608391608392
2 0.3616600790513834 0.4405594405594406 0.045454545454545456 0.10839160839160839
2 0.38735177865612647 0.32167832167832167 0.06719367588932806 0.06643356643356643
2 0.575098814229249 0.33916083916083917 0.06719367588932806 0.07692307692307693
2 0.541501976284585 0.3146853146853147 0.0691699604743083 0.055944055944055944
3 0.2608695652173913 0.23076923076923078 0.05533596837944664 0.10139860139860139
4 0.4031620553359684 0.46153846153846156 0.09683794466403162 0.24475524475524477
4 0.49407114624505927 0.6258741258741258 0.15019762845849802 0.3321678321678322
1 0.13438735177865613 0.548951048951049 0.02766798418972332 0.07342657342657342
1 0.16996047430830039 0.3531468531468531 0.019762845849802372 0.06293706293706294
1 0.20553359683794467 0.35664335664335667 0.02766798418972332 0.06293706293706294
0 0.6758893280632411 0.4755244755244755 0.029644268774703556 0.1048951048951049
