1 0.07213438735177866 0.8496503496503497 0.04743083003952569 0.19230769230769232
1 0.17885375494071146 0.784965034965035 0.039525691699604744 0.16783216783216784
4 0.4841897233201581 0.6031468531468531 0.13636363636363635 0.3146853146853147
1 0.2608695652173913 0.8181818181818182 0.06126482213438735 0.2062937062937063
1 0.3241106719367589 0.7255244755244755 0.04940711462450593 0.16083916083916083
1 0.17490118577075098 0.5646853146853147 0.02766798418972332 0.11888111888111888
1 0.26679841897233203 0.6783216783216783 0.037549407114624504 0.14335664335664336
1 0.22134387351778656 0.6013986013986014 0.03359683794466403 0.13636363636363635
1 0.29150197628458496 0.6066433566433567 0.039525691699604744 0.13286713286713286
1 0.2855731225296443 0.5122377622377622 0.03557312252964427 0.1048951048951049
1 0.25395256916996045 0.493006993006993 0.03557312252964427 0.10839160839160839
1 0.4357707509881423 0.39335664335664333 0.03557312252964427 0.09090909090909091
1 0.6136363636363636 0.6206293706293706 0.05138339920948617 0.16783216783216784
1 0.5721343873517787 0.8181818181818182 0.05533596837944664 0.17832167832167833
1 0.15118577075098813 0.9195804195804196 0.07509881422924901 0.13636363636363635
1 0.6057312252964426 0.479020979020979 0.039525691699604744 0.12237762237762238
2 0.3942687747035573 0.3548951048951049 0.05928853754940711 0.0979020979020979
2 0.7322134387351779 0.8881118881118881 0.2015810276679842 0.2062937062937063
2 0.5306324110671937 0.38286713286713286 0.07905138339920949 0.11188811188811189
2 0.44762845849802374 0.9213286713286714 0.1422924901185771 0.13986013986013987
1 0.2183794466403162 0.4772727272727273 0.02766798418972332 0.1048951048951049
