1 0.10968379446640317 0.4527972027972028 0.043478260869565216 0.13986013986013987
1 0.12549407114624506 0.5262237762237763 0.05928853754940711 0.1993006993006993
1 0.16996047430830039 0.44755244755244755 0.029644268774703556 0.1258741258741259
1 0.21739130434782608 0.479020979020979 0.037549407114624504 0.11888111888111888
1 0.17292490118577075 0.4160839160839161 0.02766798418972332 0.08741258741258741
1 0.208498023715415 0.43356643356643354 0.03162055335968379 0.08741258741258741
1 0.2490118577075099 0.4737762237762238 0.029644268774703556 0.11188811188811189
1 0.17687747035573123 0.3916083916083916 0.023715415019762844 0.08391608391608392
1 0.5108695652173914 0.7115384615384616 0.03162055335968379 0.11538461538461539
1 0.46047430830039526 0.6381118881118881 0.021739130434782608 0.1048951048951049
1 0.7569169960474308 1.0524475524475525 0.06126482213438735 0.18181818181818182
1 0.25790513833992096 0.43356643356643354 0.023715415019762844 0.08041958041958042
1 0.34288537549407117 0.5122377622377622 0.019762845849802372 0.07692307692307693
2 0.5148221343873518 0.8234265734265734 0.13043478260869565 0.21678321678321677
4 0.3922924901185771 0.5734265734265734 0.07509881422924901 0.17482517482517482
2 0.3458498023715415 0.5034965034965035 0.04940711462450593 0.06993006993006994
1 0.4881422924901186 0.6486013986013986 0.025691699604743084 0.08041958041958042
3 0.35968379446640314 0.6468531468531469 0.18379446640316205 0.4405594405594406
