3 0.24110671936758893 0.3111888111888112 0.09881422924901186 0.2097902097902098
1 0.0533596837944664 0.8601398601398601 0.04743083003952569 0.13286713286713286
1 0.015810276679841896 0.6748251748251748 0.041501976284584984 0.15734265734265734
1 0.09288537549407115 0.7797202797202797 0.043478260869565216 0.1853146853146853
1 0.06324110671936758 0.6853146853146853 0.039525691699604744 0.14685314685314685
1 0.06719367588932806 0.6188811188811189 0.037549407114624504 0.1048951048951049
1 0.11462450592885376 0.6923076923076923 0.039525691699604744 0.13636363636363635
1 0.16205533596837945 0.7272727272727273 0.045454545454545456 0.11888111888111888
1 0.2648221343873518 0.7517482517482518 0.04940711462450593 0.1888111888111888
1 0.1225296442687747 0.6048951048951049 0.03557312252964427 0.11538461538461539
1 0.47035573122529645 0.4160839160839161 0.025691699604743084 0.08391608391608392
1 0.5335968379446641 0.5979020979020979 0.03162055335968379 0.13286713286713286
1 0.5592885375494071 0.5804195804195804 0.03162055335968379 0.14335664335664336
1 0.5652173913043478 0.486013986013986 0.025691699604743084 0.0979020979020979
1 0.5830039525691699 0.527972027972028 0.02766798418972332 0.1048951048951049
1 0.7035573122529645 0.506993006993007 0.03557312252964427 0.1048951048951049
1 0.6146245059288538 0.4160839160839161 0.017786561264822136 0.07692307692307693
1 0.17786561264822134 0.42657342657342656 0.025691699604743084 0.08741258741258741
1 0.15019762845849802 0.513986013986014 0.029644268774703556 0.1048951048951049
1 0.2509881422924901 0.493006993006993 0.019762845849802372 0.0944055944055944
1 0.39723320158102765 0.34615384615384615 0.021739130434782608 0.08741258741258741
2 0.16403162055335968 0.6223776223776224 0.08695652173913043 0.15384615384615385
2 0.18379446640316205 0.5034965034965035 0.0691699604743083 0.13636363636363635
2 0.31225296442687744 0.6118881118881119 0.11264822134387352 0.19230769230769232
2 0.2845849802371542 0.5034965034965035 0.08102766798418973 0.15034965034965034
2 0.37549407114624506 0.513986013986014 0.08893280632411067 0.13986013986013987
2 0.35968379446640314 0.45104895104895104 0.06126482213438735 0.0979020979020979
2 0.4367588932806324 0.6188811188811189 0.11067193675889328 0.17832167832167833
2 0.4782608695652174 0.5034965034965035 0.09683794466403162 0.13636363636363635
0 0.5059288537549407 0.36363636363636365 0.021739130434782608 0.08041958041958042
