1 0.08794466403162056 0.9283216783216783 0.043478260869565216 0.13286713286713286
1 0.23715415019762845 0.8881118881118881 0.04940711462450593 0.1853146853146853
1 0.16897233201581027 0.6625874125874126 0.043478260869565216 0.13286713286713286
1 0.1551383399209486 0.7674825174825175 0.043478260869565216 0.13286713286713286
1 0.15316205533596838 0.8828671328671329 0.043478260869565216 0.18181818181818182
1 0.09683794466403162 0.8234265734265734 0.037549407114624504 0.1258741258741259
1 0.11561264822134387 0.6940559440559441 0.043478260869565216 0.13286713286713286
1 0.10375494071146245 0.6136363636363636 0.03162055335968379 0.0979020979020979
1 0.18972332015810275 0.916083916083916 0.045454545454545456 0.14335664335664336
1 0.21739130434782608 0.7692307692307693 0.045454545454545456 0.14335664335664336
1 0.20454545454545456 0.6765734265734266 0.03162055335968379 0.11888111888111888
1 0.21936758893280633 0.6013986013986014 0.025691699604743084 0.11538461538461539
1 0.15118577075098813 0.534965034965035 0.02766798418972332 0.10139860139860139
1 0.1907114624505929 0.5174825174825175 0.02766798418972332 0.10139860139860139
1 0.5059288537549407 0.5384615384615384 0.03359683794466403 0.12237762237762238
1 0.5612648221343873 0.5367132867132867 0.041501976284584984 0.11188811188811189
1 0.8013833992094862 0.9265734265734266 0.05928853754940711 0.12237762237762238
1 0.7490118577075099 0.8531468531468531 0.05731225296442688 0.2062937062937063
1 0.633399209486166 0.708041958041958 0.05138339920948617 0.16783216783216784
1 0.8201581027667985 0.6695804195804196 0.03359683794466403 0.11888111888111888
0 0.6294466403162056 0.5437062937062938 0.03162055335968379 0.1048951048951049
3 0.21739130434782608 0.42657342657342656 0.0533596837944664 0.12937062937062938
2 0.308300395256917 0.7185314685314685 0.1007905138339921 0.2097902097902098
2 0.3201581027667984 0.6153846153846154 0.08102766798418973 0.12937062937062938
2 0.4515810276679842 0.5961538461538461 0.09090909090909091 0.16083916083916083
2 0.49308300395256915 0.7062937062937062 0.09881422924901186 0.17132867132867133
2 0.30237154150197626 0.5384615384615384 0.07707509881422925 0.12937062937062938
2 0.3824110671936759 0.4737762237762238 0.06324110671936758 0.0979020979020979
2 0.44861660079051385 0.43356643356643354 0.06126482213438735 0.0944055944055944
2 0.41106719367588934 0.38461538461538464 0.06126482213438735 0.0944055944055944
2 0.6136363636363636 0.9020979020979021 0.1857707509881423 0.17832167832167833
3 0.22826086956521738 0.256993006993007 0.03557312252964427 0.06993006993006994
