1 0.09486166007905138 0.8426573426573427 0.06126482213438735 0.15384615384615385
1 0.009881422924901186 0.8076923076923077 0.05138339920948617 0.16783216783216784
1 0.02766798418972332 0.7307692307692307 0.045454545454545456 0.13986013986013987
1 0.11067193675889328 0.7272727272727273 0.04743083003952569 0.16433566433566432
1 0.12845849802371542 0.6118881118881119 0.041501976284584984 0.1258741258741259
1 0.18379446640316205 0.6223776223776224 0.045454545454545456 0.15034965034965034
1 0.23715415019762845 0.6223776223776224 0.03557312252964427 0.13986013986013987
1 0.07905138339920949 0.5314685314685315 0.039525691699604744 0.1258741258741259
1 0.12845849802371542 0.5104895104895105 0.037549407114624504 0.12237762237762238
1 0.191699604743083 0.5244755244755245 0.029644268774703556 0.10139860139860139
1 0.116600790513834 0.4230769230769231 0.03557312252964427 0.10839160839160839
1 0.18181818181818182 0.3881118881118881 0.03162055335968379 0.08391608391608392
1 0.15019762845849802 0.4020979020979021 0.03359683794466403 0.06643356643356643
1 0.549407114624506 0.5769230769230769 0.04940711462450593 0.12937062937062938
1 0.6620553359683794 0.7657342657342657 0.045454545454545456 0.16083916083916083
1 0.733201581027668 0.8006993006993007 0.07312252964426877 0.1888111888111888
1 0.466403162055336 0.4160839160839161 0.023715415019762844 0.08041958041958042
1 0.43873517786561267 0.3811188811188811 0.025691699604743084 0.09090909090909091
1 0.16403162055335968 0.32517482517482516 0.019762845849802372 0.06643356643356643
1 0.5711462450592886 0.3181818181818182 0.045454545454545456 0.08041958041958042
1 0.6185770750988142 0.4125874125874126 0.02766798418972332 0.0944055944055944
2 0.44466403162055335 0.6083916083916084 0.10474308300395258 0.18181818181818182
2 0.5296442687747036 0.7657342657342657 0.191699604743083 0.22727272727272727
2 0.3675889328063241 0.46853146853146854 0.06126482213438735 0.08741258741258741
2 0.4031620553359684 0.5244755244755245 0.07905138339920949 0.11538461538461539
2 0.31225296442687744 0.36363636363636365 0.05928853754940711 0.09090909090909091
2 0.33992094861660077 0.3041958041958042 0.04743083003952569 0.06293706293706294
2 0.2984189723320158 0.24825174825174826 0.023715415019762844 0.03496503496503497
2 0.30237154150197626 0.3181818181818182 0.039525691699604744 0.06293706293706294
3 0.2727272727272727 0.2692307692307692 0.045454545454545456 0.0944055944055944
3 0.2075098814229249 0.3531468531468531 0.08498023715415019 0.16783216783216784
3 0.2885375494071146 0.4965034965034965 0.1857707509881423 0.46853146853146854
4 0.2549407114624506 0.5314685314685315 0.037549407114624504 0.1258741258741259
1 0.16403162055335968 0.8566433566433567 0.0533596837944664 0.13636363636363635
1 0.22529644268774704 0.8776223776223776 0.0691699604743083 0.11188811188811189
