1 0.3932806324110672 0.7447552447552448 0.045454545454545456 0.1853146853146853
1 0.40217391304347827 0.7027972027972028 0.03557312252964427 0.14685314685314685
1 0.325098814229249 0.6276223776223776 0.03162055335968379 0.15384615384615385
1 0.35375494071146246 0.6328671328671329 0.03359683794466403 0.15034965034965034
1 0.3181818181818182 0.5909090909090909 0.029644268774703556 0.10839160839160839
1 0.3231225296442688 0.5541958041958042 0.03162055335968379 0.11538461538461539
1 0.2865612648221344 0.4982517482517482 0.029644268774703556 0.10139860139860139
1 0.10177865612648221 0.40384615384615385 0.03162055335968379 0.09090909090909091
1 0.09881422924901186 0.43356643356643354 0.03359683794466403 0.12237762237762238
1 0.16699604743083005 0.36363636363636365 0.023715415019762844 0.09090909090909091
1 0.14525691699604742 0.36013986013986016 0.023715415019762844 0.08391608391608392
1 0.22826086956521738 0.4125874125874126 0.043478260869565216 0.08041958041958042
2 0.549407114624506 0.9545454545454546 0.17193675889328064 0.2097902097902098
2 0.7104743083003953 1.0472027972027973 0.15019762845849802 0.19230769230769232
2 0.28063241106719367 0.4597902097902098 0.05731225296442688 0.0979020979020979
2 0.34782608695652173 0.5227272727272727 0.04940711462450593 0.07692307692307693
2 0.38636363636363635 0.6048951048951049 0.07509881422924901 0.13636363636363635
2 0.32806324110671936 0.48426573426573427 0.045454545454545456 0.06293706293706294
3 0.4881422924901186 0.7587412587412588 0.15217391304347827 0.2727272727272727
2 0.5889328063241107 0.722027972027972 0.0691699604743083 0.08391608391608392
3 0.19268774703557312 0.29895104895104896 0.043478260869565216 0.07692307692307693
1 0.2391304347826087 0.3776223776223776 0.021739130434782608 0.05244755244755245
