0 0.06422924901185771 0.784965034965035 0.03162055335968379 0.14685314685314685
1 0.11264822134387352 0.763986013986014 0.041501976284584984 0.13286713286713286
1 0.1590909090909091 0.9143356643356644 0.043478260869565216 0.13286713286713286
1 0.13636363636363635 0.8251748251748252 0.041501976284584984 0.12937062937062938
1 0.1966403162055336 0.8828671328671329 0.043478260869565216 0.1888111888111888
1 0.2450592885375494 0.8986013986013986 0.04940711462450593 0.16433566433566432
1 0.16600790513833993 0.7395104895104895 0.037549407114624504 0.16083916083916083
1 0.1442687747035573 0.6888111888111889 0.029644268774703556 0.13636363636363635
1 0.23023715415019763 0.7447552447552448 0.04743083003952569 0.15734265734265734
1 0.1907114624505929 0.6363636363636364 0.03557312252964427 0.12937062937062938
1 0.1422924901185771 0.6013986013986014 0.03359683794466403 0.10839160839160839
1 0.1422924901185771 0.5332167832167832 0.037549407114624504 0.06293706293706294
1 0.18873517786561264 0.527972027972028 0.02766798418972332 0.10139860139860139
1 0.2183794466403162 0.5576923076923077 0.02766798418972332 0.0979020979020979
1 0.24209486166007904 0.513986013986014 0.02766798418972332 0.0944055944055944
1 0.2183794466403162 0.4965034965034965 0.023715415019762844 0.05944055944055944
1 0.15612648221343872 0.4370629370629371 0.029644268774703556 0.08041958041958042
1 0.21047430830039526 0.4178321678321678 0.019762845849802372 0.07692307692307693
1 0.19367588932806323 0.4020979020979021 0.021739130434782608 0.08041958041958042
1 0.22826086956521738 0.42132867132867136 0.023715415019762844 0.07692307692307693
1 0.24604743083003952 0.4178321678321678 0.02766798418972332 0.09090909090909091
1 0.3221343873517787 0.46678321678321677 0.021739130434782608 0.09090909090909091
1 0.6067193675889329 0.41083916083916083 0.03359683794466403 0.1048951048951049
1 0.45454545454545453 0.756993006993007 0.041501976284584984 0.15384615384615385
1 0.5207509881422925 0.736013986013986 0.05138339920948617 0.16083916083916083
1 0.6492094861660079 0.722027972027972 0.04743083003952569 0.15384615384615385
2 0.34782608695652173 0.4020979020979021 0.045454545454545456 0.08041958041958042
2 0.2776679841897233 0.3986013986013986 0.05138339920948617 0.10839160839160839
2 0.4041501976284585 0.493006993006993 0.07114624505928854 0.11538461538461539
2 0.3191699604743083 0.3548951048951049 0.03557312252964427 0.055944055944055944
2 0.3883399209486166 0.3811188811188811 0.04743083003952569 0.06643356643356643
2 0.37648221343873517 0.3304195804195804 0.05533596837944664 0.06293706293706294
2 0.4258893280632411 0.6433566433566433 0.1225296442687747 0.19230769230769232
2 0.42391304347826086 0.8671328671328671 0.1541501976284585 0.25524475524475526
2 0.6343873517786561 0.8706293706293706 0.191699604743083 0.24125874125874125
2 0.2737154150197628 0.29895104895104896 0.02766798418972332 0.04895104895104895
2 0.24703557312252963 0.32342657342657344 0.017786561264822136 0.055944055944055944
2 0.22727272727272727 0.3129370629370629 0.01383399209486166 0.04195804195804196
2 0.20652173913043478 0.3304195804195804 0.03162055335968379 0.07692307692307693
3 0.33201581027667987 0.2902097902097902 0.05731225296442688 0.10839160839160839
