1 0.06225296442687747 0.8776223776223776 0.05138339920948617 0.2202797202797203
1 0.1857707509881423 0.8321678321678322 0.045454545454545456 0.16433566433566432
1 0.23122529644268774 0.9073426573426573 0.037549407114624504 0.16083916083916083
1 0.2885375494071146 0.9125874125874126 0.05731225296442688 0.15734265734265734
1 0.2756916996047431 0.7377622377622378 0.03557312252964427 0.14335664335664336
1 0.2075098814229249 0.7202797202797203 0.03359683794466403 0.14335664335664336
1 0.16996047430830039 0.6486013986013986 0.029644268774703556 0.1258741258741259
2 0.3685770750988142 0.7814685314685315 0.11067193675889328 0.24475524475524477
1 0.2717391304347826 0.6416083916083916 0.03557312252964427 0.0979020979020979
1 0.23023715415019763 0.6678321678321678 0.03162055335968379 0.15034965034965034
1 0.19861660079051383 0.6048951048951049 0.023715415019762844 0.0944055944055944
1 0.12944664031620554 0.541958041958042 0.02766798418972332 0.10839160839160839
1 0.1482213438735178 0.5996503496503497 0.037549407114624504 0.1258741258741259
1 0.6689723320158103 0.6590909090909091 0.03557312252964427 0.1258741258741259
1 0.6630434782608695 0.5751748251748252 0.039525691699604744 0.1048951048951049
1 0.31719367588932806 0.46678321678321677 0.019762845849802372 0.09090909090909091
1 0.191699604743083 0.5174825174825175 0.037549407114624504 0.0944055944055944
1 0.13636363636363635 0.42657342657342656 0.021739130434782608 0.0944055944055944
1 0.26877470355731226 0.42132867132867136 0.021739130434782608 0.09090909090909091
1 0.2341897233201581 0.5384615384615384 0.023715415019762844 0.08741258741258741
2 0.32707509881422925 0.5961538461538461 0.07905138339920949 0.13286713286713286
2 0.5632411067193676 0.8618881118881119 0.1600790513833992 0.25874125874125875
2 0.5 0.6905594405594405 0.11264822134387352 0.15384615384615385
2 0.4140316205533597 0.5734265734265734 0.07905138339920949 0.12237762237762238
2 0.36561264822134387 0.4562937062937063 0.06126482213438735 0.1048951048951049
2 0.3211462450592885 0.39335664335664333 0.043478260869565216 0.06993006993006994
2 0.43873517786561267 0.42657342657342656 0.04940711462450593 0.0944055944055944
3 0.532608695652174 0.4825174825174825 0.16205533596837945 0.3041958041958042
0 0.6343873517786561 0.4370629370629371 0.017786561264822136 0.08041958041958042
2 0.6492094861660079 0.32342657342657344 0.05138339920948617 0.06293706293706294
2 0.16106719367588934 0.3181818181818182 0.03557312252964427 0.05244755244755245
