1 0.007905138339920948 0.8741258741258742 0.03162055335968379 0.11888111888111888
1 0.04940711462450593 0.8251748251748252 0.03359683794466403 0.15384615384615385
1 0.05928853754940711 0.8951048951048951 0.04940711462450593 0.0979020979020979
1 0.03557312252964427 0.7307692307692307 0.045454545454545456 0.13636363636363635
1 0.1007905138339921 0.8461538461538461 0.03359683794466403 0.14685314685314685
1 0.16205533596837945 0.8391608391608392 0.04743083003952569 0.15034965034965034
1 0.13043478260869565 0.8881118881118881 0.039525691699604744 0.10839160839160839
1 0.21541501976284586 0.8741258741258742 0.043478260869565216 0.11888111888111888
1 0.274703557312253 0.8286713286713286 0.05138339920948617 0.16433566433566432
1 0.08300395256916997 0.7727272727272727 0.043478260869565216 0.11888111888111888
1 0.1225296442687747 0.7307692307692307 0.041501976284584984 0.15034965034965034
1 0.1600790513833992 0.7412587412587412 0.045454545454545456 0.13636363636363635
1 0.09288537549407115 0.6678321678321678 0.037549407114624504 0.11538461538461539
1 0.05928853754940711 0.5909090909090909 0.039525691699604744 0.13286713286713286
1 0.10869565217391304 0.6118881118881119 0.02766798418972332 0.09090909090909091
1 0.1324110671936759 0.6328671328671329 0.029644268774703556 0.11538461538461539
1 0.16205533596837945 0.6433566433566433 0.039525691699604744 0.10839160839160839
1 0.191699604743083 0.6923076923076923 0.039525691699604744 0.14335664335664336
1 0.1442687747035573 0.5209790209790209 0.02766798418972332 0.1048951048951049
1 0.17193675889328064 0.5594405594405595 0.03359683794466403 0.09090909090909091
1 0.20948616600790515 0.5804195804195804 0.03359683794466403 0.13636363636363635
1 0.07707509881422925 0.5244755244755245 0.03557312252964427 0.1048951048951049
1 0.6818181818181818 0.6608391608391608 0.05533596837944664 0.13986013986013987
1 0.6363636363636364 0.527972027972028 0.037549407114624504 0.11188811188811189
1 0.5830039525691699 0.3881118881118881 0.029644268774703556 0.08391608391608392
1 0.7154150197628458 0.5664335664335665 0.0533596837944664 0.11888111888111888
2 0.5375494071146245 0.7902097902097902 0.17984189723320157 0.20279720279720279
4 0.4268774703557312 0.513986013986014 0.16600790513833993 0.35664335664335667
3 0.3794466403162055 0.36363636363636365 0.14624505928853754 0.3111888111888112
2 0.233201581027668 0.6713286713286714 0.10869565217391304 0.23776223776223776
2 0.23122529644268774 0.5209790209790209 0.0691699604743083 0.1048951048951049
2 0.24703557312252963 0.5979020979020979 0.08102766798418973 0.10839160839160839
2 0.2549407114624506 0.46153846153846156 0.07114624505928854 0.11538461538461539
2 0.25296442687747034 0.40559440559440557 0.05533596837944664 0.09090909090909091
2 0.24308300395256918 0.34265734265734266 0.04743083003952569 0.07342657342657342
2 0.3359683794466403 0.40559440559440557 0.0533596837944664 0.11888111888111888
2 0.5237154150197628 0.4755244755244755 0.06719367588932806 0.12237762237762238
