3 0.22430830039525693 0.6188811188811189 0.11857707509881422 0.34615384615384615
3 0.45454545454545453 0.8496503496503497 0.24703557312252963 0.28321678321678323
2 0.5424901185770751 0.7867132867132867 0.1225296442687747 0.16433566433566432
2 0.45652173913043476 0.6311188811188811 0.10474308300395258 0.15384615384615385
2 0.2974308300395257 0.46153846153846156 0.05138339920948617 0.10839160839160839
2 0.3942687747035573 0.49475524475524474 0.06324110671936758 0.08391608391608392
2 0.4209486166007905 0.5646853146853147 0.06521739130434782 0.1048951048951049
2 0.43280632411067194 0.40559440559440557 0.06126482213438735 0.08741258741258741
2 0.36561264822134387 0.4458041958041958 0.06126482213438735 0.11188811188811189
2 0.2598814229249012 0.3706293706293706 0.043478260869565216 0.07342657342657342
2 0.30533596837944665 0.3531468531468531 0.03162055335968379 0.05244755244755245
1 0.06521739130434782 0.8741258741258742 0.04940711462450593 0.19230769230769232
1 0.10968379446640317 0.9055944055944056 0.03557312252964427 0.14335664335664336
1 0.1432806324110672 0.8531468531468531 0.039525691699604744 0.15034965034965034
1 0.1225296442687747 0.7902097902097902 0.037549407114624504 0.10839160839160839
1 0.191699604743083 0.8059440559440559 0.03359683794466403 0.06993006993006994
1 0.19367588932806323 0.8741258741258742 0.037549407114624504 0.08041958041958042
1 0.2391304347826087 0.8356643356643356 0.041501976284584984 0.13636363636363635
1 0.29347826086956524 0.8828671328671329 0.05138339920948617 0.17482517482517482
1 0.12648221343873517 0.7290209790209791 0.03359683794466403 0.09090909090909091
1 0.09387351778656126 0.6765734265734266 0.02766798418972332 0.11188811188811189
1 0.1432806324110672 0.6503496503496503 0.03557312252964427 0.10839160839160839
1 0.36561264822134387 0.6136363636363636 0.0533596837944664 0.11188811188811189
1 0.5454545454545454 0.6013986013986014 0.03359683794466403 0.12937062937062938
1 0.5484189723320159 0.44755244755244755 0.03162055335968379 0.08741258741258741
1 0.5820158102766798 0.4353146853146853 0.023715415019762844 0.0979020979020979
1 0.5958498023715415 0.48776223776223776 0.023715415019762844 0.08391608391608392
1 0.6274703557312253 0.4825174825174825 0.03162055335968379 0.08741258741258741
