1 0.011857707509881422 0.8286713286713286 0.05138339920948617 0.16433566433566432
1 0.03557312252964427 0.7517482517482518 0.039525691699604744 0.10839160839160839
1 0.191699604743083 0.6853146853146853 0.03162055335968379 0.0979020979020979
1 0.16600790513833993 0.5699300699300699 0.03162055335968379 0.11888111888111888
1 0.5316205533596838 0.541958041958042 0.03162055335968379 0.11888111888111888
1 0.6007905138339921 0.7027972027972028 0.05138339920948617 0.16433566433566432
1 0.6640316205533597 0.7552447552447552 0.04940711462450593 0.18181818181818182
1 0.12055335968379446 0.7902097902097902 0.05138339920948617 0.16433566433566432
1 0.10869565217391304 0.8986013986013986 0.041501976284584984 0.0944055944055944
1 0.08300395256916997 0.7377622377622378 0.039525691699604744 0.14685314685314685
1 0.05138339920948617 0.8741258741258742 0.041501976284584984 0.11888111888111888
1 0.5138339920948617 0.33916083916083917 0.02766798418972332 0.07342657342657342
1 0.07905138339920949 0.6328671328671329 0.029644268774703556 0.11188811188811189
1 0.10869565217391304 0.6748251748251748 0.029644268774703556 0.11188811188811189
1 0.22134387351778656 0.4405594405594406 0.02766798418972332 0.08741258741258741
3 0.16996047430830039 0.7622377622377622 0.15019762845849802 0.23076923076923078
2 0.3300395256916996 0.7062937062937062 0.12055335968379446 0.25874125874125875
2 0.2885375494071146 0.6293706293706294 0.07905138339920949 0.17482517482517482
2 0.44466403162055335 0.6118881118881119 0.08893280632411067 0.16433566433566432
2 0.48221343873517786 0.7097902097902098 0.16205533596837945 0.2727272727272727
2 0.1976284584980237 0.5524475524475524 0.07905138339920949 0.17482517482517482
2 0.26679841897233203 0.5174825174825175 0.07707509881422925 0.12237762237762238
2 0.39723320158102765 0.5314685314685315 0.08893280632411067 0.14335664335664336
2 0.3695652173913043 0.4825174825174825 0.07114624505928854 0.1048951048951049
2 0.4762845849802372 0.43006993006993005 0.07114624505928854 0.1048951048951049
2 0.391304347826087 0.4020979020979021 0.07114624505928854 0.1048951048951049
3 0.25296442687747034 0.38461538461538464 0.07312252964426877 0.17832167832167833
3 0.3221343873517787 0.4090909090909091 0.06324110671936758 0.12237762237762238
2 0.3715415019762846 0.3321678321678322 0.04743083003952569 0.06643356643356643
4 0.5691699604743083 0.38461538461538464 0.07509881422924901 0.14685314685314685
4 0.5770750988142292 0.513986013986014 0.12055335968379446 0.20279720279720279
