1 0.0533596837944664 0.8041958041958042 0.07114624505928854 0.16433566433566432
1 0.07707509881422925 0.5769230769230769 0.039525691699604744 0.13986013986013987
1 0.09288537549407115 0.513986013986014 0.037549407114624504 0.13636363636363635
1 0.1383399209486166 0.5104895104895105 0.03557312252964427 0.13286713286713286
1 0.23122529644268774 0.5734265734265734 0.043478260869565216 0.13636363636363635
1 0.3557312252964427 0.6153846153846154 0.05731225296442688 0.13986013986013987
1 0.424901185770751 0.6923076923076923 0.03557312252964427 0.1888111888111888
1 0.45849802371541504 0.4405594405594406 0.03162055335968379 0.0944055944055944
1 0.5118577075098815 0.45454545454545453 0.029644268774703556 0.1258741258741259
1 0.567193675889328 0.44405594405594406 0.037549407114624504 0.11538461538461539
1 0.4505928853754941 0.3741258741258741 0.025691699604743084 0.08391608391608392
1 0.7272727272727273 0.5454545454545454 0.043478260869565216 0.15034965034965034
1 0.6699604743083004 0.7867132867132867 0.07312252964426877 0.17832167832167833
1 0.733201581027668 0.6783216783216783 0.04940711462450593 0.13636363636363635
1 0.16996047430830039 0.4125874125874126 0.03162055335968379 0.07342657342657342
1 0.22134387351778656 0.4160839160839161 0.021739130434782608 0.07342657342657342
2 0.2648221343873518 0.4125874125874126 0.0533596837944664 0.12937062937062938
2 0.3557312252964427 0.47202797202797203 0.10276679841897234 0.0944055944055944
2 0.38735177865612647 0.5314685314685315 0.05731225296442688 0.14335664335664336
2 0.5968379446640316 0.6188811188811189 0.14031620553359683 0.23426573426573427
2 0.5 0.7832167832167832 0.16798418972332016 0.21328671328671328
3 0.4407114624505929 0.5804195804195804 0.1442687747035573 0.28321678321678323
2 0.26679841897233203 0.2972027972027972 0.037549407114624504 0.07342657342657342
2 0.35375494071146246 0.3111888111888112 0.05928853754940711 0.06293706293706294
2 0.5118577075098815 0.3181818181818182 0.08695652173913043 0.06293706293706294
