1 0.12549407114624506 0.9300699300699301 0.05138339920948617 0.12937062937062938
1 0.2391304347826087 0.9283216783216783 0.06126482213438735 0.1258741258741259
1 0.32806324110671936 0.965034965034965 0.037549407114624504 0.05244755244755245
1 0.10770750988142293 0.6975524475524476 0.043478260869565216 0.13286713286713286
1 0.1857707509881423 0.763986013986014 0.041501976284584984 0.14685314685314685
1 0.2440711462450593 0.7744755244755245 0.039525691699604744 0.16083916083916083
1 0.15316205533596838 0.6346153846153846 0.03162055335968379 0.1258741258741259
1 0.18774703557312253 0.6643356643356644 0.041501976284584984 0.12237762237762238
1 0.25790513833992096 0.6346153846153846 0.04743083003952569 0.13286713286713286
1 0.18774703557312253 0.5384615384615384 0.03359683794466403 0.10839160839160839
2 0.37450592885375494 0.736013986013986 0.11067193675889328 0.21678321678321677
1 0.5069169960474308 0.7657342657342657 0.04743083003952569 0.16433566433566432
1 0.6669960474308301 0.6538461538461539 0.043478260869565216 0.10139860139860139
1 0.5059288537549407 0.5297202797202797 0.041501976284584984 0.0979020979020979
1 0.45553359683794464 0.4388111888111888 0.02766798418972332 0.08391608391608392
1 0.5958498023715415 0.4423076923076923 0.023715415019762844 0.07692307692307693
1 0.2440711462450593 0.42482517482517484 0.043478260869565216 0.06993006993006994
1 0.2134387351778656 0.4353146853146853 0.041501976284584984 0.08391608391608392
1 0.1857707509881423 0.42482517482517484 0.029644268774703556 0.08391608391608392
1 0.13932806324110672 0.4388111888111888 0.02766798418972332 0.07692307692307693
1 0.6343873517786561 0.4020979020979021 0.029644268774703556 0.08041958041958042
2 0.4634387351778656 0.6188811188811189 0.11067193675889328 0.17132867132867133
2 0.6610671936758893 0.7814685314685315 0.15019762845849802 0.17482517482517482
2 0.30039525691699603 0.5034965034965035 0.06521739130434782 0.13636363636363635
2 0.38438735177865613 0.5017482517482518 0.07114624505928854 0.11188811188811189
3 0.5335968379446641 0.38286713286713286 0.09288537549407115 0.11888111888111888
2 0.35079051383399207 0.41083916083916083 0.05138339920948617 0.07692307692307693
4 0.28063241106719367 0.3706293706293706 0.06126482213438735 0.10139860139860139
2 0.32806324110671936 0.36713286713286714 0.041501976284584984 0.05944055944055944
3 0.30335968379446643 0.291958041958042 0.06719367588932806 0.1258741258741259
0 0.058300395256917 0.5524475524475524 0.02766798418972332 0.0944055944055944
3 0.21442687747035574 0.24475524475524477 0.03557312252964427 0.07342657342657342
2 0.16403162055335968 0.31643356643356646 0.03359683794466403 0.055944055944055944
1 0.21739130434782608 0.36538461538461536 0.025691699604743084 0.055944055944055944
