1 0.31719367588932806 0.8706293706293706 0.043478260869565216 0.2062937062937063
1 0.08893280632411067 0.8601398601398601 0.041501976284584984 0.16433566433566432
1 0.045454545454545456 0.8793706293706294 0.045454545454545456 0.20279720279720279
1 0.2964426877470356 0.6818181818181818 0.03359683794466403 0.14335664335664336
1 0.24209486166007904 0.6870629370629371 0.03557312252964427 0.13286713286713286
1 0.2124505928853755 0.6573426573426573 0.02766798418972332 0.13636363636363635
1 0.1808300395256917 0.6853146853146853 0.043478260869565216 0.12237762237762238
1 0.6086956521739131 0.5297202797202797 0.029644268774703556 0.11888111888111888
1 0.2598814229249012 0.5646853146853147 0.03162055335968379 0.11188811188811189
1 0.15810276679841898 0.5821678321678322 0.029644268774703556 0.11188811188811189
1 0.20553359683794467 0.5506993006993007 0.03359683794466403 0.0979020979020979
1 0.10375494071146245 0.6136363636363636 0.02766798418972332 0.1048951048951049
1 0.08201581027667984 0.6888111888111889 0.02766798418972332 0.07342657342657342
1 0.15217391304347827 0.4125874125874126 0.017786561264822136 0.07342657342657342
1 0.17588932806324112 0.4458041958041958 0.025691699604743084 0.07692307692307693
1 0.25296442687747034 0.479020979020979 0.021739130434782608 0.07342657342657342
2 0.2756916996047431 0.4388111888111888 0.04743083003952569 0.08391608391608392
1 0.3201581027667984 0.47027972027972026 0.025691699604743084 0.08391608391608392
3 0.17687747035573123 0.8706293706293706 0.17391304347826086 0.24125874125874125
3 0.3339920948616601 0.38461538461538464 0.0533596837944664 0.0944055944055944
3 0.5098814229249012 0.666083916083916 0.15612648221343872 0.3006993006993007
3 0.4308300395256917 0.506993006993007 0.11264822134387352 0.21328671328671328
2 0.6086956521739131 0.8636363636363636 0.17193675889328064 0.25524475524475526
2 0.4160079051383399 0.8548951048951049 0.12648221343873517 0.26573426573426573
2 0.3685770750988142 0.6783216783216783 0.09486166007905138 0.1853146853146853
2 0.3300395256916996 0.5979020979020979 0.07707509881422925 0.12937062937062938
3 0.23122529644268774 0.2937062937062937 0.041501976284584984 0.10139860139860139
2 0.49308300395256915 0.3513986013986014 0.07905138339920949 0.06993006993006994
0 0.024703557312252964 0.6363636363636364 0.02766798418972332 0.12937062937062938
0 0.7559288537549407 0.5769230769230769 0.02766798418972332 0.12937062937062938
