1 0.03162055335968379 0.9195804195804196 0.04940711462450593 0.14335664335664336
1 0.0800395256916996 0.8024475524475524 0.039525691699604744 0.16783216783216784
1 0.1225296442687747 0.6555944055944056 0.03359683794466403 0.11188811188811189
1 0.12450592885375494 0.7447552447552448 0.03359683794466403 0.12237762237762238
1 0.18675889328063242 0.6730769230769231 0.03557312252964427 0.11188811188811189
1 0.26383399209486164 0.7412587412587412 0.039525691699604744 0.15734265734265734
1 0.2015810276679842 0.5699300699300699 0.037549407114624504 0.0944055944055944
1 0.1600790513833992 0.9283216783216783 0.037549407114624504 0.1258741258741259
1 0.2015810276679842 0.9125874125874126 0.041501976284584984 0.15734265734265734
1 0.25395256916996045 0.9108391608391608 0.06324110671936758 0.16083916083916083
1 0.5059288537549407 0.9265734265734266 0.0533596837944664 0.12937062937062938
1 0.15612648221343872 0.48951048951048953 0.029644268774703556 0.10139860139860139
1 0.2025691699604743 0.48951048951048953 0.02766798418972332 0.0944055944055944
0 0.741106719367589 0.5961538461538461 0.029644268774703556 0.1048951048951049
2 0.6195652173913043 0.9370629370629371 0.1541501976284585 0.10839160839160839
2 0.5513833992094862 0.8304195804195804 0.1324110671936759 0.20279720279720279
2 0.40711462450592883 0.8426573426573427 0.11264822134387352 0.1993006993006993
2 0.3468379446640316 0.7255244755244755 0.11067193675889328 0.21678321678321677
2 0.4723320158102767 0.6748251748251748 0.10869565217391304 0.17832167832167833
2 0.5553359683794467 0.6188811188811189 0.09288537549407115 0.14335664335664336
2 0.31521739130434784 0.5769230769230769 0.07509881422924901 0.0944055944055944
2 0.30237154150197626 0.5192307692307693 0.05731225296442688 0.09090909090909091
2 0.4209486166007905 0.5891608391608392 0.08102766798418973 0.1258741258741259
2 0.42193675889328064 0.513986013986014 0.08695652173913043 0.10839160839160839
2 0.283596837944664 0.4527972027972028 0.05533596837944664 0.1048951048951049
2 0.33893280632411066 0.40034965034965037 0.04743083003952569 0.07692307692307693
3 0.49209486166007904 0.44755244755244755 0.12450592885375494 0.1993006993006993
0 0.08201581027667984 0.5192307692307693 0.023715415019762844 0.1048951048951049
