1 0.14031620553359683 0.9283216783216783 0.04940711462450593 0.1258741258741259
1 0.10869565217391304 0.5734265734265734 0.03359683794466403 0.12237762237762238
1 0.16699604743083005 0.6101398601398601 0.02766798418972332 0.11888111888111888
1 0.17193675889328064 0.5262237762237763 0.03359683794466403 0.07692307692307693
1 0.2134387351778656 0.506993006993007 0.029644268774703556 0.0944055944055944
1 0.3567193675889328 0.6048951048951049 0.02766798418972332 0.12937062937062938
1 0.47134387351778656 0.8618881118881119 0.039525691699604744 0.18181818181818182
1 0.6877470355731226 0.7797202797202797 0.04940711462450593 0.17132867132867133
1 0.4654150197628458 0.5332167832167832 0.02766798418972332 0.1048951048951049
1 0.4673913043478261 0.45454545454545453 0.023715415019762844 0.08741258741258741
1 0.22826086956521738 0.42832167832167833 0.05138339920948617 0.07692307692307693
2 0.2974308300395257 0.5402097902097902 0.07114624505928854 0.16083916083916083
2 0.42391304347826086 0.6590909090909091 0.10276679841897234 0.20279720279720279
2 0.39920948616600793 0.49125874125874125 0.06521739130434782 0.0979020979020979
2 0.3409090909090909 0.42132867132867136 0.05138339920948617 0.09090909090909091
2 0.2826086956521739 0.4388111888111888 0.0533596837944664 0.09090909090909091
0 0.6027667984189723 0.5332167832167832 0.021739130434782608 0.11188811188811189
