1 0.05237154150197629 0.9178321678321678 0.039525691699604744 0.13986013986013987
1 0.09486166007905138 0.9265734265734266 0.045454545454545456 0.12237762237762238
1 0.1422924901185771 0.9440559440559441 0.037549407114624504 0.10139860139860139
1 0.18280632411067194 0.9493006993006993 0.039525691699604744 0.09090909090909091
1 0.2450592885375494 0.958041958041958 0.037549407114624504 0.06643356643356643
1 0.23517786561264822 0.8828671328671329 0.0533596837944664 0.13286713286713286
1 0.08893280632411067 0.8531468531468531 0.037549407114624504 0.10139860139860139
1 0.046442687747035576 0.798951048951049 0.039525691699604744 0.13286713286713286
1 0.0691699604743083 0.708041958041958 0.037549407114624504 0.13986013986013987
1 0.10770750988142293 0.6800699300699301 0.039525691699604744 0.09090909090909091
1 0.10276679841897234 0.7884615384615384 0.029644268774703556 0.11888111888111888
1 0.1857707509881423 0.6870629370629371 0.025691699604743084 0.0979020979020979
1 0.1482213438735178 0.6905594405594405 0.037549407114624504 0.11888111888111888
1 0.23023715415019763 0.7395104895104895 0.039525691699604744 0.13286713286713286
1 0.26778656126482214 0.6678321678321678 0.039525691699604744 0.12937062937062938
1 0.233201581027668 0.6783216783216783 0.041501976284584984 0.12937062937062938
1 0.4397233201581028 0.7972027972027972 0.039525691699604744 0.16433566433566432
1 0.4743083003952569 0.8968531468531469 0.0533596837944664 0.18181818181818182
1 0.6630434782608695 0.8024475524475524 0.04743083003952569 0.14685314685314685
1 0.7727272727272727 0.6503496503496503 0.045454545454545456 0.12937062937062938
1 0.508893280632411 0.48951048951048953 0.02766798418972332 0.05944055944055944
1 0.4980237154150198 0.4493006993006993 0.025691699604743084 0.06993006993006994
1 0.44762845849802374 0.4772727272727273 0.03162055335968379 0.1048951048951049
1 0.3181818181818182 0.486013986013986 0.017786561264822136 0.05244755244755245
1 0.1067193675889328 0.5909090909090909 0.03359683794466403 0.08741258741258741
1 0.14525691699604742 0.5804195804195804 0.03557312252964427 0.0944055944055944
1 0.15217391304347827 0.4562937062937063 0.0533596837944664 0.0979020979020979
1 0.18675889328063242 0.4458041958041958 0.039525691699604744 0.09090909090909091
1 0.24011857707509882 0.40559440559440557 0.043478260869565216 0.08741258741258741
2 0.32806324110671936 0.8881118881118881 0.10869565217391304 0.2062937062937063
2 0.4160079051383399 0.5961538461538461 0.07905138339920949 0.13286713286713286
2 0.24209486166007904 0.5541958041958042 0.07509881422924901 0.14685314685314685
2 0.2885375494071146 0.4370629370629371 0.04940711462450593 0.08741258741258741
2 0.36561264822134387 0.44405594405594406 0.0533596837944664 0.10139860139860139
2 0.3300395256916996 0.40559440559440557 0.045454545454545456 0.08041958041958042
2 0.4792490118577075 0.34615384615384615 0.07905138339920949 0.05944055944055944
2 0.6254940711462451 0.3758741258741259 0.07509881422924901 0.06993006993006994
2 0.3448616600790514 0.3146853146853147 0.039525691699604744 0.05944055944055944
3 0.31620553359683795 0.34265734265734266 0.041501976284584984 0.08041958041958042
4 0.5355731225296443 0.736013986013986 0.17193675889328064 0.3706293706293706
1 0.10573122529644269 0.4458041958041958 0.05138339920948617 0.08391608391608392
1 0.18280632411067194 0.38461538461538464 0.023715415019762844 0.05244755244755245
1 0.5553359683794467 0.36013986013986016 0.041501976284584984 0.08041958041958042
4 0.33201581027667987 0.6538461538461539 0.11264822134387352 0.2972027972027972
