1 0.18972332015810275 0.6433566433566433 0.039525691699604744 0.14335664335664336
1 0.1482213438735178 0.5664335664335665 0.03557312252964427 0.12937062937062938
1 0.1482213438735178 0.4965034965034965 0.029644268774703556 0.09090909090909091
1 0.2134387351778656 0.5104895104895105 0.037549407114624504 0.12237762237762238
1 0.24110671936758893 0.5909090909090909 0.03359683794466403 0.13286713286713286
1 0.34189723320158105 0.5244755244755245 0.029644268774703556 0.11538461538461539
1 0.17786561264822134 0.4370629370629371 0.019762845849802372 0.09090909090909091
1 0.12648221343873517 0.3986013986013986 0.0533596837944664 0.08391608391608392
1 0.5138339920948617 0.34965034965034963 0.023715415019762844 0.07342657342657342
1 0.3438735177865613 0.32867132867132864 0.019762845849802372 0.06643356643356643
1 0.22134387351778656 0.3916083916083916 0.02766798418972332 0.09090909090909091
1 0.19960474308300397 0.3706293706293706 0.015810276679841896 0.06993006993006994
1 0.17984189723320157 0.36363636363636365 0.023715415019762844 0.06993006993006994
2 0.30632411067193677 0.6853146853146853 0.116600790513834 0.25524475524475526
2 0.36561264822134387 0.493006993006993 0.0691699604743083 0.1258741258741259
2 0.24110671936758893 0.43006993006993005 0.05731225296442688 0.0979020979020979
2 0.4644268774703557 0.44405594405594406 0.07509881422924901 0.1258741258741259
2 0.22727272727272727 0.2902097902097902 0.043478260869565216 0.08041958041958042
3 0.2964426877470356 0.3006993006993007 0.04940711462450593 0.11538461538461539
3 0.42292490118577075 0.5594405594405595 0.1482213438735178 0.27972027972027974
