1 0.07114624505928854 0.7657342657342657 0.05533596837944664 0.21678321678321677
1 0.05928853754940711 0.5874125874125874 0.045454545454545456 0.12237762237762238
1 0.15019762845849802 0.5104895104895105 0.03162055335968379 0.11888111888111888
1 0.20948616600790515 0.5314685314685315 0.03162055335968379 0.10839160839160839
1 0.18379446640316205 0.486013986013986 0.03162055335968379 0.11188811188811189
1 0.20355731225296442 0.3776223776223776 0.023715415019762844 0.07692307692307693
1 0.4881422924901186 0.6188811188811189 0.037549407114624504 0.15734265734265734
1 0.5632411067193676 0.6398601398601399 0.037549407114624504 0.15384615384615385
2 0.22727272727272727 0.6713286713286714 0.09683794466403162 0.21328671328671328
2 0.3458498023715415 0.8531468531468531 0.13438735177865613 0.13986013986013987
2 0.424901185770751 0.458041958041958 0.08300395256916997 0.10839160839160839
2 0.2924901185770751 0.3041958041958042 0.043478260869565216 0.08391608391608392
3 0.22134387351778656 0.2727272727272727 0.04940711462450593 0.10139860139860139
