1 0.09486166007905138 0.6888111888111889 0.037549407114624504 0.17832167832167833
1 0.1482213438735178 0.7062937062937062 0.04743083003952569 0.17132867132867133
1 0.2075098814229249 0.8006993006993007 0.06521739130434782 0.1888111888111888
1 0.15612648221343872 0.5944055944055944 0.045454545454545456 0.14335664335664336
1 0.14031620553359683 0.5594405594405595 0.03557312252964427 0.0979020979020979
1 0.2075098814229249 0.5909090909090909 0.037549407114624504 0.1258741258741259
1 0.18379446640316205 0.5384615384615384 0.023715415019762844 0.1048951048951049
1 0.23122529644268774 0.5034965034965035 0.029644268774703556 0.11188811188811189
1 0.5059288537549407 0.8811188811188811 0.08893280632411067 0.11188811188811189
1 0.41699604743083 0.3951048951048951 0.02766798418972332 0.0944055944055944
1 0.19960474308300397 0.47202797202797203 0.021739130434782608 0.09090909090909091
1 0.17193675889328064 0.45454545454545453 0.023715415019762844 0.07342657342657342
1 0.12648221343873517 0.46853146853146854 0.029644268774703556 0.0944055944055944
1 0.23122529644268774 0.42657342657342656 0.019762845849802372 0.06643356643356643
1 0.5237154150197628 0.36013986013986016 0.029644268774703556 0.07342657342657342
2 0.26679841897233203 0.5384615384615384 0.09486166007905138 0.15384615384615385
2 0.2648221343873518 0.42657342657342656 0.06719367588932806 0.10139860139860139
2 0.4209486166007905 0.6013986013986014 0.1383399209486166 0.21328671328671328
3 0.47035573122529645 0.4405594405594406 0.1067193675889328 0.19230769230769232
2 0.3339920948616601 0.3741258741258741 0.06126482213438735 0.11538461538461539
4 0.2608695652173913 0.2762237762237762 0.05731225296442688 0.1258741258741259
