1 0.03557312252964427 0.7937062937062938 0.045454545454545456 0.15034965034965034
1 0.08300395256916997 0.8321678321678322 0.04940711462450593 0.16083916083916083
1 0.16600790513833993 0.8251748251748252 0.041501976284584984 0.15384615384615385
1 0.11857707509881422 0.7202797202797203 0.045454545454545456 0.16433566433566432
1 0.07707509881422925 0.5454545454545454 0.03557312252964427 0.11888111888111888
1 0.007905138339920948 0.6678321678321678 0.045454545454545456 0.14685314685314685
1 0.1067193675889328 0.6258741258741258 0.03557312252964427 0.14335664335664336
1 0.16205533596837945 0.6328671328671329 0.029644268774703556 0.13286713286713286
1 0.4980237154150198 0.4965034965034965 0.03557312252964427 0.11538461538461539
1 0.48023715415019763 0.46503496503496505 0.03162055335968379 0.1048951048951049
1 0.5988142292490118 0.458041958041958 0.03359683794466403 0.11188811188811189
1 0.642292490118577 0.7587412587412588 0.05731225296442688 0.1888111888111888
1 0.8972332015810277 0.8111888111888111 0.06324110671936758 0.17832167832167833
1 0.6205533596837944 0.6678321678321678 0.037549407114624504 0.15384615384615385
1 0.7371541501976284 0.5909090909090909 0.045454545454545456 0.1258741258741259
1 0.5592885375494071 0.4160839160839161 0.021739130434782608 0.07692307692307693
1 0.2075098814229249 0.4195804195804196 0.02766798418972332 0.08041958041958042
1 0.17193675889328064 0.4825174825174825 0.023715415019762844 0.0944055944055944
1 0.49604743083003955 0.3881118881118881 0.021739130434782608 0.07342657342657342
1 0.383399209486166 0.35664335664335667 0.017786561264822136 0.06293706293706294
1 0.2509881422924901 0.8496503496503497 0.0533596837944664 0.13636363636363635
1 0.20355731225296442 0.8811188811188811 0.045454545454545456 0.11538461538461539
2 0.3359683794466403 0.8041958041958042 0.11857707509881422 0.1888111888111888
2 0.3221343873517787 0.6748251748251748 0.09486166007905138 0.13286713286713286
2 0.30632411067193677 0.5524475524475524 0.09486166007905138 0.14335664335664336
2 0.2964426877470356 0.479020979020979 0.06126482213438735 0.10139860139860139
2 0.2707509881422925 0.4125874125874126 0.05138339920948617 0.0979020979020979
2 0.3339920948616601 0.4020979020979021 0.043478260869565216 0.07692307692307693
2 0.3952569169960474 0.513986013986014 0.07707509881422925 0.08741258741258741
2 0.41106719367588934 0.5664335664335665 0.1007905138339921 0.1853146853146853
2 0.4762845849802372 0.6713286713286714 0.1442687747035573 0.20279720279720279
2 0.7154150197628458 0.7517482517482518 0.20553359683794467 0.24475524475524477
3 0.37351778656126483 0.4195804195804196 0.09288537549407115 0.11188811188811189
1 0.23715415019762845 0.5454545454545454 0.029644268774703556 0.12237762237762238
1 0.2766798418972332 0.6713286713286714 0.037549407114624504 0.17132867132867133
1 0.2391304347826087 0.7097902097902098 0.043478260869565216 0.13286713286713286
1 0.2015810276679842 0.7377622377622378 0.041501976284584984 0.14335664335664336
