1 0.27865612648221344 0.6888111888111889 0.037549407114624504 0.14335664335664336
2 0.3557312252964427 0.8199300699300699 0.116600790513834 0.25874125874125875
1 0.13537549407114624 0.8496503496503497 0.04743083003952569 0.16433566433566432
1 0.05928853754940711 0.8321678321678322 0.0533596837944664 0.17132867132867133
1 0.08102766798418973 0.6328671328671329 0.037549407114624504 0.13636363636363635
1 0.116600790513834 0.6188811188811189 0.03359683794466403 0.12237762237762238
1 0.191699604743083 0.8059440559440559 0.045454545454545456 0.16783216783216784
1 0.21442687747035574 0.9038461538461539 0.06324110671936758 0.16783216783216784
1 0.24209486166007904 0.763986013986014 0.043478260869565216 0.14685314685314685
1 0.17193675889328064 0.5944055944055944 0.029644268774703556 0.11538461538461539
1 0.19960474308300397 0.6416083916083916 0.03359683794466403 0.1258741258741259
1 0.23122529644268774 0.6293706293706294 0.037549407114624504 0.12937062937062938
1 0.25889328063241107 0.5576923076923077 0.03359683794466403 0.11188811188811189
1 0.3349802371541502 0.5996503496503497 0.03162055335968379 0.11888111888111888
1 0.2924901185770751 0.4353146853146853 0.025691699604743084 0.09090909090909091
1 0.05237154150197629 0.9493006993006993 0.05533596837944664 0.1048951048951049
2 0.43873517786561267 0.6083916083916084 0.09288537549407115 0.13636363636363635
2 0.5335968379446641 0.7744755244755245 0.12845849802371542 0.21678321678321677
2 0.39031620553359686 0.4807692307692308 0.07114624505928854 0.11888111888111888
2 0.6067193675889329 0.6713286713286714 0.10474308300395258 0.15734265734265734
2 0.35079051383399207 0.4230769230769231 0.06324110671936758 0.0944055944055944
2 0.2648221343873518 0.36363636363636365 0.041501976284584984 0.06643356643356643
2 0.18478260869565216 0.5174825174825175 0.02766798418972332 0.08041958041958042
2 0.7302371541501976 0.8041958041958042 0.16205533596837945 0.22727272727272727
4 0.5948616600790514 0.9388111888111889 0.07707509881422925 0.1258741258741259
3 0.508893280632411 0.5087412587412588 0.09486166007905138 0.18181818181818182
2 0.4298418972332016 0.42482517482517484 0.05533596837944664 0.08391608391608392
3 0.3922924901185771 0.3513986013986014 0.07905138339920949 0.1258741258741259
1 0.1976284584980237 0.3706293706293706 0.017786561264822136 0.06643356643356643
1 0.21640316205533597 0.42657342657342656 0.039525691699604744 0.08041958041958042
1 0.13932806324110672 0.42832167832167833 0.02766798418972332 0.09090909090909091
2 0.3339920948616601 0.3111888111888112 0.03359683794466403 0.05944055944055944
1 0.30138339920948615 0.3111888111888112 0.019762845849802372 0.05244755244755245
1 0.58399209486166 0.4632867132867133 0.019762845849802372 0.08391608391608392
1 0.6462450592885376 0.48776223776223776 0.029644268774703556 0.09090909090909091
