1 0.07509881422924901 0.8076923076923077 0.04743083003952569 0.17132867132867133
1 0.11857707509881422 0.6713286713286714 0.043478260869565216 0.15384615384615385
1 0.0691699604743083 0.6923076923076923 0.029644268774703556 0.12937062937062938
1 0.0691699604743083 0.6433566433566433 0.03359683794466403 0.0944055944055944
1 0.10276679841897234 0.5804195804195804 0.029644268774703556 0.11188811188811189
1 0.07905138339920949 0.548951048951049 0.03359683794466403 0.10139860139860139
1 0.1324110671936759 0.548951048951049 0.03162055335968379 0.11888111888111888
1 0.2549407114624506 0.6013986013986014 0.03359683794466403 0.13636363636363635
1 0.26877470355731226 0.5524475524475524 0.03557312252964427 0.11538461538461539
1 0.3201581027667984 0.6853146853146853 0.039525691699604744 0.16083916083916083
1 0.5355731225296443 0.527972027972028 0.043478260869565216 0.12237762237762238
1 0.22332015810276679 0.5104895104895105 0.029644268774703556 0.10839160839160839
1 0.24110671936758893 0.458041958041958 0.03557312252964427 0.0944055944055944
1 0.16996047430830039 0.4825174825174825 0.017786561264822136 0.09090909090909091
1 0.1324110671936759 0.46153846153846156 0.019762845849802372 0.0944055944055944
2 0.16403162055335968 0.7412587412587412 0.11264822134387352 0.23426573426573427
2 0.16798418972332016 0.583916083916084 0.07707509881422925 0.14685314685314685
2 0.31620553359683795 0.5769230769230769 0.09090909090909091 0.15384615384615385
2 0.2826086956521739 0.46153846153846156 0.06719367588932806 0.11888111888111888
2 0.37549407114624506 0.4160839160839161 0.07114624505928854 0.11188811188811189
2 0.4090909090909091 0.5174825174825175 0.09288537549407115 0.17132867132867133
2 0.5019762845849802 0.6713286713286714 0.1541501976284585 0.2692307692307692
2 0.24308300395256918 0.35664335664335667 0.041501976284584984 0.07692307692307693
3 0.2924901185770751 0.36713286713286714 0.07312252964426877 0.14335664335664336
2 0.30237154150197626 0.3181818181818182 0.041501976284584984 0.055944055944055944
3 0.26877470355731226 0.2202797202797203 0.0533596837944664 0.09090909090909091
