1 0.09486166007905138 0.7202797202797203 0.039525691699604744 0.17832167832167833
1 0.40118577075098816 0.8321678321678322 0.05533596837944664 0.16433566433566432
1 0.11462450592885376 0.6468531468531469 0.03557312252964427 0.13636363636363635
1 0.24110671936758893 0.5699300699300699 0.02766798418972332 0.14335664335664336
1 0.21541501976284586 0.6958041958041958 0.02766798418972332 0.16083916083916083
1 0.274703557312253 0.6573426573426573 0.03557312252964427 0.16083916083916083
1 0.13636363636363635 0.7552447552447552 0.03557312252964427 0.15734265734265734
1 0.18972332015810275 0.7902097902097902 0.03557312252964427 0.15734265734265734
1 0.18379446640316205 0.6223776223776224 0.03162055335968379 0.15034965034965034
1 0.2075098814229249 0.44405594405594406 0.02766798418972332 0.10139860139860139
1 0.7470355731225297 0.6118881118881119 0.039525691699604744 0.14335664335664336
1 0.7707509881422925 0.7517482517482518 0.05533596837944664 0.16433566433566432
1 0.6561264822134387 0.8251748251748252 0.06719367588932806 0.16433566433566432
1 0.23517786561264822 0.4965034965034965 0.03359683794466403 0.0944055944055944
1 0.5652173913043478 0.5034965034965035 0.02766798418972332 0.13286713286713286
1 0.6837944664031621 0.6363636363636364 0.039525691699604744 0.14335664335664336
1 0.25296442687747034 0.42657342657342656 0.02766798418972332 0.08391608391608392
1 0.3339920948616601 0.46503496503496505 0.02766798418972332 0.08391608391608392
1 0.38537549407114624 0.3951048951048951 0.02766798418972332 0.06293706293706294
2 0.424901185770751 0.6013986013986014 0.1007905138339921 0.15734265734265734
2 0.2885375494071146 0.5244755244755245 0.07312252964426877 0.11888111888111888
2 0.23715415019762845 0.8636363636363636 0.13043478260869565 0.1258741258741259
2 0.3794466403162055 0.46503496503496505 0.08498023715415019 0.13986013986013987
2 0.4268774703557312 0.34965034965034963 0.06521739130434782 0.09090909090909091
1 0.2766798418972332 0.3881118881118881 0.025691699604743084 0.07692307692307693
3 0.23517786561264822 0.28321678321678323 0.041501976284584984 0.08391608391608392
2 0.31225296442687744 0.3006993006993007 0.041501976284584984 0.06643356643356643
3 0.3695652173913043 0.2762237762237762 0.1225296442687747 0.0979020979020979
