1 0.17588932806324112 0.9405594405594405 0.04940711462450593 0.0944055944055944
1 0.29150197628458496 0.9143356643356644 0.05138339920948617 0.14685314685314685
1 0.18181818181818182 0.8391608391608392 0.04940711462450593 0.15034965034965034
1 0.26877470355731226 0.7832167832167832 0.037549407114624504 0.14335664335664336
1 0.2183794466403162 0.7832167832167832 0.043478260869565216 0.1853146853146853
1 0.18379446640316205 0.6888111888111889 0.041501976284584984 0.14335664335664336
1 0.1432806324110672 0.6643356643356644 0.05533596837944664 0.15034965034965034
1 0.05928853754940711 0.784965034965035 0.041501976284584984 0.15384615384615385
1 0.06225296442687747 0.5716783216783217 0.039525691699604744 0.11888111888111888
1 0.14723320158102768 0.5541958041958042 0.02766798418972332 0.09090909090909091
1 0.2025691699604743 0.5384615384615384 0.02766798418972332 0.12237762237762238
1 0.11561264822134387 0.513986013986014 0.015810276679841896 0.0944055944055944
1 0.11758893280632411 0.44755244755244755 0.06324110671936758 0.08741258741258741
1 0.17588932806324112 0.4458041958041958 0.025691699604743084 0.1048951048951049
1 0.2015810276679842 0.4318181818181818 0.021739130434782608 0.08391608391608392
1 0.22430830039525693 0.4737762237762238 0.019762845849802372 0.09090909090909091
1 0.2440711462450593 0.5104895104895105 0.03162055335968379 0.11538461538461539
1 0.6986166007905138 0.5979020979020979 0.03162055335968379 0.11538461538461539
1 0.6620553359683794 0.5664335664335665 0.03359683794466403 0.13636363636363635
1 0.5849802371541502 0.5209790209790209 0.045454545454545456 0.11538461538461539
1 0.5464426877470355 0.35664335664335667 0.02766798418972332 0.07342657342657342
1 0.5800395256916996 0.3513986013986014 0.019762845849802372 0.06993006993006994
1 0.17885375494071146 0.36013986013986016 0.019762845849802372 0.06643356643356643
1 0.2984189723320158 0.3111888111888112 0.017786561264822136 0.045454545454545456
2 0.41304347826086957 0.5664335664335665 0.07312252964426877 0.15734265734265734
2 0.3458498023715415 0.4195804195804196 0.04940711462450593 0.08741258741258741
2 0.24703557312252963 0.3951048951048951 0.0533596837944664 0.07342657342657342
2 0.2549407114624506 0.3583916083916084 0.041501976284584984 0.06993006993006994
2 0.30533596837944665 0.36538461538461536 0.039525691699604744 0.06293706293706294
2 0.3695652173913043 0.33916083916083917 0.037549407114624504 0.06643356643356643
2 0.39822134387351776 0.3758741258741259 0.039525691699604744 0.07692307692307693
3 0.4258893280632411 0.8688811188811189 0.18181818181818182 0.2517482517482518
3 0.6640316205533597 0.7604895104895105 0.424901185770751 0.46853146853146854
3 0.27865612648221344 0.24125874125874125 0.037549407114624504 0.06643356643356643
0 0.6462450592885376 0.3321678321678322 0.017786561264822136 0.08041958041958042
