1 0.044466403162055336 0.9020979020979021 0.06324110671936758 0.17132867132867133
1 0.3557312252964427 0.5961538461538461 0.037549407114624504 0.11888111888111888
1 0.08498023715415019 0.6293706293706294 0.04940711462450593 0.11538461538461539
1 0.13142292490118576 0.7045454545454546 0.039525691699604744 0.14685314685314685
1 0.10968379446640317 0.8776223776223776 0.043478260869565216 0.1853146853146853
1 0.30039525691699603 0.7552447552447552 0.04940711462450593 0.16433566433566432
1 0.1590909090909091 0.5052447552447552 0.023715415019762844 0.08391608391608392
1 0.17094861660079053 0.5681818181818182 0.02766798418972332 0.1048951048951049
1 0.22430830039525693 0.4965034965034965 0.023715415019762844 0.0944055944055944
1 0.25790513833992096 0.48776223776223776 0.019762845849802372 0.09090909090909091
1 0.5938735177865613 0.46853146853146854 0.019762845849802372 0.0944055944055944
1 0.14723320158102768 0.4562937062937063 0.023715415019762844 0.06293706293706294
1 0.39822134387351776 0.38461538461538464 0.043478260869565216 0.08041958041958042
1 0.2826086956521739 0.42657342657342656 0.017786561264822136 0.06643356643356643
1 0.20355731225296442 0.4493006993006993 0.021739130434782608 0.08391608391608392
1 0.17687747035573123 0.3723776223776224 0.023715415019762844 0.06293706293706294
0 0.11561264822134387 0.5576923076923077 0.02766798418972332 0.11188811188811189
1 0.16996047430830039 0.7552447552447552 0.03359683794466403 0.14335664335664336
1 0.1600790513833992 0.9003496503496503 0.045454545454545456 0.16783216783216784
1 0.233201581027668 0.4178321678321678 0.017786561264822136 0.06993006993006994
1 0.2549407114624506 0.3758741258741259 0.017786561264822136 0.06993006993006994
1 0.20059288537549408 0.36538461538461536 0.019762845849802372 0.06293706293706294
2 0.31521739130434784 0.3618881118881119 0.03557312252964427 0.08391608391608392
2 0.4041501976284585 0.49475524475524474 0.08300395256916997 0.13286713286713286
2 0.43873517786561267 0.6153846153846154 0.08893280632411067 0.14335664335664336
3 0.3883399209486166 0.3269230769230769 0.1067193675889328 0.1048951048951049
3 0.5899209486166008 0.3181818181818182 0.20553359683794467 0.10839160839160839
