1 0.05928853754940711 0.7307692307692307 0.029644268774703556 0.16783216783216784
1 0.1383399209486166 0.7062937062937062 0.041501976284584984 0.16433566433566432
1 0.116600790513834 0.6048951048951049 0.039525691699604744 0.13636363636363635
1 0.07905138339920949 0.5244755244755245 0.03557312252964427 0.11188811188811189
1 0.1225296442687747 0.45454545454545453 0.02766798418972332 0.08041958041958042
1 0.14031620553359683 0.486013986013986 0.02766798418972332 0.11538461538461539
1 0.16996047430830039 0.5454545454545454 0.03359683794466403 0.11538461538461539
1 0.20948616600790515 0.6013986013986014 0.03162055335968379 0.10839160839160839
1 0.1956521739130435 0.6818181818181818 0.041501976284584984 0.16433566433566432
1 0.30039525691699603 0.8741258741258742 0.037549407114624504 0.11888111888111888
1 0.24703557312252963 0.6783216783216783 0.05138339920948617 0.16433566433566432
1 0.2509881422924901 0.5979020979020979 0.025691699604743084 0.0979020979020979
1 0.24703557312252963 0.513986013986014 0.03359683794466403 0.11888111888111888
1 0.2707509881422925 0.506993006993007 0.02766798418972332 0.10839160839160839
1 0.22529644268774704 0.46853146853146854 0.025691699604743084 0.10139860139860139
1 0.18181818181818182 0.44755244755244755 0.019762845849802372 0.0944055944055944
1 0.20355731225296442 0.45454545454545453 0.021739130434782608 0.10139860139860139
1 0.35968379446640314 0.6853146853146853 0.03359683794466403 0.12237762237762238
1 0.33794466403162055 0.506993006993007 0.03359683794466403 0.10839160839160839
1 0.2628458498023715 0.4195804195804196 0.015810276679841896 0.08041958041958042
1 0.5988142292490118 0.5944055944055944 0.025691699604743084 0.13286713286713286
1 0.6284584980237155 0.534965034965035 0.023715415019762844 0.13286713286713286
1 0.7450592885375494 0.7272727272727273 0.06324110671936758 0.1888111888111888
1 0.6857707509881423 0.8251748251748252 0.05533596837944664 0.17132867132867133
1 0.15612648221343872 0.40559440559440557 0.019762845849802372 0.08041958041958042
1 0.18972332015810275 0.40559440559440557 0.029644268774703556 0.05944055944055944
2 0.2924901185770751 0.5804195804195804 0.09090909090909091 0.13986013986013987
3 0.39920948616600793 0.4755244755244755 0.11067193675889328 0.2062937062937063
2 0.48616600790513836 0.6853146853146853 0.11264822134387352 0.21328671328671328
2 0.4288537549407115 0.40559440559440557 0.07509881422924901 0.08741258741258741
2 0.2766798418972332 0.44755244755244755 0.06521739130434782 0.1048951048951049
2 0.2391304347826087 0.34265734265734266 0.05731225296442688 0.08041958041958042
2 0.3438735177865613 0.4125874125874126 0.07114624505928854 0.10839160839160839
4 0.308300395256917 0.3181818181818182 0.05731225296442688 0.11538461538461539
