1 0.10770750988142293 0.9370629370629371 0.05533596837944664 0.10839160839160839
1 0.11264822134387352 0.7272727272727273 0.037549407114624504 0.15034965034965034
1 0.1422924901185771 0.6276223776223776 0.041501976284584984 0.1258741258741259
1 0.09189723320158102 0.6083916083916084 0.043478260869565216 0.12237762237762238
1 0.20652173913043478 0.6101398601398601 0.03557312252964427 0.1258741258741259
1 0.17786561264822134 0.8356643356643356 0.045454545454545456 0.17832167832167833
1 0.22233201581027667 0.9248251748251748 0.05138339920948617 0.13286713286713286
1 0.2391304347826087 0.7342657342657343 0.041501976284584984 0.12237762237762238
1 0.2490118577075099 0.8548951048951049 0.041501976284584984 0.15384615384615385
1 0.30237154150197626 0.7167832167832168 0.041501976284584984 0.12237762237762238
1 0.3092885375494071 0.8409090909090909 0.05138339920948617 0.1958041958041958
1 0.4031620553359684 0.9038461538461539 0.0533596837944664 0.16783216783216784
1 0.1432806324110672 0.506993006993007 0.02766798418972332 0.0944055944055944
1 0.19268774703557312 0.46503496503496505 0.03162055335968379 0.0944055944055944
1 0.22134387351778656 0.47027972027972026 0.021739130434782608 0.09090909090909091
1 0.24209486166007904 0.45454545454545453 0.023715415019762844 0.08741258741258741
1 0.26383399209486164 0.42832167832167833 0.023715415019762844 0.06993006993006994
1 0.29545454545454547 0.42657342657342656 0.023715415019762844 0.06643356643356643
1 0.40019762845849804 0.40384615384615385 0.02766798418972332 0.08391608391608392
1 0.49110671936758893 0.458041958041958 0.02766798418972332 0.10139860139860139
1 0.5464426877470355 0.3479020979020979 0.019762845849802372 0.08391608391608392
2 0.2924901185770751 0.5174825174825175 0.06521739130434782 0.12237762237762238
2 0.3547430830039526 0.4632867132867133 0.05928853754940711 0.09090909090909091
2 0.40019762845849804 0.5559440559440559 0.04743083003952569 0.15034965034965034
2 0.7223320158102767 0.8111888111888111 0.17391304347826086 0.26223776223776224
2 0.2717391304347826 0.3758741258741259 0.043478260869565216 0.07692307692307693
2 0.3468379446640316 0.38986013986013984 0.05138339920948617 0.06293706293706294
2 0.6027667984189723 0.3741258741258741 0.0691699604743083 0.08041958041958042
2 0.3339920948616601 0.3041958041958042 0.03359683794466403 0.05944055944055944
3 0.49308300395256915 0.7027972027972028 0.1541501976284585 0.32517482517482516
4 0.5612648221343873 0.5437062937062938 0.116600790513834 0.23776223776223776
1 0.1492094861660079 0.4178321678321678 0.023715415019762844 0.07692307692307693
