1 0.06324110671936758 0.7797202797202797 0.04940711462450593 0.2097902097902098
1 0.12648221343873517 0.5664335664335665 0.041501976284584984 0.13986013986013987
1 0.09683794466403162 0.534965034965035 0.03557312252964427 0.11888111888111888
1 0.12845849802371542 0.44405594405594406 0.02766798418972332 0.0979020979020979
1 0.16205533596837945 0.4405594405594406 0.023715415019762844 0.10139860139860139
1 0.37549407114624506 0.46503496503496505 0.02766798418972332 0.10139860139860139
1 0.391304347826087 0.513986013986014 0.03557312252964427 0.10839160839160839
1 0.4644268774703557 0.583916083916084 0.039525691699604744 0.14335664335664336
1 0.5770750988142292 0.5944055944055944 0.045454545454545456 0.13286713286713286
1 0.5711462450592886 0.4755244755244755 0.045454545454545456 0.11538461538461539
1 0.4031620553359684 0.36363636363636365 0.021739130434782608 0.08041958041958042
1 0.44861660079051385 0.36713286713286714 0.023715415019762844 0.08741258741258741
2 0.2826086956521739 0.4370629370629371 0.06719367588932806 0.12937062937062938
2 0.308300395256917 0.35664335664335667 0.043478260869565216 0.06293706293706294
2 0.4407114624505929 0.3111888111888112 0.09881422924901186 0.07342657342657342
3 0.18181818181818182 0.3811188811188811 0.10474308300395258 0.26573426573426573
4 0.35177865612648224 0.27972027972027974 0.04743083003952569 0.10139860139860139
1 0.6047430830039525 0.33916083916083917 0.039525691699604744 0.0979020979020979
