1 0.15019762845849802 0.6101398601398601 0.05731225296442688 0.08741258741258741
1 0.17391304347826086 0.548951048951049 0.04940711462450593 0.17832167832167833
1 0.22233201581027667 0.5297202797202797 0.039525691699604744 0.15734265734265734
1 0.1600790513833992 0.4423076923076923 0.037549407114624504 0.12237762237762238
1 0.17391304347826086 0.4353146853146853 0.037549407114624504 0.10139860139860139
1 0.21146245059288538 0.45454545454545453 0.041501976284584984 0.1258741258741259
1 0.12351778656126482 0.3618881118881119 0.03162055335968379 0.09090909090909091
1 0.15217391304347827 0.34615384615384615 0.025691699604743084 0.08741258741258741
1 0.1976284584980237 0.3758741258741259 0.029644268774703556 0.08041958041958042
1 0.4367588932806324 0.6451048951048951 0.025691699604743084 0.11188811188811189
1 0.4901185770750988 0.7622377622377622 0.045454545454545456 0.13986013986013987
1 0.6284584980237155 0.784965034965035 0.029644268774703556 0.10139860139860139
1 0.274703557312253 0.4230769230769231 0.017786561264822136 0.08041958041958042
1 0.28952569169960474 0.43006993006993005 0.02766798418972332 0.07692307692307693
1 0.2015810276679842 0.3513986013986014 0.021739130434782608 0.055944055944055944
0 0.5187747035573123 0.6328671328671329 0.023715415019762844 0.08041958041958042
0 0.6650197628458498 0.8199300699300699 0.023715415019762844 0.10839160839160839
2 0.25296442687747034 0.4527972027972028 0.0533596837944664 0.0979020979020979
2 0.233201581027668 0.3881118881118881 0.041501976284584984 0.06993006993006994
2 0.34980237154150196 0.49125874125874125 0.04940711462450593 0.07342657342657342
2 0.24703557312252963 0.3688811188811189 0.03359683794466403 0.05944055944055944
3 0.37549407114624506 0.6555944055944056 0.17984189723320157 0.46853146853146854
3 0.3191699604743083 0.4195804195804196 0.05138339920948617 0.08391608391608392
