1 0.2381422924901186 0.6643356643356644 0.05138339920948617 0.12937062937062938
1 0.233201581027668 0.6188811188811189 0.041501976284584984 0.1048951048951049
1 0.16798418972332016 0.5926573426573427 0.0533596837944664 0.13636363636363635
1 0.11264822134387352 0.5437062937062938 0.05731225296442688 0.14685314685314685
1 0.06620553359683795 0.4632867132867133 0.043478260869565216 0.16083916083916083
1 0.022727272727272728 0.4755244755244755 0.03557312252964427 0.10839160839160839
1 0.046442687747035576 0.4160839160839161 0.03557312252964427 0.13986013986013987
1 0.07312252964426877 0.42132867132867136 0.045454545454545456 0.11538461538461539
1 0.07015810276679842 0.3916083916083916 0.043478260869565216 0.07342657342657342
1 0.10573122529644269 0.3916083916083916 0.03162055335968379 0.11188811188811189
1 0.12154150197628459 0.42657342657342656 0.03162055335968379 0.11888111888111888
1 0.1432806324110672 0.40384615384615385 0.02766798418972332 0.11188811188811189
1 0.12549407114624506 0.3548951048951049 0.03162055335968379 0.09090909090909091
1 0.5948616600790514 0.777972027972028 0.029644268774703556 0.10839160839160839
1 0.5642292490118577 0.8269230769230769 0.03557312252964427 0.11538461538461539
1 0.5247035573122529 0.7727272727272727 0.03557312252964427 0.11888111888111888
1 0.7984189723320159 1.1118881118881119 0.06126482213438735 0.17132867132867133
1 0.15019762845849802 0.3513986013986014 0.029644268774703556 0.0944055944055944
1 0.1225296442687747 0.32867132867132864 0.029644268774703556 0.0944055944055944
1 0.18873517786561264 0.3758741258741259 0.023715415019762844 0.0944055944055944
2 0.1600790513833992 0.5122377622377622 0.08498023715415019 0.18181818181818182
2 0.22727272727272727 0.5122377622377622 0.08893280632411067 0.17832167832167833
2 0.3567193675889328 0.701048951048951 0.1225296442687747 0.25874125874125875
2 0.6373517786561265 0.9038461538461539 0.11067193675889328 0.13286713286713286
2 0.6808300395256917 1.0244755244755244 0.1541501976284585 0.21328671328671328
2 0.6156126482213439 1.0314685314685315 0.16600790513833993 0.16783216783216784
2 0.3221343873517787 0.5769230769230769 0.07707509881422925 0.15034965034965034
2 0.2994071146245059 0.5332167832167832 0.06324110671936758 0.06643356643356643
2 0.39624505928853754 0.6311188811188811 0.06324110671936758 0.16433566433566432
2 0.3824110671936759 0.5874125874125874 0.05138339920948617 0.08741258741258741
2 0.3824110671936759 0.5559440559440559 0.05138339920948617 0.08041958041958042
3 0.2875494071146245 0.4597902097902098 0.07114624505928854 0.17482517482517482
2 0.549407114624506 0.6853146853146853 0.08893280632411067 0.07342657342657342
2 0.34189723320158105 0.5104895104895105 0.037549407114624504 0.08041958041958042
2 0.6571146245059288 0.7325174825174825 0.03557312252964427 0.05944055944055944
