1 0.040513833992094864 0.46678321678321677 0.043478260869565216 0.15034965034965034
1 0.1274703557312253 0.5699300699300699 0.02766798418972332 0.11188811188811189
1 0.10869565217391304 0.5402097902097902 0.045454545454545456 0.11538461538461539
1 0.04940711462450593 0.42482517482517484 0.045454545454545456 0.13636363636363635
1 0.09486166007905138 0.4597902097902098 0.03359683794466403 0.12937062937062938
1 0.17292490118577075 0.5856643356643356 0.05138339920948617 0.15384615384615385
1 0.25691699604743085 0.6940559440559441 0.041501976284584984 0.0944055944055944
1 0.45652173913043476 0.8251748251748252 0.0533596837944664 0.1958041958041958
1 0.21640316205533597 0.6048951048951049 0.043478260869565216 0.16783216783216784
1 0.17094861660079053 0.548951048951049 0.04743083003952569 0.09090909090909091
1 0.13537549407114624 0.4458041958041958 0.03162055335968379 0.12937062937062938
1 0.18873517786561264 0.4982517482517482 0.03557312252964427 0.1258741258741259
1 0.233201581027668 0.5314685314685315 0.037549407114624504 0.11888111888111888
1 0.2598814229249012 0.5174825174825175 0.039525691699604744 0.11538461538461539
1 0.06719367588932806 0.3881118881118881 0.029644268774703556 0.0944055944055944
1 0.12351778656126482 0.36713286713286714 0.03162055335968379 0.11888111888111888
1 0.16403162055335968 0.3741258741258741 0.025691699604743084 0.08391608391608392
1 0.1907114624505929 0.4405594405594406 0.023715415019762844 0.0979020979020979
2 0.2341897233201581 0.44405594405594406 0.05138339920948617 0.10139860139860139
2 0.3339920948616601 0.5699300699300699 0.07707509881422925 0.13286713286713286
2 0.36363636363636365 0.6608391608391608 0.08893280632411067 0.13286713286713286
2 0.36561264822134387 0.715034965034965 0.10474308300395258 0.17832167832167833
2 0.3794466403162055 0.5681818181818182 0.06126482213438735 0.11888111888111888
2 0.3547430830039526 0.527972027972028 0.04743083003952569 0.08391608391608392
2 0.5484189723320159 0.9020979020979021 0.1422924901185771 0.26573426573426573
2 0.4298418972332016 0.583916083916084 0.05928853754940711 0.0944055944055944
3 0.2183794466403162 0.36713286713286714 0.05928853754940711 0.14685314685314685
3 0.591897233201581 0.8304195804195804 0.17786561264822134 0.2972027972027972
4 0.4614624505928854 0.6905594405594405 0.11067193675889328 0.25874125874125875
4 0.7440711462450593 1.0716783216783217 0.25691699604743085 0.3881118881118881
1 0.9120553359683794 1.1888111888111887 0.06719367588932806 0.17482517482517482
4 0.2974308300395257 0.47027972027972026 0.06324110671936758 0.15734265734265734
