1 0.08399209486166008 0.486013986013986 0.043478260869565216 0.18181818181818182
1 0.10474308300395258 0.4370629370629371 0.03359683794466403 0.14335664335664336
1 0.15118577075098813 0.4562937062937063 0.039525691699604744 0.15384615384615385
1 0.19861660079051383 0.5751748251748252 0.043478260869565216 0.17132867132867133
1 0.13438735177865613 0.5472027972027972 0.041501976284584984 0.16783216783216784
1 0.25790513833992096 0.6433566433566433 0.05533596837944664 0.1888111888111888
1 0.10177865612648221 0.3986013986013986 0.03557312252964427 0.10139860139860139
1 0.2124505928853755 0.548951048951049 0.039525691699604744 0.13636363636363635
1 0.03557312252964427 0.3513986013986014 0.0533596837944664 0.14685314685314685
1 0.1442687747035573 0.40559440559440557 0.029644268774703556 0.10139860139860139
1 0.2490118577075099 0.4458041958041958 0.025691699604743084 0.09090909090909091
1 0.6373517786561265 0.8741258741258742 0.04743083003952569 0.13636363636363635
1 0.6284584980237155 0.8164335664335665 0.037549407114624504 0.11188811188811189
1 0.5958498023715415 0.7342657342657343 0.02766798418972332 0.08741258741258741
1 0.5701581027667985 0.6923076923076923 0.023715415019762844 0.06993006993006994
1 0.16996047430830039 0.3881118881118881 0.025691699604743084 0.08391608391608392
3 0.22134387351778656 0.4825174825174825 0.07707509881422925 0.19230769230769232
2 0.31521739130434784 0.5559440559440559 0.07114624505928854 0.1258741258741259
2 0.2875494071146245 0.48951048951048953 0.05533596837944664 0.11538461538461539
2 0.39723320158102765 0.6118881118881119 0.07312252964426877 0.14335664335664336
2 0.45553359683794464 0.7097902097902098 0.07114624505928854 0.12237762237762238
2 0.4980237154150198 0.8041958041958042 0.12055335968379446 0.2062937062937063
2 0.5889328063241107 0.986013986013986 0.1442687747035573 0.1853146853146853
2 0.49407114624505927 0.6870629370629371 0.0691699604743083 0.13636363636363635
2 0.3468379446640316 0.5244755244755245 0.05533596837944664 0.09090909090909091
2 0.3310276679841897 0.4825174825174825 0.043478260869565216 0.06993006993006994
4 0.441699604743083 0.5821678321678322 0.07114624505928854 0.14685314685314685
3 0.2509881422924901 0.40384615384615385 0.0691699604743083 0.15384615384615385
