1 0.03557312252964427 0.5017482517482518 0.04940711462450593 0.0944055944055944
1 0.039525691699604744 0.4353146853146853 0.045454545454545456 0.15384615384615385
1 0.10474308300395258 0.5437062937062938 0.06126482213438735 0.14335664335664336
1 0.11264822134387352 0.5174825174825175 0.0533596837944664 0.1048951048951049
1 0.17687747035573123 0.5454545454545454 0.04743083003952569 0.17482517482517482
1 0.14624505928853754 0.46153846153846156 0.037549407114624504 0.14335664335664336
1 0.12944664031620554 0.4178321678321678 0.039525691699604744 0.12937062937062938
1 0.15810276679841898 0.4160839160839161 0.029644268774703556 0.11188811188811189
1 0.17885375494071146 0.4370629370629371 0.023715415019762844 0.11888111888111888
1 0.19861660079051383 0.4632867132867133 0.02766798418972332 0.1048951048951049
1 0.22134387351778656 0.5314685314685315 0.037549407114624504 0.14685314685314685
1 0.24308300395256918 0.5052447552447552 0.03359683794466403 0.1258741258741259
1 0.2766798418972332 0.5104895104895105 0.029644268774703556 0.11188811188811189
1 0.11462450592885376 0.34265734265734266 0.017786561264822136 0.1048951048951049
1 0.14624505928853754 0.36713286713286714 0.017786561264822136 0.07692307692307693
1 0.24604743083003952 0.46853146853146854 0.023715415019762844 0.0944055944055944
1 0.3092885375494071 0.5104895104895105 0.023715415019762844 0.08041958041958042
1 0.4209486166007905 0.5944055944055944 0.021739130434782608 0.08041958041958042
1 0.575098814229249 0.8409090909090909 0.029644268774703556 0.10139860139860139
1 0.6758893280632411 0.9108391608391608 0.025691699604743084 0.08741258741258741
1 0.5909090909090909 0.7797202797202797 0.029644268774703556 0.10839160839160839
1 0.28063241106719367 0.43006993006993005 0.021739130434782608 0.06993006993006994
1 0.26778656126482214 0.4493006993006993 0.019762845849802372 0.06993006993006994
1 0.24703557312252963 0.6381118881118881 0.07312252964426877 0.1048951048951049
1 0.23122529644268774 0.40559440559440557 0.025691699604743084 0.06643356643356643
1 0.191699604743083 0.3723776223776224 0.021739130434782608 0.05944055944055944
2 0.34782608695652173 0.5716783216783217 0.06521739130434782 0.13636363636363635
2 0.4426877470355731 0.6713286713286714 0.07707509881422925 0.08391608391608392
2 0.46047430830039526 0.736013986013986 0.10869565217391304 0.17832167832167833
2 0.5592885375494071 0.9090909090909091 0.15217391304347827 0.25874125874125875
2 0.7233201581027668 1.062937062937063 0.17588932806324112 0.2727272727272727
2 0.44960474308300397 0.6083916083916084 0.04743083003952569 0.11538461538461539
2 0.3191699604743083 0.46503496503496505 0.039525691699604744 0.06643356643356643
2 0.29446640316205536 0.4195804195804196 0.03359683794466403 0.04895104895104895
2 0.24308300395256918 0.36363636363636365 0.029644268774703556 0.05244755244755245
2 0.30237154150197626 0.3986013986013986 0.025691699604743084 0.045454545454545456
1 0.6057312252964426 0.715034965034965 0.03162055335968379 0.07342657342657342
1 0.575098814229249 0.7412587412587412 0.025691699604743084 0.07692307692307693
4 0.5128458498023716 0.701048951048951 0.09881422924901186 0.1993006993006993
4 0.4061264822134387 0.7762237762237763 0.17391304347826086 0.3111888111888112
4 0.383399209486166 0.5157342657342657 0.04940711462450593 0.1048951048951049
4 0.17588932806324112 0.2937062937062937 0.045454545454545456 0.08041958041958042
3 0.2509881422924901 0.33916083916083917 0.03359683794466403 0.05944055944055944
