1 0.08300395256916997 0.4632867132867133 0.037549407114624504 0.17482517482517482
1 0.05237154150197629 0.40559440559440557 0.03162055335968379 0.15034965034965034
1 0.08399209486166008 0.42482517482517484 0.03557312252964427 0.1048951048951049
1 0.11561264822134387 0.5244755244755245 0.039525691699604744 0.17132867132867133
1 0.15316205533596838 0.5209790209790209 0.043478260869565216 0.17132867132867133
1 0.13438735177865613 0.4772727272727273 0.041501976284584984 0.11888111888111888
1 0.18972332015810275 0.46853146853146854 0.041501976284584984 0.13286713286713286
1 0.10474308300395258 0.39335664335664333 0.025691699604743084 0.11888111888111888
1 0.07806324110671936 0.3881118881118881 0.02766798418972332 0.07342657342657342
1 0.12055335968379446 0.3881118881118881 0.029644268774703556 0.11888111888111888
1 0.16996047430830039 0.3916083916083916 0.029644268774703556 0.10139860139860139
1 0.19367588932806323 0.4318181818181818 0.03359683794466403 0.10839160839160839
1 0.5701581027667985 0.722027972027972 0.023715415019762844 0.10139860139860139
1 0.5869565217391305 0.7797202797202797 0.03359683794466403 0.07692307692307693
1 0.7015810276679841 1.0594405594405594 0.0533596837944664 0.16083916083916083
0 0.7223320158102767 0.9195804195804196 0.02766798418972332 0.11888111888111888
2 0.21640316205533597 0.6363636363636364 0.11462450592885376 0.20279720279720279
1 0.23715415019762845 0.5314685314685315 0.03359683794466403 0.08741258741258741
2 0.3290513833992095 0.6328671328671329 0.09881422924901186 0.1993006993006993
2 0.39624505928853754 0.784965034965035 0.1225296442687747 0.18181818181818182
2 0.49308300395256915 0.8286713286713286 0.11067193675889328 0.1888111888111888
2 0.6047430830039525 0.9947552447552448 0.16403162055335968 0.2202797202797203
2 0.26679841897233203 0.46153846153846156 0.04940711462450593 0.09090909090909091
2 0.383399209486166 0.6031468531468531 0.07312252964426877 0.12237762237762238
2 0.44565217391304346 0.7342657342657343 0.09486166007905138 0.13986013986013987
2 0.45948616600790515 0.6975524475524476 0.07114624505928854 0.12937062937062938
2 0.4258893280632411 0.6031468531468531 0.05533596837944664 0.11538461538461539
2 0.1907114624505929 0.3776223776223776 0.04743083003952569 0.08041958041958042
3 0.30138339920948615 0.5384615384615384 0.09090909090909091 0.16783216783216784
2 0.5721343873517787 0.8164335664335665 0.06719367588932806 0.15034965034965034
3 0.6818181818181818 0.9667832167832168 0.16403162055335968 0.3146853146853147
2 0.49604743083003955 0.6398601398601399 0.09683794466403162 0.07692307692307693
2 0.6274703557312253 0.7325174825174825 0.05928853754940711 0.06293706293706294
