1 0.1422924901185771 0.5122377622377622 0.04940711462450593 0.17482517482517482
1 0.20553359683794467 0.5751748251748252 0.041501976284584984 0.16083916083916083
1 0.17885375494071146 0.6101398601398601 0.05533596837944664 0.13286713286713286
1 0.2598814229249012 0.6241258741258742 0.039525691699604744 0.17832167832167833
1 0.366600790513834 0.7517482517482518 0.06324110671936758 0.18181818181818182
1 0.19268774703557312 0.4807692307692308 0.03162055335968379 0.12937062937062938
1 0.12450592885375494 0.4230769230769231 0.037549407114624504 0.13986013986013987
1 0.1007905138339921 0.3618881118881119 0.041501976284584984 0.1048951048951049
1 0.15612648221343872 0.40559440559440557 0.029644268774703556 0.1048951048951049
1 0.15118577075098813 0.3688811188811189 0.039525691699604744 0.09090909090909091
1 0.18873517786561264 0.42132867132867136 0.02766798418972332 0.10139860139860139
1 0.20948616600790515 0.47202797202797203 0.03359683794466403 0.10139860139860139
1 0.2183794466403162 0.4527972027972028 0.023715415019762844 0.07692307692307693
1 0.26877470355731226 0.5332167832167832 0.041501976284584984 0.1258741258741259
1 0.2598814229249012 0.46678321678321677 0.023715415019762844 0.09090909090909091
1 0.2816205533596838 0.49475524475524474 0.023715415019762844 0.0979020979020979
1 0.30039525691699603 0.5472027972027972 0.025691699604743084 0.11888111888111888
1 0.3201581027667984 0.5524475524475524 0.03359683794466403 0.12237762237762238
1 0.22430830039525693 0.42132867132867136 0.02766798418972332 0.0944055944055944
1 0.17193675889328064 0.3479020979020979 0.021739130434782608 0.07692307692307693
1 0.4160079051383399 0.5664335664335665 0.03162055335968379 0.08041958041958042
2 0.25691699604743085 0.43006993006993005 0.04940711462450593 0.08391608391608392
2 0.3191699604743083 0.4755244755244755 0.043478260869565216 0.06643356643356643
2 0.3675889328063241 0.5524475524475524 0.05731225296442688 0.09090909090909091
2 0.40019762845849804 0.6136363636363636 0.07509881422924901 0.12237762237762238
2 0.4891304347826087 0.6835664335664335 0.07509881422924901 0.10139860139860139
2 0.4881422924901186 0.7534965034965035 0.116600790513834 0.1888111888111888
2 0.6739130434782609 0.965034965034965 0.13636363636363635 0.23426573426573427
2 0.5701581027667985 0.9527972027972028 0.14624505928853754 0.22377622377622378
2 0.34881422924901184 0.479020979020979 0.03557312252964427 0.05944055944055944
4 0.26679841897233203 0.40559440559440557 0.041501976284584984 0.10139860139860139
1 0.616600790513834 0.7272727272727273 0.03359683794466403 0.05244755244755245
1 0.4762845849802372 0.6031468531468531 0.045454545454545456 0.05944055944055944
