1 0.05138339920948617 0.7797202797202797 0.0691699604743083 0.19230769230769232
1 0.16600790513833993 0.6713286713286714 0.03557312252964427 0.15384615384615385
1 0.22924901185770752 0.7307692307692307 0.04940711462450593 0.16433566433566432
1 0.24110671936758893 0.8356643356643356 0.0533596837944664 0.15384615384615385
1 0.33992094861660077 0.7937062937062938 0.04743083003952569 0.19230769230769232
1 0.26877470355731226 0.6608391608391608 0.039525691699604744 0.14685314685314685
1 0.1857707509881423 0.5769230769230769 0.037549407114624504 0.13286713286713286
1 0.20948616600790515 0.5174825174825175 0.029644268774703556 0.11888111888111888
1 0.15612648221343872 0.46853146853146854 0.03162055335968379 0.0979020979020979
1 0.18774703557312253 0.47202797202797203 0.02766798418972332 0.11188811188811189
0 0.06126482213438735 0.4965034965034965 0.03162055335968379 0.10139860139860139
1 0.5395256916996047 0.493006993006993 0.03162055335968379 0.12237762237762238
1 0.5790513833992095 0.5699300699300699 0.04743083003952569 0.13986013986013987
1 0.5968379446640316 0.8356643356643356 0.07312252964426877 0.15384615384615385
0 0.44861660079051385 0.34265734265734266 0.01383399209486166 0.06293706293706294
1 0.5158102766798419 0.3181818181818182 0.043478260869565216 0.06993006993006994
1 0.22727272727272727 0.4405594405594406 0.021739130434782608 0.08041958041958042
1 0.10276679841897234 0.43006993006993005 0.029644268774703556 0.0979020979020979
2 0.41304347826086957 0.5314685314685315 0.11462450592885376 0.1993006993006993
2 0.2826086956521739 0.5559440559440559 0.07905138339920949 0.13636363636363635
2 0.3339920948616601 0.3986013986013986 0.06126482213438735 0.09090909090909091
2 0.25691699604743085 0.36013986013986016 0.05731225296442688 0.08391608391608392
2 0.2391304347826087 0.3321678321678322 0.037549407114624504 0.06993006993006994
2 0.39723320158102765 0.3111888111888112 0.06719367588932806 0.06993006993006994
4 0.25296442687747034 0.4370629370629371 0.07707509881422925 0.13986013986013987
4 0.642292490118577 0.5664335664335665 0.2075098814229249 0.40559440559440557
3 0.3102766798418972 0.3111888111888112 0.05138339920948617 0.10839160839160839
