1 0.1067193675889328 0.8933566433566433 0.05731225296442688 0.1958041958041958
1 0.16205533596837945 0.7377622377622378 0.04940711462450593 0.16433566433566432
1 0.2648221343873518 0.8251748251748252 0.04940711462450593 0.16433566433566432
1 0.24209486166007904 0.722027972027972 0.039525691699604744 0.13986013986013987
1 0.29051383399209485 0.6468531468531469 0.037549407114624504 0.12937062937062938
1 0.3616600790513834 0.7377622377622378 0.045454545454545456 0.13636363636363635
1 0.14624505928853754 0.5769230769230769 0.03359683794466403 0.11538461538461539
1 0.21541501976284586 0.5716783216783217 0.029644268774703556 0.11188811188811189
1 0.466403162055336 0.42482517482517484 0.025691699604743084 0.09090909090909091
1 0.541501976284585 0.48951048951048953 0.03359683794466403 0.0944055944055944
1 0.1907114624505929 0.49125874125874125 0.019762845849802372 0.08391608391608392
2 0.4041501976284585 0.8881118881118881 0.13043478260869565 0.21328671328671328
2 0.274703557312253 0.4388111888111888 0.05731225296442688 0.1048951048951049
3 0.37351778656126483 0.46678321678321677 0.06126482213438735 0.13986013986013987
2 0.3468379446640316 0.3968531468531469 0.039525691699604744 0.06293706293706294
4 0.4535573122529644 0.5664335664335665 0.11067193675889328 0.24125874125874125
3 0.2974308300395257 0.32867132867132864 0.05928853754940711 0.12937062937062938
1 0.13932806324110672 0.4353146853146853 0.05533596837944664 0.07692307692307693
