2 0.4278656126482213 0.7587412587412588 0.08695652173913043 0.2062937062937063
2 0.45652173913043476 0.7167832167832168 0.09288537549407115 0.13986013986013987
2 0.3201581027667984 0.4755244755244755 0.045454545454545456 0.08741258741258741
2 0.3794466403162055 0.5681818181818182 0.06521739130434782 0.10139860139860139
2 0.3952569169960474 0.6101398601398601 0.08498023715415019 0.14685314685314685
2 0.25 0.5332167832167832 0.07509881422924901 0.15034965034965034
2 0.4634387351778656 0.9213286713286714 0.14624505928853754 0.10139860139860139
2 0.24308300395256918 0.7062937062937062 0.116600790513834 0.11188811188811189
2 0.33893280632411066 0.46153846153846156 0.03557312252964427 0.06293706293706294
1 0.06324110671936758 0.48776223776223776 0.0533596837944664 0.17482517482517482
1 0.0741106719367589 0.4370629370629371 0.05138339920948617 0.16083916083916083
1 0.12154150197628459 0.5699300699300699 0.05533596837944664 0.11188811188811189
1 0.17193675889328064 0.5629370629370629 0.045454545454545456 0.2097902097902098
1 0.1808300395256917 0.5262237762237763 0.04743083003952569 0.13286713286713286
1 0.18181818181818182 0.493006993006993 0.041501976284584984 0.10139860139860139
1 0.11561264822134387 0.3881118881118881 0.02766798418972332 0.12237762237762238
1 0.30632411067193677 0.5926573426573427 0.037549407114624504 0.16083916083916083
1 0.28063241106719367 0.6381118881118881 0.041501976284584984 0.16433566433566432
1 0.325098814229249 0.7097902097902098 0.043478260869565216 0.1853146853146853
1 0.6017786561264822 0.8916083916083916 0.043478260869565216 0.17482517482517482
1 0.6106719367588933 0.8548951048951049 0.041501976284584984 0.15034965034965034
1 0.5830039525691699 0.75 0.041501976284584984 0.0979020979020979
1 0.6571146245059288 0.8968531468531469 0.04743083003952569 0.15734265734265734
1 0.7233201581027668 1.0087412587412588 0.05731225296442688 0.1853146853146853
1 0.6729249011857708 1.0244755244755244 0.09090909090909091 0.2097902097902098
1 0.7707509881422925 1.1573426573426573 0.06126482213438735 0.0944055944055944
1 0.16106719367588934 0.43006993006993005 0.03162055335968379 0.12237762237762238
1 0.1541501976284585 0.3986013986013986 0.029644268774703556 0.08041958041958042
1 0.3211462450592885 0.5262237762237763 0.03162055335968379 0.12237762237762238
1 0.26383399209486164 0.4807692307692308 0.03162055335968379 0.10139860139860139
1 0.19960474308300397 0.4527972027972028 0.037549407114624504 0.1258741258741259
1 0.1324110671936759 0.3356643356643357 0.025691699604743084 0.08741258741258741
1 0.24110671936758893 0.42832167832167833 0.025691699604743084 0.08391608391608392
0 0.7835968379446641 0.9842657342657343 0.03557312252964427 0.10839160839160839
