1 0.17094861660079053 0.5629370629370629 0.043478260869565216 0.1958041958041958
1 0.11462450592885376 0.4965034965034965 0.041501976284584984 0.16433566433566432
1 0.06620553359683795 0.44755244755244755 0.043478260869565216 0.15034965034965034
1 0.029644268774703556 0.46153846153846156 0.045454545454545456 0.15034965034965034
1 0.21936758893280633 0.548951048951049 0.045454545454545456 0.15034965034965034
1 0.14525691699604742 0.4597902097902098 0.03162055335968379 0.14685314685314685
1 0.0958498023715415 0.40734265734265734 0.03557312252964427 0.13286713286713286
1 0.28952569169960474 0.6555944055944056 0.04743083003952569 0.14685314685314685
1 0.35276679841897235 0.7342657342657343 0.05138339920948617 0.16433566433566432
1 0.325098814229249 0.6101398601398601 0.03557312252964427 0.1258741258741259
1 0.4980237154150198 0.7517482517482518 0.041501976284584984 0.14685314685314685
1 0.3567193675889328 0.5716783216783217 0.02766798418972332 0.10839160839160839
1 0.26778656126482214 0.48951048951048953 0.02766798418972332 0.0944055944055944
1 0.03458498023715415 0.32517482517482516 0.03162055335968379 0.12937062937062938
1 0.12154150197628459 0.3881118881118881 0.023715415019762844 0.11888111888111888
1 0.1432806324110672 0.3916083916083916 0.023715415019762844 0.1048951048951049
1 0.18181818181818182 0.42132867132867136 0.025691699604743084 0.1048951048951049
1 0.22529644268774704 0.458041958041958 0.025691699604743084 0.11188811188811189
1 0.6976284584980237 0.8793706293706294 0.03359683794466403 0.11188811188811189
2 0.4288537549407115 0.6503496503496503 0.06126482213438735 0.10839160839160839
2 0.36264822134387353 0.5437062937062938 0.05928853754940711 0.12237762237762238
2 0.33893280632411066 0.4965034965034965 0.04743083003952569 0.08741258741258741
2 0.38735177865612647 0.7027972027972028 0.09288537549407115 0.17832167832167833
2 0.6037549407114624 0.9685314685314685 0.16205533596837945 0.25874125874125875
2 0.2826086956521739 0.43356643356643354 0.037549407114624504 0.06993006993006994
3 0.4051383399209486 0.5332167832167832 0.04940711462450593 0.1048951048951049
3 0.49209486166007904 0.6486013986013986 0.13636363636363635 0.25524475524475526
0 0.06225296442687747 0.3094405594405594 0.03557312252964427 0.1048951048951049
