1 0.07806324110671936 0.4825174825174825 0.043478260869565216 0.1853146853146853
1 0.2875494071146245 0.6923076923076923 0.043478260869565216 0.15384615384615385
1 0.2707509881422925 0.6013986013986014 0.041501976284584984 0.15384615384615385
1 0.07213438735177866 0.42482517482517484 0.043478260869565216 0.12937062937062938
1 0.1067193675889328 0.3951048951048951 0.025691699604743084 0.11538461538461539
1 0.12845849802371542 0.43006993006993005 0.03359683794466403 0.13286713286713286
1 0.16304347826086957 0.47202797202797203 0.03162055335968379 0.11888111888111888
2 0.19960474308300397 0.5681818181818182 0.10869565217391304 0.26573426573426573
2 0.33695652173913043 0.6293706293706294 0.07905138339920949 0.15384615384615385
2 0.4051383399209486 0.8566433566433567 0.1324110671936759 0.11188811188811189
2 0.4426877470355731 0.7062937062937062 0.0691699604743083 0.19230769230769232
1 0.18972332015810275 0.42832167832167833 0.029644268774703556 0.0944055944055944
1 0.15217391304347827 0.38986013986013984 0.025691699604743084 0.09090909090909091
1 0.6185770750988142 0.7395104895104895 0.017786561264822136 0.07342657342657342
1 0.23122529644268774 0.43356643356643354 0.021739130434782608 0.09090909090909091
2 0.27964426877470355 0.4632867132867133 0.05533596837944664 0.10139860139860139
3 0.5691699604743083 0.6730769230769231 0.06126482213438735 0.10139860139860139
3 0.6818181818181818 1.06993006993007 0.41699604743083 0.42657342657342656
4 0.3606719367588933 0.5227272727272727 0.07509881422924901 0.16433566433566432
4 0.5306324110671937 0.722027972027972 0.11067193675889328 0.16433566433566432
3 0.4505928853754941 0.5979020979020979 0.10869565217391304 0.2062937062937063
1 0.2509881422924901 0.3811188811188811 0.017786561264822136 0.06293706293706294
1 0.18280632411067194 0.3583916083916084 0.015810276679841896 0.06993006993006994
1 0.22924901185770752 0.40734265734265734 0.025691699604743084 0.06993006993006994
2 0.22826086956521738 0.34440559440559443 0.02766798418972332 0.04895104895104895
2 0.25296442687747034 0.34615384615384615 0.021739130434782608 0.04195804195804196
2 0.16304347826086957 0.29895104895104896 0.02766798418972332 0.06293706293706294
1 0.1857707509881423 0.31993006993006995 0.01383399209486166 0.06643356643356643
