1 0.0533596837944664 0.9475524475524476 0.041501976284584984 0.0944055944055944
1 0.10177865612648221 0.8986013986013986 0.043478260869565216 0.17832167832167833
1 0.17786561264822134 0.8723776223776224 0.04940711462450593 0.17482517482517482
1 0.0533596837944664 0.798951048951049 0.04940711462450593 0.16083916083916083
1 0.11264822134387352 0.784965034965035 0.041501976284584984 0.1048951048951049
1 0.15019762845849802 0.7709790209790209 0.041501976284584984 0.13286713286713286
1 0.46047430830039526 0.8129370629370629 0.04940711462450593 0.16783216783216784
1 0.42292490118577075 0.6905594405594405 0.037549407114624504 0.13986013986013987
1 0.10375494071146245 0.6748251748251748 0.02766798418972332 0.11538461538461539
1 0.13438735177865613 0.6311188811188811 0.041501976284584984 0.1258741258741259
1 0.39031620553359686 0.6206293706293706 0.03557312252964427 0.13286713286713286
1 0.3705533596837945 0.5594405594405595 0.03162055335968379 0.12237762237762238
1 0.0958498023715415 0.5681818181818182 0.03557312252964427 0.11888111888111888
1 0.12549407114624506 0.5384615384615384 0.023715415019762844 0.0944055944055944
1 0.32806324110671936 0.5227272727272727 0.025691699604743084 0.1048951048951049
1 0.26976284584980237 0.486013986013986 0.023715415019762844 0.10839160839160839
1 0.283596837944664 0.4755244755244755 0.02766798418972332 0.08041958041958042
1 0.4654150197628458 0.4318181818181818 0.023715415019762844 0.0979020979020979
1 0.4851778656126482 0.42832167832167833 0.023715415019762844 0.09090909090909091
1 0.6254940711462451 0.4458041958041958 0.05138339920948617 0.09090909090909091
1 0.21739130434782608 0.40559440559440557 0.017786561264822136 0.045454545454545456
2 0.3359683794466403 0.7062937062937062 0.09683794466403162 0.16433566433566432
2 0.40711462450592883 0.8916083916083916 0.13636363636363635 0.2062937062937063
2 0.48122529644268774 0.6486013986013986 0.1067193675889328 0.14685314685314685
2 0.6116600790513834 0.8741258741258742 0.1976284584980237 0.23426573426573427
2 0.3942687747035573 0.48776223776223776 0.07509881422924901 0.13286713286713286
3 0.591897233201581 0.31643356643356646 0.15019762845849802 0.1048951048951049
3 0.2025691699604743 0.5384615384615384 0.09090909090909091 0.2062937062937063
4 0.21739130434782608 0.7132867132867133 0.07707509881422925 0.17132867132867133
3 0.27865612648221344 0.40034965034965037 0.0533596837944664 0.1048951048951049
4 0.34288537549407117 0.38461538461538464 0.05138339920948617 0.14335664335664336
4 0.3102766798418972 0.3374125874125874 0.06126482213438735 0.11188811188811189
4 0.24308300395256918 0.2972027972027972 0.037549407114624504 0.08741258741258741
4 0.16304347826086957 0.3129370629370629 0.03162055335968379 0.06993006993006994
1 0.15019762845849802 0.4318181818181818 0.029644268774703556 0.06993006993006994
4 0.3102766798418972 0.25874125874125875 0.041501976284584984 0.05944055944055944
