0 0.02865612648221344 0.36363636363636365 0.02766798418972332 0.15384615384615385
1 0.16996047430830039 0.5087412587412588 0.045454545454545456 0.17482517482517482
1 0.16304347826086957 0.4353146853146853 0.02766798418972332 0.11888111888111888
1 0.1966403162055336 0.4807692307692308 0.02766798418972332 0.12937062937062938
1 0.2183794466403162 0.4737762237762238 0.03557312252964427 0.11188811188811189
1 0.1857707509881423 0.4318181818181818 0.029644268774703556 0.1048951048951049
1 0.16897233201581027 0.3916083916083916 0.02766798418972332 0.09090909090909091
1 0.1966403162055336 0.4020979020979021 0.023715415019762844 0.09090909090909091
1 0.24209486166007904 0.4388111888111888 0.02766798418972332 0.1048951048951049
1 0.32806324110671936 0.5262237762237763 0.025691699604743084 0.08741258741258741
1 0.5286561264822134 0.7062937062937062 0.023715415019762844 0.11538461538461539
1 0.7292490118577075 1.020979020979021 0.045454545454545456 0.17132867132867133
1 0.766798418972332 1.1398601398601398 0.0691699604743083 0.12937062937062938
2 0.466403162055336 0.7587412587412588 0.12450592885375494 0.23076923076923078
2 0.3784584980237154 0.5611888111888111 0.05928853754940711 0.1258741258741259
3 0.325098814229249 0.42657342657342656 0.04743083003952569 0.08391608391608392
