1 0.12648221343873517 0.7867132867132867 0.05138339920948617 0.17132867132867133
1 0.15612648221343872 0.6783216783216783 0.043478260869565216 0.15034965034965034
1 0.22727272727272727 0.7342657342657343 0.045454545454545456 0.15384615384615385
1 0.2134387351778656 0.8391608391608392 0.05731225296442688 0.15384615384615385
1 0.16996047430830039 0.5454545454545454 0.039525691699604744 0.12237762237762238
1 0.233201581027668 0.4825174825174825 0.03162055335968379 0.0979020979020979
1 0.12450592885375494 0.47202797202797203 0.03359683794466403 0.0944055944055944
1 0.16600790513833993 0.46503496503496505 0.025691699604743084 0.08741258741258741
1 0.5810276679841897 0.5314685314685315 0.04743083003952569 0.10839160839160839
1 0.5237154150197628 0.46153846153846156 0.05928853754940711 0.08041958041958042
1 0.6067193675889329 0.4370629370629371 0.029644268774703556 0.09090909090909091
1 0.1976284584980237 0.43356643356643354 0.021739130434782608 0.08391608391608392
1 0.5474308300395256 0.3111888111888112 0.025691699604743084 0.055944055944055944
2 0.2707509881422925 0.48951048951048953 0.08300395256916997 0.14335664335664336
2 0.4031620553359684 0.6293706293706294 0.10869565217391304 0.16083916083916083
2 0.4031620553359684 0.5174825174825175 0.09486166007905138 0.13286713286713286
2 0.49209486166007904 0.7622377622377622 0.1482213438735178 0.2097902097902098
2 0.424901185770751 0.45104895104895104 0.05928853754940711 0.09090909090909091
2 0.41106719367588934 0.4020979020979021 0.07707509881422925 0.08741258741258741
4 0.33201581027667987 0.36363636363636365 0.06521739130434782 0.15384615384615385
2 0.391304347826087 0.34615384615384615 0.05533596837944664 0.08041958041958042
0 0.011857707509881422 0.6503496503496503 0.03359683794466403 0.16433566433566432
0 0.5573122529644269 0.35664335664335667 0.017786561264822136 0.06993006993006994
0 0.5770750988142292 0.36363636363636365 0.01383399209486166 0.06993006993006994
