1 0.015810276679841896 0.9020979020979021 0.05138339920948617 0.09090909090909091
1 0.04743083003952569 0.7832167832167832 0.039525691699604744 0.15384615384615385
1 0.07707509881422925 0.6853146853146853 0.039525691699604744 0.15734265734265734
1 0.11857707509881422 0.6573426573426573 0.03162055335968379 0.13636363636363635
1 0.10276679841897234 0.8706293706293706 0.05533596837944664 0.12237762237762238
1 0.13438735177865613 0.7762237762237763 0.045454545454545456 0.17132867132867133
1 0.14624505928853754 0.6923076923076923 0.029644268774703556 0.11888111888111888
1 0.18379446640316205 0.8321678321678322 0.04940711462450593 0.16083916083916083
1 0.22924901185770752 0.8986013986013986 0.05533596837944664 0.09090909090909091
1 0.2391304347826087 0.7307692307692307 0.037549407114624504 0.17482517482517482
1 0.2549407114624506 0.6503496503496503 0.037549407114624504 0.16433566433566432
1 0.17391304347826086 0.7202797202797203 0.029644268774703556 0.1258741258741259
1 0.2134387351778656 0.6748251748251748 0.02766798418972332 0.14685314685314685
1 0.18181818181818182 0.6153846153846154 0.03359683794466403 0.12937062937062938
1 0.31225296442687744 0.5559440559440559 0.039525691699604744 0.13986013986013987
1 0.6778656126482213 0.6538461538461539 0.043478260869565216 0.15034965034965034
1 0.49209486166007904 0.5629370629370629 0.029644268774703556 0.1048951048951049
1 0.09486166007905138 0.4965034965034965 0.023715415019762844 0.10139860139860139
1 0.5335968379446641 0.4370629370629371 0.03359683794466403 0.09090909090909091
1 0.15217391304347827 0.534965034965035 0.021739130434782608 0.11538461538461539
1 0.116600790513834 0.5629370629370629 0.03359683794466403 0.1048951048951049
1 0.30632411067193677 0.4090909090909091 0.023715415019762844 0.08391608391608392
2 0.2984189723320158 0.6923076923076923 0.1383399209486166 0.24825174825174826
2 0.22529644268774704 0.5209790209790209 0.07312252964426877 0.11888111888111888
2 0.22134387351778656 0.3986013986013986 0.05731225296442688 0.10839160839160839
2 0.3241106719367589 0.36713286713286714 0.04743083003952569 0.08041958041958042
2 0.46047430830039526 0.44755244755244755 0.06324110671936758 0.1048951048951049
2 0.6897233201581028 0.7622377622377622 0.21541501976284586 0.23076923076923078
3 0.46047430830039526 0.6608391608391608 0.18774703557312253 0.3321678321678322
4 0.3794466403162055 0.45454545454545453 0.11462450592885376 0.25524475524475526
4 0.4090909090909091 0.33916083916083917 0.08695652173913043 0.13286713286713286
