1 0.0800395256916996 0.8846153846153846 0.04743083003952569 0.17832167832167833
1 0.16106719367588934 0.8479020979020979 0.04743083003952569 0.18181818181818182
1 0.14130434782608695 0.7465034965034965 0.043478260869565216 0.13286713286713286
1 0.10573122529644269 0.6608391608391608 0.043478260869565216 0.12937062937062938
1 0.18873517786561264 0.5332167832167832 0.03162055335968379 0.09090909090909091
1 0.17984189723320157 0.6520979020979021 0.037549407114624504 0.1258741258741259
1 0.2124505928853755 0.5996503496503497 0.03162055335968379 0.11888111888111888
1 0.20553359683794467 0.715034965034965 0.029644268774703556 0.1258741258741259
1 0.22924901185770752 0.7832167832167832 0.037549407114624504 0.17132867132867133
1 0.2608695652173913 0.8251748251748252 0.037549407114624504 0.11538461538461539
1 0.3715415019762846 0.951048951048951 0.0533596837944664 0.08041958041958042
1 0.19861660079051383 0.4090909090909091 0.02766798418972332 0.07342657342657342
1 0.6324110671936759 0.46678321678321677 0.025691699604743084 0.07692307692307693
1 0.1383399209486166 0.42132867132867136 0.029644268774703556 0.09090909090909091
0 0.30138339920948615 0.41083916083916083 0.02766798418972332 0.08391608391608392
2 0.3231225296442688 0.763986013986014 0.09881422924901186 0.18181818181818182
2 0.34980237154150196 0.42482517482517484 0.05731225296442688 0.08391608391608392
2 0.3794466403162055 0.3881118881118881 0.04940711462450593 0.07342657342657342
2 0.5662055335968379 0.38461538461538464 0.1067193675889328 0.08041958041958042
2 0.607707509881423 0.9283216783216783 0.18181818181818182 0.13286713286713286
4 0.48122529644268774 0.6555944055944056 0.1383399209486166 0.32167832167832167
4 0.4150197628458498 0.5227272727272727 0.09683794466403162 0.16083916083916083
4 0.5592885375494071 0.541958041958042 0.12845849802371542 0.24825174825174826
1 0.24308300395256918 0.3793706293706294 0.025691699604743084 0.06293706293706294
