2 0.3073122529644269 0.5576923076923077 0.06324110671936758 0.0944055944055944
2 0.30237154150197626 0.5157342657342657 0.06126482213438735 0.0944055944055944
2 0.2549407114624506 0.4423076923076923 0.045454545454545456 0.08741258741258741
2 0.3932806324110672 0.6311188811188811 0.06521739130434782 0.12237762237762238
2 0.4723320158102767 0.7692307692307693 0.10474308300395258 0.16783216783216784
2 0.6156126482213439 0.8951048951048951 0.12648221343873517 0.19230769230769232
2 0.6116600790513834 0.986013986013986 0.18181818181818182 0.25874125874125875
2 0.3448616600790514 0.6468531468531469 0.1067193675889328 0.21328671328671328
4 0.39031620553359686 0.5804195804195804 0.07905138339920949 0.1258741258741259
2 0.39723320158102765 0.5367132867132867 0.0533596837944664 0.08041958041958042
1 0.07806324110671936 0.47202797202797203 0.04743083003952569 0.16433566433566432
1 0.16996047430830039 0.5611888111888111 0.041501976284584984 0.1853146853146853
1 0.2183794466403162 0.5909090909090909 0.05138339920948617 0.17482517482517482
1 0.17786561264822134 0.5157342657342657 0.037549407114624504 0.13286713286713286
1 0.17885375494071146 0.4807692307692308 0.039525691699604744 0.11888111888111888
1 0.22529644268774704 0.5262237762237763 0.037549407114624504 0.1258741258741259
1 0.24703557312252963 0.5034965034965035 0.025691699604743084 0.11188811188811189
1 0.2717391304347826 0.6818181818181818 0.05138339920948617 0.15384615384615385
1 0.3310276679841897 0.715034965034965 0.05138339920948617 0.1888111888111888
1 0.10177865612648221 0.36363636363636365 0.043478260869565216 0.10139860139860139
1 0.13339920948616601 0.36713286713286714 0.02766798418972332 0.08741258741258741
1 0.21541501976284586 0.4458041958041958 0.029644268774703556 0.10139860139860139
1 0.44565217391304346 0.6013986013986014 0.02766798418972332 0.0944055944055944
1 0.5355731225296443 0.6905594405594405 0.025691699604743084 0.0979020979020979
1 0.5523715415019763 0.7692307692307693 0.03557312252964427 0.0944055944055944
1 0.5553359683794467 0.6958041958041958 0.03359683794466403 0.08041958041958042
1 0.6116600790513834 0.7325174825174825 0.023715415019762844 0.08041958041958042
