1 0.07312252964426877 0.3741258741258741 0.045454545454545456 0.15034965034965034
1 0.1225296442687747 0.40734265734265734 0.03359683794466403 0.12937062937062938
1 0.10177865612648221 0.493006993006993 0.043478260869565216 0.17132867132867133
1 0.12351778656126482 0.5751748251748252 0.05533596837944664 0.10839160839160839
1 0.16600790513833993 0.5384615384615384 0.04940711462450593 0.18181818181818182
1 0.21739130434782608 0.6101398601398601 0.045454545454545456 0.1888111888111888
1 0.1966403162055336 0.5087412587412588 0.043478260869565216 0.13636363636363635
1 0.32707509881422925 0.6416083916083916 0.043478260869565216 0.17132867132867133
1 0.3221343873517787 0.5786713286713286 0.037549407114624504 0.13286713286713286
1 0.25 0.4772727272727273 0.02766798418972332 0.11188811188811189
1 0.191699604743083 0.4562937062937063 0.037549407114624504 0.1048951048951049
1 0.20059288537549408 0.43356643356643354 0.02766798418972332 0.08391608391608392
1 0.12154150197628459 0.3339160839160839 0.02766798418972332 0.0944055944055944
1 0.48023715415019763 0.6451048951048951 0.025691699604743084 0.08741258741258741
1 0.5128458498023716 0.6713286713286714 0.03162055335968379 0.09090909090909091
1 0.5187747035573123 0.7167832167832168 0.02766798418972332 0.11188811188811189
1 0.6037549407114624 0.8356643356643356 0.043478260869565216 0.14335664335664336
1 0.6175889328063241 0.784965034965035 0.02766798418972332 0.0944055944055944
1 0.6571146245059288 0.8006993006993007 0.023715415019762844 0.09090909090909091
1 0.17490118577075098 0.3741258741258741 0.043478260869565216 0.08041958041958042
1 0.21739130434782608 0.3986013986013986 0.029644268774703556 0.09090909090909091
1 0.24308300395256918 0.40734265734265734 0.025691699604743084 0.07692307692307693
1 0.5029644268774703 0.8881118881118881 0.06324110671936758 0.16083916083916083
2 0.43873517786561267 0.6958041958041958 0.11264822134387352 0.1853146853146853
2 0.7796442687747036 1.1730769230769231 0.20553359683794467 0.2062937062937063
2 0.29051383399209485 0.4405594405594406 0.045454545454545456 0.06643356643356643
2 0.2440711462450593 0.3986013986013986 0.039525691699604744 0.05944055944055944
4 0.35177865612648224 0.5017482517482518 0.0691699604743083 0.14335664335664336
3 0.3675889328063241 0.486013986013986 0.07707509881422925 0.11188811188811189
