1 0.15810276679841898 0.9090909090909091 0.04940711462450593 0.16433566433566432
1 0.12450592885375494 0.7552447552447552 0.041501976284584984 0.17832167832167833
1 0.17094861660079053 0.7674825174825175 0.03557312252964427 0.15384615384615385
1 0.20948616600790515 0.8496503496503497 0.041501976284584984 0.1853146853146853
1 0.16600790513833993 0.6538461538461539 0.03359683794466403 0.10139860139860139
1 0.24604743083003952 0.7237762237762237 0.039525691699604744 0.15034965034965034
1 0.38636363636363635 0.8444055944055944 0.04743083003952569 0.20279720279720279
1 0.2075098814229249 0.5909090909090909 0.037549407114624504 0.12237762237762238
1 0.17094861660079053 0.5629370629370629 0.03162055335968379 0.10839160839160839
1 0.1442687747035573 0.527972027972028 0.025691699604743084 0.10139860139860139
1 0.26877470355731226 0.5821678321678322 0.029644268774703556 0.11188811188811189
1 0.2440711462450593 0.5367132867132867 0.03162055335968379 0.11888111888111888
1 0.33893280632411066 0.5786713286713286 0.03162055335968379 0.13286713286713286
1 0.3132411067193676 0.5122377622377622 0.023715415019762844 0.1048951048951049
1 0.2766798418972332 0.42832167832167833 0.025691699604743084 0.09090909090909091
1 0.5800395256916996 0.6363636363636364 0.03162055335968379 0.12937062937062938
1 0.32806324110671936 0.4388111888111888 0.0533596837944664 0.08391608391608392
1 0.35276679841897235 0.40384615384615385 0.05138339920948617 0.06993006993006994
1 0.19960474308300397 0.4825174825174825 0.029644268774703556 0.08741258741258741
2 0.4515810276679842 0.6171328671328671 0.09486166007905138 0.17482517482517482
2 0.39822134387351776 0.5034965034965035 0.07509881422924901 0.12237762237762238
2 0.4426877470355731 0.43356643356643354 0.06126482213438735 0.11538461538461539
2 0.5899209486166008 0.38286713286713286 0.10276679841897234 0.08391608391608392
2 0.25395256916996045 0.3618881118881119 0.039525691699604744 0.055944055944055944
2 0.4575098814229249 0.3513986013986014 0.08695652173913043 0.06293706293706294
3 0.2845849802371542 0.2762237762237762 0.0533596837944664 0.10839160839160839
