1 0.0958498023715415 0.75 0.043478260869565216 0.15384615384615385
1 0.1551383399209486 0.7534965034965035 0.039525691699604744 0.14685314685314685
1 0.23715415019762845 0.7412587412587412 0.041501976284584984 0.15734265734265734
1 0.19466403162055335 0.8391608391608392 0.04743083003952569 0.15734265734265734
1 0.22430830039525693 0.9195804195804196 0.04743083003952569 0.13636363636363635
1 0.16996047430830039 0.6206293706293706 0.029644268774703556 0.11888111888111888
1 0.1541501976284585 0.5804195804195804 0.029644268774703556 0.10839160839160839
1 0.12055335968379446 0.534965034965035 0.025691699604743084 0.10139860139860139
1 0.1976284584980237 0.5874125874125874 0.029644268774703556 0.11538461538461539
1 0.16600790513833993 0.493006993006993 0.021739130434782608 0.08041958041958042
1 0.15217391304347827 0.4388111888111888 0.045454545454545456 0.06993006993006994
1 0.2134387351778656 0.513986013986014 0.029644268774703556 0.10839160839160839
1 0.24110671936758893 0.5017482517482518 0.025691699604743084 0.09090909090909091
1 0.18478260869565216 0.45454545454545453 0.019762845849802372 0.08741258741258741
1 0.2974308300395257 0.47202797202797203 0.039525691699604744 0.0944055944055944
1 0.37648221343873517 0.42832167832167833 0.03162055335968379 0.08391608391608392
1 0.6126482213438735 0.6468531468531469 0.037549407114624504 0.13636363636363635
1 0.8399209486166008 0.8986013986013986 0.08498023715415019 0.1853146853146853
1 0.4891304347826087 0.38986013986013984 0.019762845849802372 0.06993006993006994
1 0.37351778656126483 0.3339160839160839 0.03359683794466403 0.06293706293706294
1 0.2658102766798419 0.3776223776223776 0.019762845849802372 0.06643356643356643
1 0.208498023715415 0.4405594405594406 0.023715415019762844 0.08041958041958042
1 0.6007905138339921 0.3583916083916084 0.021739130434782608 0.06293706293706294
2 0.2737154150197628 0.5891608391608392 0.07509881422924901 0.1258741258741259
2 0.44960474308300397 0.4562937062937063 0.05928853754940711 0.0979020979020979
3 0.4278656126482213 0.7237762237762237 0.1857707509881423 0.47202797202797203
2 0.2875494071146245 0.32167832167832167 0.03557312252964427 0.05944055944055944
