1 0.058300395256917 0.4737762237762238 0.05138339920948617 0.19230769230769232
1 0.12549407114624506 0.5034965034965035 0.04743083003952569 0.1958041958041958
1 0.18478260869565216 0.5681818181818182 0.04743083003952569 0.1888111888111888
1 0.14130434782608695 0.4160839160839161 0.039525691699604744 0.1258741258741259
1 0.18774703557312253 0.47027972027972026 0.029644268774703556 0.1258741258741259
1 0.22233201581027667 0.5104895104895105 0.03557312252964427 0.13986013986013987
1 0.2756916996047431 0.6013986013986014 0.043478260869565216 0.16783216783216784
1 0.2440711462450593 0.6153846153846154 0.043478260869565216 0.1888111888111888
1 0.35177865612648224 0.7132867132867133 0.04940711462450593 0.21678321678321677
1 0.3784584980237154 0.7115384615384616 0.043478260869565216 0.17132867132867133
1 0.2845849802371542 0.715034965034965 0.0533596837944664 0.11188811188811189
1 0.16304347826086957 0.38986013986013984 0.023715415019762844 0.09090909090909091
1 0.18379446640316205 0.4318181818181818 0.029644268774703556 0.0944055944055944
1 0.1442687747035573 0.34615384615384615 0.021739130434782608 0.07692307692307693
1 0.6245059288537549 0.791958041958042 0.041501976284584984 0.09090909090909091
1 0.23616600790513834 0.4318181818181818 0.05138339920948617 0.07692307692307693
1 0.29446640316205536 0.4597902097902098 0.03359683794466403 0.06993006993006994
2 0.3073122529644269 0.5209790209790209 0.07114624505928854 0.13636363636363635
2 0.34288537549407117 0.5157342657342657 0.05533596837944664 0.0944055944055944
2 0.3883399209486166 0.5297202797202797 0.043478260869565216 0.08041958041958042
2 0.5118577075098815 0.6398601398601399 0.07707509881422925 0.06993006993006994
3 0.49209486166007904 0.6730769230769231 0.16403162055335968 0.2902097902097902
2 0.6126482213438735 1.0506993006993006 0.19960474308300397 0.15034965034965034
3 0.7924901185770751 1.1363636363636365 0.40118577075098816 0.4755244755244755
