1 0.039525691699604744 0.9090909090909091 0.045454545454545456 0.16433566433566432
1 0.1422924901185771 0.9230769230769231 0.041501976284584984 0.12937062937062938
1 0.11166007905138339 0.9003496503496503 0.039525691699604744 0.16083916083916083
1 0.22826086956521738 0.9370629370629371 0.05138339920948617 0.10839160839160839
1 0.32707509881422925 0.9562937062937062 0.043478260869565216 0.06993006993006994
1 0.14624505928853754 0.7604895104895105 0.037549407114624504 0.16083916083916083
1 0.11166007905138339 0.8006993006993007 0.04743083003952569 0.10139860139860139
1 0.06719367588932806 0.8076923076923077 0.037549407114624504 0.12237762237762238
1 0.09090909090909091 0.7167832167832168 0.04940711462450593 0.14335664335664336
1 0.116600790513834 0.6311188811188811 0.037549407114624504 0.13286713286713286
1 0.1373517786561265 0.666083916083916 0.03557312252964427 0.1258741258741259
1 0.17687747035573123 0.6993006993006993 0.03162055335968379 0.12937062937062938
1 0.17687747035573123 0.6276223776223776 0.03162055335968379 0.09090909090909091
1 0.1274703557312253 0.5559440559440559 0.03557312252964427 0.10839160839160839
1 0.17885375494071146 0.5681818181818182 0.02766798418972332 0.1048951048951049
1 0.19960474308300397 0.6048951048951049 0.041501976284584984 0.12237762237762238
1 0.24209486166007904 0.6223776223776224 0.04743083003952569 0.08741258741258741
1 0.29347826086956524 0.6031468531468531 0.03162055335968379 0.1258741258741259
1 0.2391304347826087 0.5681818181818182 0.025691699604743084 0.09090909090909091
1 0.191699604743083 0.486013986013986 0.021739130434782608 0.0944055944055944
1 0.2341897233201581 0.506993006993007 0.039525691699604744 0.05944055944055944
1 0.5622529644268774 0.3513986013986014 0.03162055335968379 0.07692307692307693
1 0.591897233201581 0.3356643356643357 0.019762845849802372 0.08741258741258741
1 0.17984189723320157 0.44405594405594406 0.045454545454545456 0.08041958041958042
1 0.12450592885375494 0.4405594405594406 0.03359683794466403 0.08041958041958042
1 0.1492094861660079 0.40559440559440557 0.023715415019762844 0.07342657342657342
1 0.23517786561264822 0.4160839160839161 0.021739130434782608 0.08741258741258741
1 0.19960474308300397 0.3706293706293706 0.03359683794466403 0.08041958041958042
2 0.2391304347826087 0.7832167832167832 0.11264822134387352 0.25524475524475526
2 0.3606719367588933 0.6835664335664335 0.10276679841897234 0.16783216783216784
2 0.5148221343873518 0.7482517482517482 0.11857707509881422 0.19230769230769232
2 0.4268774703557312 0.5804195804195804 0.08893280632411067 0.16433566433566432
2 0.3547430830039526 0.42832167832167833 0.05138339920948617 0.09090909090909091
2 0.6788537549407114 0.7727272727272727 0.15810276679841898 0.21328671328671328
2 0.41304347826086957 0.3968531468531469 0.06126482213438735 0.0979020979020979
2 0.8913043478260869 0.8986013986013986 0.1956521739130435 0.1853146853146853
3 0.2875494071146245 0.43356643356643354 0.09486166007905138 0.19230769230769232
4 0.5049407114624506 0.5297202797202797 0.09486166007905138 0.22377622377622378
4 0.5721343873517787 0.4737762237762238 0.07114624505928854 0.18181818181818182
2 0.1650197628458498 0.31643356643356646 0.03162055335968379 0.055944055944055944
2 0.2845849802371542 0.2972027972027972 0.037549407114624504 0.06643356643356643
2 0.3241106719367589 0.3531468531468531 0.041501976284584984 0.07342657342657342
2 0.3606719367588933 0.3321678321678322 0.043478260869565216 0.07342657342657342
3 0.31225296442687744 0.256993006993007 0.041501976284584984 0.06993006993006994
