1 0.17292490118577075 0.5944055944055944 0.06324110671936758 0.16083916083916083
1 0.26976284584980237 0.6888111888111889 0.06719367588932806 0.15384615384615385
1 0.1324110671936759 0.47027972027972026 0.045454545454545456 0.14685314685314685
1 0.10573122529644269 0.4090909090909091 0.039525691699604744 0.1258741258741259
1 0.17687747035573123 0.4405594405594406 0.03557312252964427 0.12237762237762238
1 0.21541501976284586 0.5384615384615384 0.06521739130434782 0.16083916083916083
1 0.29347826086956524 0.5961538461538461 0.03557312252964427 0.16783216783216784
1 0.2658102766798419 0.4493006993006993 0.05533596837944664 0.0944055944055944
1 0.14031620553359683 0.32167832167832167 0.03359683794466403 0.08391608391608392
1 0.17292490118577075 0.3356643356643357 0.019762845849802372 0.06643356643356643
1 0.19367588932806323 0.3618881118881119 0.025691699604743084 0.06993006993006994
1 0.5069169960474308 0.6503496503496503 0.043478260869565216 0.06993006993006994
1 0.5513833992094862 0.6783216783216783 0.045454545454545456 0.08391608391608392
1 0.6067193675889329 0.7202797202797203 0.045454545454545456 0.06293706293706294
1 0.3804347826086957 0.49475524475524474 0.015810276679841896 0.06293706293706294
1 0.3557312252964427 0.46853146853146854 0.021739130434782608 0.06993006993006994
2 0.3191699604743083 0.4597902097902098 0.039525691699604744 0.05944055944055944
2 0.28952569169960474 0.4160839160839161 0.03162055335968379 0.04895104895104895
2 0.4792490118577075 0.6153846153846154 0.08695652173913043 0.07342657342657342
2 0.7944664031620553 1.18006993006993 0.2075098814229249 0.2202797202797203
2 0.6047430830039525 1.0262237762237763 0.15612648221343872 0.14685314685314685
3 0.23221343873517786 0.33916083916083917 0.043478260869565216 0.10139860139860139
