1 0.12944664031620554 0.9020979020979021 0.04743083003952569 0.17132867132867133
1 0.17885375494071146 0.8076923076923077 0.05138339920948617 0.17832167832167833
1 0.08794466403162056 0.7097902097902098 0.03557312252964427 0.12937062937062938
1 0.13142292490118576 0.7395104895104895 0.043478260869565216 0.14685314685314685
1 0.1551383399209486 0.6398601398601399 0.043478260869565216 0.12937062937062938
1 0.14723320158102768 0.541958041958042 0.03162055335968379 0.10139860139860139
1 0.20355731225296442 0.5769230769230769 0.021739130434782608 0.10839160839160839
1 0.17984189723320157 0.5594405594405595 0.029644268774703556 0.11538461538461539
1 0.2549407114624506 0.5611888111888111 0.041501976284584984 0.1258741258741259
1 0.23023715415019763 0.5104895104895105 0.02766798418972332 0.0944055944055944
1 0.2015810276679842 0.5052447552447552 0.025691699604743084 0.08391608391608392
1 0.27964426877470355 0.4178321678321678 0.05533596837944664 0.08391608391608392
1 0.6709486166007905 0.7727272727272727 0.04743083003952569 0.17132867132867133
1 0.6205533596837944 0.36538461538461536 0.017786561264822136 0.06993006993006994
1 0.5859683794466403 0.33916083916083917 0.039525691699604744 0.05944055944055944
1 0.38735177865612647 0.33916083916083917 0.029644268774703556 0.05944055944055944
1 0.21146245059288538 0.4230769230769231 0.045454545454545456 0.07342657342657342
2 0.3774703557312253 0.7744755244755245 0.12450592885375494 0.21678321678321677
2 0.5652173913043478 0.8479020979020979 0.14031620553359683 0.21678321678321677
2 0.5543478260869565 0.6048951048951049 0.09090909090909091 0.14335664335664336
2 0.44466403162055335 0.6118881118881119 0.1007905138339921 0.1853146853146853
2 0.39723320158102765 0.5244755244755245 0.06521739130434782 0.10839160839160839
2 0.358695652173913 0.4370629370629371 0.05928853754940711 0.0944055944055944
2 0.33695652173913043 0.40734265734265734 0.04743083003952569 0.06993006993006994
3 0.48320158102766797 0.3321678321678322 0.15019762845849802 0.10839160839160839
2 0.23517786561264822 0.3374125874125874 0.037549407114624504 0.06293706293706294
2 0.2826086956521739 0.3374125874125874 0.037549407114624504 0.06293706293706294
