1 0.019762845849802372 0.8636363636363636 0.04940711462450593 0.12937062937062938
1 0.5177865612648221 0.5699300699300699 0.037549407114624504 0.1258741258741259
1 0.3695652173913043 0.479020979020979 0.025691699604743084 0.10839160839160839
1 0.22332015810276679 0.46853146853146854 0.029644268774703556 0.08391608391608392
1 0.07312252964426877 0.8146853146853147 0.04940711462450593 0.16433566433566432
1 0.15019762845849802 0.8671328671328671 0.04940711462450593 0.12937062937062938
1 0.1482213438735178 0.5314685314685315 0.029644268774703556 0.1048951048951049
1 0.1007905138339921 0.5524475524475524 0.02766798418972332 0.0944055944055944
1 0.13636363636363635 0.48951048951048953 0.02766798418972332 0.0944055944055944
1 0.18379446640316205 0.4230769230769231 0.023715415019762844 0.08391608391608392
1 0.2015810276679842 0.40559440559440557 0.023715415019762844 0.08391608391608392
1 0.41304347826086957 0.4230769230769231 0.023715415019762844 0.08391608391608392
1 0.2490118577075099 0.8251748251748252 0.037549407114624504 0.13986013986013987
1 0.2707509881422925 0.7097902097902098 0.043478260869565216 0.16083916083916083
1 0.22134387351778656 0.7552447552447552 0.043478260869565216 0.16083916083916083
1 0.08893280632411067 0.6643356643356644 0.03557312252964427 0.1258741258741259
1 0.045454545454545456 0.6713286713286714 0.03557312252964427 0.1258741258741259
1 0.22134387351778656 0.6748251748251748 0.03557312252964427 0.11188811188811189
2 0.49209486166007904 0.7412587412587412 0.15019762845849802 0.23426573426573427
2 0.45849802371541504 0.45104895104895104 0.08102766798418973 0.13286713286713286
2 0.33992094861660077 0.3811188811188811 0.05533596837944664 0.10139860139860139
2 0.4090909090909091 0.5524475524475524 0.08695652173913043 0.13286713286713286
2 0.3300395256916996 0.6363636363636364 0.11462450592885376 0.23426573426573427
2 0.2845849802371542 0.4965034965034965 0.08300395256916997 0.13636363636363635
2 0.2727272727272727 0.4230769230769231 0.06719367588932806 0.1048951048951049
2 0.2490118577075099 0.36713286713286714 0.05928853754940711 0.0944055944055944
3 0.4683794466403162 0.3181818181818182 0.09288537549407115 0.15034965034965034
3 0.5533596837944664 0.47202797202797203 0.2766798418972332 0.46853146853146854
