1 0.10474308300395258 0.9143356643356644 0.0533596837944664 0.14685314685314685
1 0.0958498023715415 0.6835664335664335 0.03557312252964427 0.13286713286713286
1 0.15316205533596838 0.5821678321678322 0.03162055335968379 0.11888111888111888
1 0.14723320158102768 0.4965034965034965 0.03162055335968379 0.0944055944055944
1 0.17786561264822134 0.5034965034965035 0.029644268774703556 0.10139860139860139
1 0.21739130434782608 0.5 0.029644268774703556 0.08741258741258741
1 0.2658102766798419 0.45454545454545453 0.023715415019762844 0.07342657342657342
1 0.3310276679841897 0.4230769230769231 0.05138339920948617 0.0944055944055944
1 0.39822134387351776 0.4195804195804196 0.023715415019762844 0.08741258741258741
1 0.41304347826086957 0.4755244755244755 0.025691699604743084 0.08741258741258741
1 0.2341897233201581 0.3479020979020979 0.019762845849802372 0.04895104895104895
1 0.16106719367588934 0.3951048951048951 0.015810276679841896 0.08741258741258741
1 0.17588932806324112 0.41083916083916083 0.021739130434782608 0.08391608391608392
1 0.19861660079051383 0.36363636363636365 0.019762845849802372 0.07342657342657342
2 0.3685770750988142 0.34615384615384615 0.03557312252964427 0.05944055944055944
2 0.39624505928853754 0.5437062937062938 0.07509881422924901 0.1258741258741259
2 0.31719367588932806 0.6048951048951049 0.09486166007905138 0.17132867132867133
2 0.48320158102766797 0.722027972027972 0.1067193675889328 0.18181818181818182
2 0.6225296442687747 0.6905594405594405 0.116600790513834 0.15384615384615385
2 0.7895256916996047 0.6520979020979021 0.16205533596837945 0.1958041958041958
4 0.23616600790513834 0.8548951048951049 0.14624505928853754 0.2727272727272727
4 0.4980237154150198 0.5174825174825175 0.09683794466403162 0.15734265734265734
3 0.4367588932806324 0.8723776223776224 0.14031620553359683 0.24475524475524477
0 0.05632411067193676 0.548951048951049 0.02766798418972332 0.10839160839160839
3 0.22628458498023715 0.2744755244755245 0.043478260869565216 0.08391608391608392
3 0.2737154150197628 0.26573426573426573 0.02766798418972332 0.06643356643356643
2 0.16304347826086957 0.31643356643356646 0.03557312252964427 0.055944055944055944
