1 0.041501976284584984 0.8566433566433567 0.037549407114624504 0.13286713286713286
1 0.18181818181818182 0.7272727272727273 0.04940711462450593 0.16783216783216784
1 0.09486166007905138 0.9020979020979021 0.045454545454545456 0.09090909090909091
1 0.0691699604743083 0.6328671328671329 0.039525691699604744 0.15384615384615385
1 0.11067193675889328 0.548951048951049 0.03557312252964427 0.11888111888111888
1 0.10276679841897234 0.46153846153846156 0.03162055335968379 0.1048951048951049
1 0.1324110671936759 0.45104895104895104 0.025691699604743084 0.10139860139860139
1 0.16600790513833993 0.46153846153846156 0.019762845849802372 0.0979020979020979
1 0.233201581027668 0.5384615384615384 0.021739130434782608 0.10839160839160839
1 0.4762845849802372 0.46853146853146854 0.029644268774703556 0.10839160839160839
1 0.3774703557312253 0.48951048951048953 0.023715415019762844 0.1048951048951049
1 0.7549407114624506 0.8811188811188811 0.07114624505928854 0.10839160839160839
1 0.5810276679841897 0.4020979020979021 0.03162055335968379 0.08041958041958042
1 0.4031620553359684 0.3881118881118881 0.01383399209486166 0.055944055944055944
1 0.4505928853754941 0.36013986013986016 0.017786561264822136 0.08391608391608392
1 0.42292490118577075 0.3776223776223776 0.021739130434782608 0.08391608391608392
1 0.2727272727272727 0.3321678321678322 0.015810276679841896 0.07342657342657342
1 0.1976284584980237 0.44405594405594406 0.025691699604743084 0.08741258741258741
1 0.1324110671936759 0.4090909090909091 0.021739130434782608 0.05944055944055944
1 0.19367588932806323 0.3916083916083916 0.025691699604743084 0.06293706293706294
1 0.17588932806324112 0.40559440559440557 0.021739130434782608 0.07342657342657342
1 0.2134387351778656 0.36713286713286714 0.025691699604743084 0.08041958041958042
1 0.17786561264822134 0.3111888111888112 0.025691699604743084 0.08391608391608392
2 0.43478260869565216 0.5944055944055944 0.09881422924901186 0.17482517482517482
2 0.30434782608695654 0.3741258741258741 0.05533596837944664 0.1048951048951049
2 0.24703557312252963 0.43006993006993005 0.06324110671936758 0.11888111888111888
2 0.21146245059288538 0.3146853146853147 0.037549407114624504 0.05944055944055944
2 0.30434782608695654 0.24825174825174826 0.025691699604743084 0.05944055944055944
-1 0.3241106719367589 0.26573426573426573 0.03359683794466403 0.06643356643356643
3 0.2549407114624506 0.19230769230769232 0.037549407114624504 0.07342657342657342
