1 0.1808300395256917 0.9108391608391608 0.03162055335968379 0.11888111888111888
1 0.2440711462450593 0.8776223776223776 0.03557312252964427 0.12237762237762238
1 0.26778656126482214 0.9283216783216783 0.05138339920948617 0.14685314685314685
1 0.2075098814229249 0.9527972027972028 0.06126482213438735 0.08391608391608392
1 0.12450592885375494 0.8706293706293706 0.04940711462450593 0.14335664335664336
1 0.12154150197628459 0.7552447552447552 0.039525691699604744 0.14335664335664336
1 0.14525691699604742 0.6870629370629371 0.05533596837944664 0.1258741258741259
1 0.17687747035573123 0.7517482517482518 0.04743083003952569 0.15034965034965034
1 0.20059288537549408 0.7534965034965035 0.05138339920948617 0.14685314685314685
1 0.26383399209486164 0.6870629370629371 0.03162055335968379 0.15384615384615385
1 0.23023715415019763 0.7237762237762237 0.04743083003952569 0.14335664335664336
1 0.2845849802371542 0.8164335664335665 0.06126482213438735 0.18181818181818182
1 0.20948616600790515 0.6153846153846154 0.037549407114624504 0.11538461538461539
1 0.09881422924901186 0.6381118881118881 0.037549407114624504 0.1048951048951049
1 0.03557312252964427 0.6503496503496503 0.0533596837944664 0.15034965034965034
1 0.11363636363636363 0.5874125874125874 0.03162055335968379 0.07342657342657342
1 0.15316205533596838 0.5979020979020979 0.043478260869565216 0.10139860139860139
1 0.1956521739130435 0.5157342657342657 0.04940711462450593 0.11888111888111888
1 0.22430830039525693 0.5611888111888111 0.03557312252964427 0.11188811188811189
1 0.14723320158102768 0.5017482517482518 0.023715415019762844 0.07692307692307693
1 0.11857707509881422 0.5 0.025691699604743084 0.07342657342657342
1 0.6047430830039525 0.6031468531468531 0.041501976284584984 0.1258741258741259
1 0.41699604743083 0.40559440559440557 0.025691699604743084 0.06643356643356643
1 0.18774703557312253 0.43356643356643354 0.021739130434782608 0.08041958041958042
1 0.22134387351778656 0.4405594405594406 0.03359683794466403 0.08041958041958042
1 0.13636363636363635 0.4353146853146853 0.025691699604743084 0.08391608391608392
1 0.17391304347826086 0.4178321678321678 0.017786561264822136 0.055944055944055944
1 0.2183794466403162 0.3688811188811189 0.023715415019762844 0.09090909090909091
1 0.34881422924901184 0.3181818181818182 0.03162055335968379 0.05944055944055944
0 0.7974308300395256 0.6451048951048951 0.03162055335968379 0.13986013986013987
2 0.5276679841897233 0.8059440559440559 0.13636363636363635 0.2517482517482518
2 0.383399209486166 0.5454545454545454 0.037549407114624504 0.10839160839160839
2 0.682806324110672 0.7604895104895105 0.15019762845849802 0.23076923076923078
2 0.274703557312253 0.5524475524475524 0.045454545454545456 0.14335664335664336
2 0.6620553359683794 0.9370629370629371 0.1600790513833992 0.10839160839160839
3 0.39031620553359686 0.777972027972028 0.1383399209486166 0.2517482517482518
2 0.25790513833992096 0.36013986013986016 0.043478260869565216 0.08741258741258741
4 0.45849802371541504 0.5856643356643356 0.12450592885375494 0.26573426573426573
4 0.3290513833992095 0.5926573426573427 0.09486166007905138 0.23776223776223776
4 0.5612648221343873 0.3916083916083916 0.10869565217391304 0.15034965034965034
