1 0.15217391304347827 0.8986013986013986 0.045454545454545456 0.17132867132867133
1 0.12845849802371542 0.8059440559440559 0.045454545454545456 0.13986013986013987
1 0.10573122529644269 0.5681818181818182 0.023715415019762844 0.1048951048951049
1 0.45553359683794464 0.7727272727272727 0.043478260869565216 0.16433566433566432
1 0.35276679841897235 0.5664335664335665 0.02766798418972332 0.12237762237762238
1 0.4051383399209486 0.5594405594405595 0.037549407114624504 0.12237762237762238
1 0.5217391304347826 0.5 0.021739130434782608 0.0944055944055944
1 0.5889328063241107 0.4562937062937063 0.025691699604743084 0.08391608391608392
1 0.5207509881422925 0.42132867132867136 0.03162055335968379 0.07692307692307693
1 0.18675889328063242 0.5874125874125874 0.02766798418972332 0.10839160839160839
1 0.1966403162055336 0.5332167832167832 0.039525691699604744 0.08391608391608392
1 0.30632411067193677 0.43006993006993005 0.017786561264822136 0.08741258741258741
1 0.28952569169960474 0.47202797202797203 0.023715415019762844 0.08041958041958042
1 0.12944664031620554 0.458041958041958 0.05138339920948617 0.08741258741258741
1 0.1857707509881423 0.4597902097902098 0.029644268774703556 0.08391608391608392
1 0.4150197628458498 0.38461538461538464 0.025691699604743084 0.06643356643356643
1 0.21146245059288538 0.4353146853146853 0.017786561264822136 0.06993006993006994
1 0.18873517786561264 0.3986013986013986 0.02766798418972332 0.06643356643356643
1 0.26976284584980237 0.3881118881118881 0.019762845849802372 0.07342657342657342
1 0.24703557312252963 0.4020979020979021 0.025691699604743084 0.07342657342657342
2 0.23616600790513834 0.7342657342657343 0.09486166007905138 0.1853146853146853
2 0.2648221343873518 0.534965034965035 0.0691699604743083 0.12937062937062938
2 0.43478260869565216 0.46153846153846156 0.07312252964426877 0.10839160839160839
2 0.38438735177865613 0.3409090909090909 0.043478260869565216 0.06293706293706294
2 0.2618577075098814 0.3374125874125874 0.039525691699604744 0.055944055944055944
2 0.24209486166007904 0.29545454545454547 0.03557312252964427 0.055944055944055944
4 0.3349802371541502 0.36538461538461536 0.06324110671936758 0.13286713286713286
4 0.775691699604743 0.8304195804195804 0.24110671936758893 0.32167832167832167
0 0.7351778656126482 0.5332167832167832 0.021739130434782608 0.1048951048951049
