1 0.13043478260869565 0.6433566433566433 0.03359683794466403 0.13636363636363635
1 0.22727272727272727 0.7307692307692307 0.03359683794466403 0.13636363636363635
1 0.039525691699604744 0.5926573426573427 0.037549407114624504 0.1258741258741259
1 0.16600790513833993 0.6923076923076923 0.03359683794466403 0.13636363636363635
1 0.13537549407114624 0.9353146853146853 0.05138339920948617 0.11188811188811189
1 0.2816205533596838 0.916083916083916 0.05138339920948617 0.14335664335664336
1 0.26679841897233203 0.8006993006993007 0.041501976284584984 0.16433566433566432
1 0.22826086956521738 0.8811188811188811 0.039525691699604744 0.17832167832167833
1 0.3221343873517787 0.7674825174825175 0.041501976284584984 0.16783216783216784
1 0.3804347826086957 0.6538461538461539 0.03557312252964427 0.14335664335664336
1 0.21442687747035574 0.5541958041958042 0.023715415019762844 0.11888111888111888
1 0.31225296442687744 0.6625874125874126 0.03359683794466403 0.11188811188811189
1 0.15612648221343872 0.5576923076923077 0.021739130434782608 0.0979020979020979
1 0.58399209486166 0.6818181818181818 0.039525691699604744 0.17132867132867133
1 0.5335968379446641 0.5384615384615384 0.029644268774703556 0.10139860139860139
1 0.691699604743083 0.7342657342657343 0.0533596837944664 0.17832167832167833
1 0.782608695652174 0.8496503496503497 0.06126482213438735 0.2062937062937063
2 0.5059288537549407 0.722027972027972 0.12055335968379446 0.17482517482517482
2 0.4140316205533597 0.5332167832167832 0.07905138339920949 0.1258741258741259
2 0.34881422924901184 0.46678321678321677 0.05928853754940711 0.11188811188811189
2 0.26778656126482214 0.4527972027972028 0.06719367588932806 0.1048951048951049
2 0.2618577075098814 0.38636363636363635 0.05533596837944664 0.06293706293706294
2 0.4298418972332016 0.38636363636363635 0.06324110671936758 0.09090909090909091
2 0.575098814229249 0.9143356643356644 0.17193675889328064 0.15384615384615385
2 0.6294466403162056 0.3129370629370629 0.05138339920948617 0.06993006993006994
