1 0.03162055335968379 0.47202797202797203 0.041501976284584984 0.13986013986013987
1 0.14624505928853754 0.38636363636363635 0.029644268774703556 0.11188811188811189
1 0.0800395256916996 0.534965034965035 0.05533596837944664 0.11188811188811189
1 0.21640316205533597 0.4982517482517482 0.039525691699604744 0.13986013986013987
1 0.2707509881422925 0.6188811188811189 0.045454545454545456 0.16083916083916083
1 0.2727272727272727 0.6923076923076923 0.0533596837944664 0.13286713286713286
1 0.3231225296442688 0.708041958041958 0.04743083003952569 0.1853146853146853
1 0.38735177865612647 0.784965034965035 0.06521739130434782 0.16433566433566432
1 0.2025691699604743 0.38286713286713286 0.023715415019762844 0.07692307692307693
1 0.17885375494071146 0.3479020979020979 0.019762845849802372 0.07692307692307693
1 0.20355731225296442 0.3531468531468531 0.021739130434782608 0.05244755244755245
1 0.1600790513833992 0.32342657342657344 0.017786561264822136 0.06293706293706294
2 0.35079051383399207 0.6451048951048951 0.10276679841897234 0.2062937062937063
2 0.5316205533596838 0.8513986013986014 0.1324110671936759 0.2097902097902098
2 0.39920948616600793 0.6031468531468531 0.08102766798418973 0.13636363636363635
2 0.6086956521739131 0.7395104895104895 0.07312252964426877 0.07692307692307693
3 0.2924901185770751 0.46853146853146854 0.0691699604743083 0.16083916083916083
3 0.3448616600790514 0.4965034965034965 0.05533596837944664 0.11888111888111888
3 0.25 0.3793706293706294 0.05533596837944664 0.11888111888111888
4 0.2994071146245059 0.4143356643356643 0.04743083003952569 0.10839160839160839
0 0.6492094861660079 0.8286713286713286 0.03162055335968379 0.10139860139860139
1 0.9071146245059288 1.2674825174825175 0.0691699604743083 0.12237762237762238
