1 0.09980237154150198 0.5454545454545454 0.043478260869565216 0.11538461538461539
1 0.17984189723320157 0.6328671328671329 0.06126482213438735 0.10139860139860139
1 0.2628458498023715 0.6870629370629371 0.0533596837944664 0.13286713286713286
1 0.4051383399209486 0.8409090909090909 0.04940711462450593 0.06993006993006994
1 0.2974308300395257 0.5944055944055944 0.03557312252964427 0.15034965034965034
1 0.09980237154150198 0.36363636363636365 0.02766798418972332 0.0979020979020979
1 0.16106719367588934 0.4020979020979021 0.023715415019762844 0.0979020979020979
1 0.274703557312253 0.5209790209790209 0.029644268774703556 0.11538461538461539
1 0.3695652173913043 0.6118881118881119 0.029644268774703556 0.11888111888111888
1 0.30039525691699603 0.4982517482517482 0.021739130434782608 0.10139860139860139
1 0.14624505928853754 0.3409090909090909 0.025691699604743084 0.08391608391608392
1 0.18379446640316205 0.3881118881118881 0.017786561264822136 0.09090909090909091
1 0.17490118577075098 0.3304195804195804 0.015810276679841896 0.07342657342657342
1 0.1551383399209486 0.31643356643356646 0.015810276679841896 0.055944055944055944
1 0.2727272727272727 0.4493006993006993 0.03359683794466403 0.07342657342657342
1 0.30632411067193677 0.4807692307692308 0.041501976284584984 0.08391608391608392
1 0.4614624505928854 0.6206293706293706 0.02766798418972332 0.08391608391608392
1 0.5187747035573123 0.6538461538461539 0.019762845849802372 0.07692307692307693
1 0.5523715415019763 0.6695804195804196 0.043478260869565216 0.06993006993006994
1 0.4654150197628458 0.5944055944055944 0.019762845849802372 0.05944055944055944
1 0.36561264822134387 0.5017482517482518 0.025691699604743084 0.055944055944055944
1 0.7628458498023716 1.0454545454545454 0.045454545454545456 0.15734265734265734
1 0.8142292490118577 1.1223776223776223 0.045454545454545456 0.13286713286713286
0 0.05237154150197629 0.3269230769230769 0.039525691699604744 0.12237762237762238
0 0.5899209486166008 0.7395104895104895 0.03162055335968379 0.0979020979020979
2 0.38438735177865613 0.5856643356643356 0.06324110671936758 0.1048951048951049
2 0.3567193675889328 0.5227272727272727 0.043478260869565216 0.08741258741258741
2 0.2015810276679842 0.3951048951048951 0.0533596837944664 0.0979020979020979
2 0.5543478260869565 0.798951048951049 0.09881422924901186 0.17132867132867133
2 0.7984189723320159 1.2202797202797202 0.1956521739130435 0.13636363636363635
3 0.5128458498023716 0.8024475524475524 0.14624505928853754 0.3006993006993007
3 0.25889328063241107 0.3968531468531469 0.06126482213438735 0.11888111888111888
2 0.40711462450592883 0.5576923076923077 0.06126482213438735 0.08741258741258741
