1 0.11067193675889328 0.7534965034965035 0.041501976284584984 0.16083916083916083
1 0.19268774703557312 0.7604895104895105 0.039525691699604744 0.13986013986013987
1 0.22628458498023715 0.8059440559440559 0.03557312252964427 0.15384615384615385
1 0.12055335968379446 0.5944055944055944 0.03359683794466403 0.0944055944055944
1 0.116600790513834 0.6748251748251748 0.041501976284584984 0.10839160839160839
1 0.16304347826086957 0.6258741258741258 0.02766798418972332 0.15034965034965034
1 0.19960474308300397 0.6590909090909091 0.03359683794466403 0.11888111888111888
1 0.21936758893280633 0.6188811188811189 0.029644268774703556 0.12237762237762238
1 0.25 0.5926573426573427 0.02766798418972332 0.11888111888111888
1 0.1432806324110672 0.506993006993007 0.019762845849802372 0.08041958041958042
1 0.16600790513833993 0.5262237762237763 0.025691699604743084 0.09090909090909091
1 0.2598814229249012 0.5034965034965035 0.02766798418972332 0.0944055944055944
1 0.22233201581027667 0.4982517482517482 0.02766798418972332 0.09090909090909091
1 0.424901185770751 0.40384615384615385 0.025691699604743084 0.08391608391608392
1 0.3794466403162055 0.5104895104895105 0.021739130434782608 0.0944055944055944
1 0.43478260869565216 0.5104895104895105 0.03359683794466403 0.07342657342657342
1 0.58399209486166 0.5157342657342657 0.03162055335968379 0.0979020979020979
1 0.633399209486166 0.44755244755244755 0.02766798418972332 0.08741258741258741
1 0.45652173913043476 0.41083916083916083 0.03359683794466403 0.09090909090909091
2 0.32806324110671936 0.798951048951049 0.1007905138339921 0.2097902097902098
2 0.31521739130434784 0.6433566433566433 0.09486166007905138 0.13636363636363635
2 0.31719367588932806 0.5454545454545454 0.07905138339920949 0.12937062937062938
2 0.18873517786561264 0.9143356643356644 0.1383399209486166 0.15384615384615385
2 0.5622529644268774 0.8374125874125874 0.13043478260869565 0.2097902097902098
2 0.4634387351778656 0.6311188811188811 0.10276679841897234 0.18181818181818182
2 0.3804347826086957 0.46678321678321677 0.06719367588932806 0.11888111888111888
2 0.6175889328063241 0.6538461538461539 0.1067193675889328 0.15734265734265734
2 0.2826086956521739 0.41083916083916083 0.0533596837944664 0.0979020979020979
2 0.39031620553359686 0.36538461538461536 0.04743083003952569 0.07692307692307693
4 0.5197628458498024 0.49475524475524474 0.10474308300395258 0.21678321678321677
3 0.24703557312252963 0.3269230769230769 0.05731225296442688 0.0979020979020979
