1 0.07312252964426877 0.7832167832167832 0.037549407114624504 0.17132867132867133
1 0.12055335968379446 0.8513986013986014 0.045454545454545456 0.1958041958041958
1 0.23221343873517786 0.7727272727272727 0.04743083003952569 0.16433566433566432
1 0.18379446640316205 0.6695804195804196 0.03359683794466403 0.13986013986013987
1 0.13636363636363635 0.5751748251748252 0.029644268774703556 0.11188811188811189
1 0.15217391304347827 0.506993006993007 0.029644268774703556 0.0944055944055944
1 0.1956521739130435 0.548951048951049 0.03359683794466403 0.10839160839160839
1 0.24604743083003952 0.5402097902097902 0.03557312252964427 0.11888111888111888
1 0.26976284584980237 0.4982517482517482 0.02766798418972332 0.11188811188811189
1 0.35177865612648224 0.6520979020979021 0.037549407114624504 0.14685314685314685
1 0.5405138339920948 0.6013986013986014 0.039525691699604744 0.12937062937062938
1 0.41007905138339923 0.44405594405594406 0.02766798418972332 0.0944055944055944
1 0.16106719367588934 0.3986013986013986 0.023715415019762844 0.08041958041958042
1 0.18478260869565216 0.4230769230769231 0.023715415019762844 0.08041958041958042
1 0.6057312252964426 0.43356643356643354 0.039525691699604744 0.0944055944055944
1 0.4950592885375494 0.3776223776223776 0.03162055335968379 0.07342657342657342
2 0.26679841897233203 0.42832167832167833 0.06126482213438735 0.11188811188811189
2 0.5266798418972332 0.8426573426573427 0.1541501976284585 0.2902097902097902
2 0.6561264822134387 0.7692307692307693 0.1482213438735178 0.22727272727272727
1 0.6788537549407114 0.9178321678321678 0.05138339920948617 0.14685314685314685
2 0.3458498023715415 0.43006993006993005 0.04940711462450593 0.08741258741258741
