1 0.045454545454545456 0.8811188811188811 0.05731225296442688 0.11188811188811189
1 0.041501976284584984 0.7377622377622378 0.0533596837944664 0.15384615384615385
1 0.09486166007905138 0.7447552447552448 0.041501976284584984 0.2062937062937063
1 0.13043478260869565 0.8041958041958042 0.045454545454545456 0.17832167832167833
1 0.1956521739130435 0.8146853146853147 0.045454545454545456 0.16783216783216784
1 0.24703557312252963 0.8426573426573427 0.043478260869565216 0.15384615384615385
1 0.424901185770751 0.6188811188811189 0.043478260869565216 0.15034965034965034
1 0.4841897233201581 0.486013986013986 0.029644268774703556 0.1048951048951049
1 0.5355731225296443 0.479020979020979 0.03162055335968379 0.11188811188811189
1 0.5711462450592886 0.5209790209790209 0.029644268774703556 0.11188811188811189
1 0.6086956521739131 0.4405594405594406 0.041501976284584984 0.0979020979020979
1 0.08695652173913043 0.6153846153846154 0.03557312252964427 0.0979020979020979
2 0.30039525691699603 0.534965034965035 0.10276679841897234 0.1853146853146853
2 0.37351778656126483 0.48951048951048953 0.08695652173913043 0.11888111888111888
2 0.33992094861660077 0.4090909090909091 0.06719367588932806 0.1048951048951049
2 0.4209486166007905 0.3986013986013986 0.06126482213438735 0.1048951048951049
2 0.3814229249011858 0.34265734265734266 0.0533596837944664 0.08391608391608392
2 0.658102766798419 0.7867132867132867 0.2134387351778656 0.2062937062937063
4 0.2628458498023715 0.3811188811188811 0.08300395256916997 0.1993006993006993
3 0.15019762845849802 0.43356643356643354 0.10869565217391304 0.2902097902097902
1 0.09881422924901186 0.506993006993007 0.03557312252964427 0.10839160839160839
1 0.616600790513834 0.32517482517482516 0.029644268774703556 0.06643356643356643
