1 0.6116600790513834 0.8513986013986014 0.043478260869565216 0.14685314685314685
1 0.4772727272727273 0.6468531468531469 0.023715415019762844 0.08741258741258741
1 0.41798418972332013 0.5594405594405595 0.03162055335968379 0.08391608391608392
1 0.58399209486166 0.7465034965034965 0.023715415019762844 0.09090909090909091
1 0.6126482213438735 0.791958041958042 0.03359683794466403 0.10139860139860139
1 0.6363636363636364 0.8006993006993007 0.03359683794466403 0.1258741258741259
1 0.22430830039525693 0.4090909090909091 0.02766798418972332 0.09090909090909091
1 0.1067193675889328 0.3548951048951049 0.025691699604743084 0.0944055944055944
1 0.08498023715415019 0.4388111888111888 0.037549407114624504 0.1258741258741259
1 0.05138339920948617 0.4458041958041958 0.037549407114624504 0.12237762237762238
1 0.16600790513833993 0.5664335664335665 0.041501976284584984 0.17832167832167833
1 0.1551383399209486 0.5262237762237763 0.03557312252964427 0.11888111888111888
1 0.12055335968379446 0.4458041958041958 0.029644268774703556 0.14685314685314685
1 0.03458498023715415 0.4737762237762238 0.03557312252964427 0.13636363636363635
1 0.08893280632411067 0.3968531468531469 0.029644268774703556 0.10139860139860139
1 0.13932806324110672 0.42657342657342656 0.023715415019762844 0.11188811188811189
1 0.1432806324110672 0.3374125874125874 0.02766798418972332 0.08741258741258741
1 0.24110671936758893 0.5157342657342657 0.025691699604743084 0.08741258741258741
1 0.1907114624505929 0.47027972027972026 0.023715415019762844 0.0944055944055944
2 0.30533596837944665 0.5367132867132867 0.07114624505928854 0.13986013986013987
2 0.3231225296442688 0.6048951048951049 0.08300395256916997 0.13986013986013987
2 0.4031620553359684 0.7202797202797203 0.10869565217391304 0.1958041958041958
2 0.4505928853754941 0.8496503496503497 0.15217391304347827 0.22377622377622378
2 0.40711462450592883 0.6346153846153846 0.06521739130434782 0.10139860139860139
2 0.4505928853754941 0.6975524475524476 0.09288537549407115 0.16783216783216784
2 0.5237154150197628 0.8269230769230769 0.11264822134387352 0.22727272727272727
2 0.18675889328063242 0.38461538461538464 0.05138339920948617 0.09090909090909091
0 0.6037549407114624 0.722027972027972 0.015810276679841896 0.06993006993006994
0 0.6225296442687747 0.743006993006993 0.021739130434782608 0.06993006993006994
2 0.3616600790513834 0.534965034965035 0.04940711462450593 0.09090909090909091
3 0.3191699604743083 0.4195804195804196 0.05928853754940711 0.1048951048951049
3 0.29347826086956524 0.6888111888111889 0.22134387351778656 0.32517482517482516
4 0.6847826086956522 1.06993006993007 0.23715415019762845 0.2692307692307692
