1 0.19861660079051383 0.7202797202797203 0.04743083003952569 0.16433566433566432
1 0.26679841897233203 0.541958041958042 0.045454545454545456 0.12237762237762238
1 0.16897233201581027 0.5664335664335665 0.043478260869565216 0.12237762237762238
1 0.6788537549407114 0.6870629370629371 0.05533596837944664 0.16783216783216784
1 0.18181818181818182 0.9090909090909091 0.06126482213438735 0.16433566433566432
1 0.10474308300395258 0.9493006993006993 0.041501976284584984 0.09090909090909091
1 0.3409090909090909 0.6083916083916084 0.04743083003952569 0.16433566433566432
1 0.21936758893280633 0.5524475524475524 0.045454545454545456 0.12237762237762238
1 0.13339920948616601 0.4965034965034965 0.03162055335968379 0.0944055944055944
1 0.18478260869565216 0.44405594405594406 0.03162055335968379 0.0944055944055944
1 0.39822134387351776 0.45104895104895104 0.03162055335968379 0.0944055944055944
1 0.6037549407114624 0.42657342657342656 0.03162055335968379 0.0944055944055944
1 0.532608695652174 0.47202797202797203 0.03162055335968379 0.0944055944055944
1 0.7885375494071146 0.666083916083916 0.03359683794466403 0.13286713286713286
1 0.825098814229249 0.6678321678321678 0.05138339920948617 0.13636363636363635
0 0.03458498023715415 0.6765734265734266 0.039525691699604744 0.14685314685314685
0 0.6966403162055336 0.5472027972027972 0.023715415019762844 0.09090909090909091
0 0.6739130434782609 0.5454545454545454 0.025691699604743084 0.11538461538461539
0 0.08695652173913043 0.506993006993007 0.029644268774703556 0.11538461538461539
1 0.5681818181818182 0.36713286713286714 0.023715415019762844 0.05944055944055944
2 0.48616600790513836 0.6853146853146853 0.08102766798418973 0.16433566433566432
2 0.5029644268774703 0.3513986013986014 0.08300395256916997 0.06993006993006994
2 0.3438735177865613 0.40034965034965037 0.0533596837944664 0.08391608391608392
2 0.45652173913043476 0.4825174825174825 0.07312252964426877 0.12937062937062938
2 0.3438735177865613 0.47202797202797203 0.0533596837944664 0.0944055944055944
2 0.5405138339920948 0.5716783216783217 0.09486166007905138 0.15384615384615385
2 0.5681818181818182 0.8496503496503497 0.18181818181818182 0.28321678321678323
2 0.2509881422924901 0.40734265734265734 0.045454545454545456 0.07692307692307693
3 0.2875494071146245 0.2674825174825175 0.05533596837944664 0.11888111888111888
3 0.6353754940711462 0.3129370629370629 0.13043478260869565 0.11888111888111888
