1 0.041501976284584984 0.46853146853146854 0.0533596837944664 0.17482517482517482
1 0.09683794466403162 0.4737762237762238 0.0533596837944664 0.17132867132867133
1 0.09288537549407115 0.5472027972027972 0.0533596837944664 0.10839160839160839
1 0.1551383399209486 0.5611888111888111 0.05138339920948617 0.16783216783216784
1 0.24308300395256918 0.5891608391608392 0.04940711462450593 0.17832167832167833
1 0.10276679841897234 0.3723776223776224 0.025691699604743084 0.10839160839160839
1 0.12944664031620554 0.4090909090909091 0.03162055335968379 0.11888111888111888
1 0.24308300395256918 0.5122377622377622 0.029644268774703556 0.12937062937062938
1 0.26679841897233203 0.5681818181818182 0.037549407114624504 0.15034965034965034
1 0.2885375494071146 0.5541958041958042 0.03359683794466403 0.12937062937062938
1 0.2648221343873518 0.5104895104895105 0.025691699604743084 0.10139860139860139
1 0.5741106719367589 0.7412587412587412 0.02766798418972332 0.11888111888111888
1 0.5938735177865613 0.7447552447552448 0.019762845849802372 0.10839160839160839
1 0.22332015810276679 0.44755244755244755 0.025691699604743084 0.0944055944055944
1 0.16996047430830039 0.38461538461538464 0.021739130434782608 0.0944055944055944
1 0.14031620553359683 0.38986013986013984 0.029644268774703556 0.0944055944055944
1 0.12351778656126482 0.34440559440559443 0.03162055335968379 0.08391608391608392
1 0.21146245059288538 0.40559440559440557 0.0533596837944664 0.07692307692307693
2 0.34980237154150196 0.6888111888111889 0.09683794466403162 0.20279720279720279
2 0.5830039525691699 0.993006993006993 0.15612648221343872 0.17482517482517482
2 0.6857707509881423 1.0122377622377623 0.12845849802371542 0.20279720279720279
2 0.5247035573122529 0.8129370629370629 0.13043478260869565 0.22727272727272727
2 0.44466403162055335 0.6853146853146853 0.0691699604743083 0.12937062937062938
2 0.3211462450592885 0.5699300699300699 0.07114624505928854 0.12237762237762238
2 0.2776679841897233 0.49475524475524474 0.07114624505928854 0.10139860139860139
2 0.3922924901185771 0.6118881118881119 0.07114624505928854 0.11188811188811189
2 0.4654150197628458 0.6608391608391608 0.06324110671936758 0.0944055944055944
2 0.2756916996047431 0.458041958041958 0.05533596837944664 0.08041958041958042
2 0.3359683794466403 0.49125874125874125 0.045454545454545456 0.07692307692307693
2 0.391304347826087 0.5454545454545454 0.041501976284584984 0.10139860139860139
2 0.41699604743083 0.5629370629370629 0.05731225296442688 0.08741258741258741
3 0.25 0.3916083916083916 0.04743083003952569 0.07342657342657342
3 0.3715415019762846 0.48776223776223776 0.08102766798418973 0.13286713286713286
