3 0.4140316205533597 0.7395104895104895 0.21739130434782608 0.44755244755244755
1 0.13932806324110672 0.541958041958042 0.043478260869565216 0.1888111888111888
1 0.208498023715415 0.5052447552447552 0.03557312252964427 0.13986013986013987
1 0.6146245059288538 0.8723776223776224 0.037549407114624504 0.14685314685314685
1 0.6709486166007905 1.0332167832167831 0.05928853754940711 0.16433566433566432
1 0.17588932806324112 0.39335664335664333 0.025691699604743084 0.09090909090909091
1 0.3705533596837945 0.583916083916084 0.03557312252964427 0.08041958041958042
1 0.19268774703557312 0.38461538461538464 0.019762845849802372 0.08391608391608392
1 0.22826086956521738 0.40734265734265734 0.023715415019762844 0.08741258741258741
1 0.15612648221343872 0.3409090909090909 0.017786561264822136 0.06993006993006994
1 0.4397233201581028 0.5786713286713286 0.015810276679841896 0.08041958041958042
1 0.4654150197628458 0.6153846153846154 0.019762845849802372 0.08391608391608392
1 0.6432806324110671 0.7902097902097902 0.023715415019762844 0.08041958041958042
1 0.29051383399209485 0.4423076923076923 0.021739130434782608 0.06293706293706294
1 0.2549407114624506 0.4178321678321678 0.021739130434782608 0.07692307692307693
1 0.3102766798418972 0.4405594405594406 0.021739130434782608 0.06993006993006994
1 0.33893280632411066 0.44755244755244755 0.015810276679841896 0.055944055944055944
1 0.3567193675889328 0.47027972027972026 0.011857707509881422 0.055944055944055944
1 0.18675889328063242 0.34615384615384615 0.015810276679841896 0.06643356643356643
1 0.2608695652173913 0.38461538461538464 0.01383399209486166 0.04895104895104895
1 0.21640316205533597 0.3548951048951049 0.011857707509881422 0.05244755244755245
1 0.29150197628458496 0.38986013986013984 0.015810276679841896 0.03496503496503497
2 0.6245059288537549 0.7290209790209791 0.0691699604743083 0.06643356643356643
4 0.233201581027668 0.3304195804195804 0.03359683794466403 0.07342657342657342
