1 0.08399209486166008 0.8356643356643356 0.05533596837944664 0.17832167832167833
1 0.1907114624505929 0.7622377622377622 0.05533596837944664 0.15734265734265734
1 0.20355731225296442 0.6695804195804196 0.041501976284584984 0.11888111888111888
1 0.2737154150197628 0.6678321678321678 0.05138339920948617 0.15034965034965034
1 0.2727272727272727 0.8251748251748252 0.04940711462450593 0.15734265734265734
1 0.26778656126482214 0.9388111888111889 0.06719367588932806 0.08391608391608392
1 0.2440711462450593 0.5402097902097902 0.03162055335968379 0.1048951048951049
1 0.22826086956521738 0.4982517482517482 0.019762845849802372 0.08391608391608392
1 0.2707509881422925 0.48951048951048953 0.037549407114624504 0.0944055944055944
1 0.475296442687747 0.541958041958042 0.02766798418972332 0.11538461538461539
1 0.3814229249011858 0.43006993006993005 0.029644268774703556 0.10139860139860139
1 0.49407114624505927 0.5017482517482518 0.025691699604743084 0.1048951048951049
1 0.5276679841897233 0.3968531468531469 0.037549407114624504 0.08391608391608392
1 0.22035573122529645 0.42482517482517484 0.04743083003952569 0.07692307692307693
1 0.17292490118577075 0.40734265734265734 0.023715415019762844 0.1048951048951049
2 0.37648221343873517 0.7412587412587412 0.1067193675889328 0.1853146853146853
2 0.5553359683794467 0.8321678321678322 0.12450592885375494 0.2202797202797203
2 0.8349802371541502 0.8951048951048951 0.20948616600790515 0.19230769230769232
2 0.3349802371541502 0.4195804195804196 0.05533596837944664 0.0944055944055944
2 0.26877470355731226 0.3706293706293706 0.041501976284584984 0.06643356643356643
2 0.2885375494071146 0.3339160839160839 0.041501976284584984 0.06293706293706294
2 0.4318181818181818 0.40034965034965037 0.05928853754940711 0.06293706293706294
2 0.4318181818181818 0.46153846153846156 0.06719367588932806 0.08041958041958042
4 0.5800395256916996 0.5909090909090909 0.14624505928853754 0.2902097902097902
