1 0.1373517786561265 0.4982517482517482 0.043478260869565216 0.15384615384615385
1 0.039525691699604744 0.31993006993006995 0.029644268774703556 0.12937062937062938
1 0.19367588932806323 0.5297202797202797 0.03359683794466403 0.16433566433566432
1 0.22332015810276679 0.6573426573426573 0.041501976284584984 0.10839160839160839
1 0.28952569169960474 0.7045454545454546 0.04743083003952569 0.13286713286713286
1 0.29051383399209485 0.6538461538461539 0.037549407114624504 0.12937062937062938
1 0.22826086956521738 0.6188811188811189 0.043478260869565216 0.11188811188811189
1 0.23517786561264822 0.5611888111888111 0.041501976284584984 0.13636363636363635
1 0.2717391304347826 0.5769230769230769 0.03162055335968379 0.14335664335664336
1 0.27865612648221344 0.506993006993007 0.025691699604743084 0.10839160839160839
1 0.4575098814229249 0.8059440559440559 0.05138339920948617 0.17832167832167833
1 0.6689723320158103 1.0052447552447552 0.05928853754940711 0.20279720279720279
1 0.7272727272727273 1.0541958041958042 0.0533596837944664 0.1958041958041958
1 0.808300395256917 1.1503496503496504 0.06521739130434782 0.15384615384615385
1 0.7697628458498024 0.986013986013986 0.02766798418972332 0.13286713286713286
1 0.6294466403162056 0.8234265734265734 0.023715415019762844 0.09090909090909091
1 0.35375494071146246 0.5437062937062938 0.025691699604743084 0.0944055944055944
1 0.1956521739130435 0.4178321678321678 0.025691699604743084 0.10839160839160839
1 0.5988142292490118 0.7727272727272727 0.025691699604743084 0.09090909090909091
1 0.5731225296442688 0.7447552447552448 0.021739130434782608 0.055944055944055944
2 0.3241106719367589 0.5891608391608392 0.0691699604743083 0.11188811188811189
2 0.39920948616600793 0.6101398601398601 0.07312252964426877 0.13286713286713286
2 0.4535573122529644 0.7185314685314685 0.09486166007905138 0.1258741258741259
2 0.5069169960474308 0.8216783216783217 0.11462450592885376 0.16783216783216784
2 0.5899209486166008 1.0034965034965035 0.16600790513833993 0.17832167832167833
2 0.6590909090909091 0.9388111888111889 0.13043478260869565 0.1958041958041958
2 0.5642292490118577 0.7937062937062938 0.09486166007905138 0.16433566433566432
3 0.3102766798418972 0.506993006993007 0.07312252964426877 0.13636363636363635
3 0.1482213438735178 0.38986013986013984 0.08498023715415019 0.2517482517482518
3 0.44664031620553357 0.5874125874125874 0.116600790513834 0.1958041958041958
1 0.08794466403162056 0.32517482517482516 0.02766798418972332 0.10139860139860139
3 0.3557312252964427 0.47202797202797203 0.06126482213438735 0.10139860139860139
3 0.23122529644268774 0.3321678321678322 0.03359683794466403 0.07342657342657342
