1 0.09189723320158102 0.9090909090909091 0.05533596837944664 0.16433566433566432
1 0.17193675889328064 0.8566433566433567 0.045454545454545456 0.15734265734265734
1 0.2608695652173913 0.8636363636363636 0.045454545454545456 0.15734265734265734
1 0.10869565217391304 0.7797202797202797 0.029644268774703556 0.14335664335664336
1 0.14723320158102768 0.8041958041958042 0.043478260869565216 0.15034965034965034
1 0.1541501976284585 0.708041958041958 0.03359683794466403 0.08391608391608392
1 0.13438735177865613 0.6468531468531469 0.03359683794466403 0.12237762237762238
1 0.16996047430830039 0.6223776223776224 0.03359683794466403 0.12237762237762238
1 0.11561264822134387 0.5367132867132867 0.02766798418972332 0.0979020979020979
1 0.2855731225296443 0.534965034965035 0.023715415019762844 0.0944055944055944
1 0.2598814229249012 0.46503496503496505 0.019762845849802372 0.08741258741258741
1 0.599802371541502 0.5384615384615384 0.03557312252964427 0.10839160839160839
1 0.6847826086956522 0.5716783216783217 0.03162055335968379 0.13286713286713286
1 0.6946640316205533 0.7744755244755245 0.05138339920948617 0.15384615384615385
1 0.7559288537549407 0.8776223776223776 0.06719367588932806 0.1853146853146853
2 0.2183794466403162 0.5524475524475524 0.06719367588932806 0.12237762237762238
2 0.33300395256917 0.6346153846153846 0.09486166007905138 0.17482517482517482
2 0.4051383399209486 0.8269230769230769 0.13636363636363635 0.23076923076923078
2 0.5365612648221344 0.7709790209790209 0.1225296442687747 0.1888111888111888
2 0.4318181818181818 0.5786713286713286 0.08695652173913043 0.13286713286713286
2 0.3824110671936759 0.48951048951048953 0.05928853754940711 0.0944055944055944
2 0.4031620553359684 0.4370629370629371 0.07707509881422925 0.10839160839160839
2 0.2875494071146245 0.3706293706293706 0.04743083003952569 0.08741258741258741
1 0.532608695652174 0.40034965034965037 0.03557312252964427 0.07692307692307693
