1 0.08596837944664032 0.798951048951049 0.04743083003952569 0.17482517482517482
1 0.22628458498023715 0.7115384615384616 0.039525691699604744 0.13986013986013987
1 0.1907114624505929 0.8793706293706294 0.04743083003952569 0.16783216783216784
1 0.07213438735177866 0.9353146853146853 0.04743083003952569 0.11188811188811189
1 0.1551383399209486 0.7185314685314685 0.03162055335968379 0.15384615384615385
1 0.16403162055335968 0.5699300699300699 0.025691699604743084 0.10839160839160839
1 0.15217391304347827 0.5174825174825175 0.025691699604743084 0.10839160839160839
1 0.12549407114624506 0.46853146853146854 0.023715415019762844 0.08741258741258741
1 0.21442687747035574 0.46503496503496505 0.023715415019762844 0.08741258741258741
1 0.6294466403162056 0.7132867132867133 0.039525691699604744 0.15734265734265734
1 0.5533596837944664 0.6625874125874126 0.03359683794466403 0.13286713286713286
1 0.5474308300395256 0.5734265734265734 0.029644268774703556 0.10139860139860139
1 0.4841897233201581 0.5262237762237763 0.029644268774703556 0.0979020979020979
1 0.4407114624505929 0.4982517482517482 0.029644268774703556 0.0979020979020979
2 0.25296442687747034 0.5524475524475524 0.06521739130434782 0.12237762237762238
2 0.36462450592885376 0.4493006993006993 0.05533596837944664 0.08391608391608392
2 0.27865612648221344 0.42657342657342656 0.05731225296442688 0.10139860139860139
2 0.3814229249011858 0.527972027972028 0.07312252964426877 0.10839160839160839
2 0.4673913043478261 0.6520979020979021 0.1067193675889328 0.1888111888111888
2 0.44861660079051385 0.4370629370629371 0.07312252964426877 0.10839160839160839
2 0.6452569169960475 0.9055944055944056 0.17786561264822134 0.17132867132867133
2 0.25592885375494073 0.38461538461538464 0.043478260869565216 0.08741258741258741
3 0.4090909090909091 0.7884615384615384 0.2826086956521739 0.4125874125874126
2 0.549407114624506 0.34615384615384615 0.09288537549407115 0.07342657342657342
