1 0.4407114624505929 0.38461538461538464 0.021739130434782608 0.08041958041958042
1 0.1600790513833992 0.5174825174825175 0.037549407114624504 0.12237762237762238
1 0.7549407114624506 0.7832167832167832 0.05928853754940711 0.1958041958041958
0 0.22727272727272727 0.4370629370629371 0.017786561264822136 0.09090909090909091
0 0.24308300395256918 0.4405594405594406 0.021739130434782608 0.09090909090909091
0 0.6047430830039525 0.45104895104895104 0.029644268774703556 0.1048951048951049
1 0.1422924901185771 0.44755244755244755 0.023715415019762844 0.08391608391608392
1 0.16205533596837945 0.4405594405594406 0.021739130434782608 0.08391608391608392
1 0.17984189723320157 0.43356643356643354 0.023715415019762844 0.09090909090909091
1 0.11067193675889328 0.42657342657342656 0.025691699604743084 0.07692307692307693
2 0.391304347826087 0.5104895104895105 0.08893280632411067 0.16083916083916083
2 0.34980237154150196 0.4405594405594406 0.06324110671936758 0.10139860139860139
2 0.2648221343873518 0.3916083916083916 0.06521739130434782 0.10839160839160839
2 0.2924901185770751 0.6468531468531469 0.11857707509881422 0.25874125874125875
2 0.2015810276679842 0.3181818181818182 0.041501976284584984 0.07342657342657342
2 0.24308300395256918 0.34615384615384615 0.037549407114624504 0.06293706293706294
2 0.49209486166007904 0.4195804195804196 0.05533596837944664 0.12237762237762238
1 0.6185770750988142 0.6643356643356644 0.05533596837944664 0.14685314685314685
4 0.5276679841897233 0.7307692307692307 0.1383399209486166 0.19230769230769232
3 0.30434782608695654 0.2727272727272727 0.09683794466403162 0.19230769230769232
