1 0.1551383399209486 0.47202797202797203 0.03162055335968379 0.15734265734265734
1 0.43478260869565216 0.6171328671328671 0.03359683794466403 0.11188811188811189
1 0.3675889328063241 0.5769230769230769 0.029644268774703556 0.0979020979020979
1 0.191699604743083 0.4562937062937063 0.029644268774703556 0.08391608391608392
1 0.13339920948616601 0.40384615384615385 0.03557312252964427 0.12237762237762238
1 0.20355731225296442 0.5157342657342657 0.037549407114624504 0.15734265734265734
1 0.25592885375494073 0.5611888111888111 0.039525691699604744 0.15384615384615385
1 0.23023715415019763 0.5909090909090909 0.043478260869565216 0.17132867132867133
1 0.642292490118577 0.8409090909090909 0.03359683794466403 0.11188811188811189
1 0.4871541501976285 0.6381118881118881 0.039525691699604744 0.11188811188811189
1 0.5533596837944664 0.7202797202797203 0.03359683794466403 0.11188811188811189
1 0.4980237154150198 0.7027972027972028 0.03359683794466403 0.11188811188811189
1 0.532608695652174 0.7587412587412588 0.03557312252964427 0.1258741258741259
1 0.7875494071146245 1.0122377622377623 0.043478260869565216 0.13286713286713286
1 0.6126482213438735 0.736013986013986 0.029644268774703556 0.0979020979020979
1 0.24703557312252963 0.5034965034965035 0.029644268774703556 0.0979020979020979
1 0.8290513833992095 1.0506993006993006 0.043478260869565216 0.13286713286713286
1 0.2737154150197628 0.47027972027972026 0.02766798418972332 0.08741258741258741
1 0.21442687747035574 0.45454545454545453 0.03162055335968379 0.10139860139860139
1 0.191699604743083 0.3968531468531469 0.025691699604743084 0.08391608391608392
2 0.3191699604743083 0.5524475524475524 0.07905138339920949 0.15734265734265734
2 0.44960474308300397 0.7272727272727273 0.09881422924901186 0.17132867132867133
2 0.6225296442687747 0.9020979020979021 0.12450592885375494 0.1888111888111888
1 0.6511857707509882 0.9807692307692307 0.06719367588932806 0.20279720279720279
1 0.7806324110671937 1.0944055944055944 0.06521739130434782 0.1048951048951049
3 0.2658102766798419 0.3916083916083916 0.06719367588932806 0.16083916083916083
3 0.44565217391304346 0.8811188811188811 0.30434782608695654 0.2867132867132867
