1 0.2618577075098814 0.6153846153846154 0.04743083003952569 0.16783216783216784
1 0.26976284584980237 0.5891608391608392 0.043478260869565216 0.13636363636363635
1 0.5138339920948617 0.8234265734265734 0.04940711462450593 0.16783216783216784
1 0.5217391304347826 0.7447552447552448 0.041501976284584984 0.1258741258741259
1 0.5869565217391305 0.8076923076923077 0.03359683794466403 0.12237762237762238
1 0.6126482213438735 0.8111888111888111 0.029644268774703556 0.13986013986013987
1 0.5711462450592886 0.756993006993007 0.025691699604743084 0.0944055944055944
1 0.5405138339920948 0.6853146853146853 0.039525691699604744 0.08041958041958042
0 0.6472332015810277 0.8129370629370629 0.02766798418972332 0.11538461538461539
1 0.13932806324110672 0.3741258741258741 0.023715415019762844 0.0944055944055944
1 0.16106719367588934 0.3793706293706294 0.03162055335968379 0.10839160839160839
1 0.21146245059288538 0.40559440559440557 0.045454545454545456 0.08041958041958042
1 0.1551383399209486 0.3321678321678322 0.015810276679841896 0.07342657342657342
1 0.16798418972332016 0.33916083916083917 0.021739130434782608 0.08391608391608392
2 0.3784584980237154 0.7290209790209791 0.1225296442687747 0.24125874125874125
2 0.37351778656126483 0.5576923076923077 0.05731225296442688 0.0979020979020979
2 0.2628458498023715 0.4230769230769231 0.041501976284584984 0.05244755244755245
3 0.7104743083003953 1.0332167832167831 0.1976284584980237 0.32867132867132864
1 0.6679841897233202 1.0611888111888113 0.07312252964426877 0.1258741258741259
3 0.2984189723320158 0.5052447552447552 0.10869565217391304 0.2727272727272727
2 0.44466403162055335 0.6923076923076923 0.08893280632411067 0.16783216783216784
