1 0.07707509881422925 0.7867132867132867 0.039525691699604744 0.17832167832167833
1 0.08300395256916997 0.6818181818181818 0.039525691699604744 0.13286713286713286
1 0.14031620553359683 0.7132867132867133 0.04743083003952569 0.17482517482517482
1 0.2134387351778656 0.7027972027972028 0.043478260869565216 0.17832167832167833
1 0.12845849802371542 0.5944055944055944 0.029644268774703556 0.1258741258741259
1 0.09881422924901186 0.534965034965035 0.03359683794466403 0.1258741258741259
1 0.12845849802371542 0.5 0.03359683794466403 0.0979020979020979
1 0.16798418972332016 0.5104895104895105 0.025691699604743084 0.1048951048951049
1 0.191699604743083 0.5314685314685315 0.025691699604743084 0.10839160839160839
1 0.19960474308300397 0.5874125874125874 0.029644268774703556 0.11538461538461539
1 0.21936758893280633 0.43356643356643354 0.03162055335968379 0.08741258741258741
1 0.37549407114624506 0.8391608391608392 0.039525691699604744 0.14685314685314685
0 0.7944664031620553 0.6573426573426573 0.039525691699604744 0.15384615384615385
2 0.3794466403162055 0.46503496503496505 0.07312252964426877 0.12937062937062938
2 0.3359683794466403 0.6888111888111889 0.116600790513834 0.20279720279720279
2 0.4723320158102767 0.6853146853146853 0.12055335968379446 0.21328671328671328
2 0.3102766798418972 0.34265734265734266 0.043478260869565216 0.08041958041958042
3 0.25889328063241107 0.4195804195804196 0.10869565217391304 0.25524475524475526
3 0.22727272727272727 0.2867132867132867 0.037549407114624504 0.08741258741258741
3 0.3932806324110672 0.3006993006993007 0.1482213438735178 0.23076923076923078
1 0.5474308300395256 0.34265734265734266 0.023715415019762844 0.08041958041958042
