1 0.17885375494071146 0.7290209790209791 0.039525691699604744 0.13986013986013987
1 0.08695652173913043 0.7395104895104895 0.03359683794466403 0.14685314685314685
1 0.05138339920948617 0.8321678321678322 0.037549407114624504 0.17832167832167833
1 0.22924901185770752 0.6958041958041958 0.03359683794466403 0.14335664335664336
1 0.2628458498023715 0.6468531468531469 0.037549407114624504 0.14335664335664336
1 0.2015810276679842 0.6293706293706294 0.037549407114624504 0.14335664335664336
1 0.1492094861660079 0.6555944055944056 0.03557312252964427 0.14685314685314685
1 0.12055335968379446 0.6870629370629371 0.041501976284584984 0.13986013986013987
1 0.1324110671936759 0.8933566433566433 0.03359683794466403 0.14685314685314685
1 0.10177865612648221 0.9388111888111889 0.05533596837944664 0.11188811188811189
1 0.15612648221343872 0.9440559440559441 0.041501976284584984 0.0944055944055944
1 0.5345849802371542 0.5891608391608392 0.03557312252964427 0.1258741258741259
1 0.45553359683794464 0.506993006993007 0.023715415019762844 0.08041958041958042
1 0.5800395256916996 0.4825174825174825 0.03557312252964427 0.10139860139860139
1 0.5335968379446641 0.4597902097902098 0.029644268774703556 0.09090909090909091
1 0.4426877470355731 0.4423076923076923 0.025691699604743084 0.08391608391608392
1 0.4792490118577075 0.4527972027972028 0.03162055335968379 0.1048951048951049
1 0.13932806324110672 0.5174825174825175 0.03162055335968379 0.10839160839160839
1 0.16798418972332016 0.486013986013986 0.029644268774703556 0.10139860139860139
1 0.1422924901185771 0.42657342657342656 0.021739130434782608 0.08741258741258741
1 0.2124505928853755 0.9248251748251748 0.04743083003952569 0.13986013986013987
2 0.3883399209486166 0.8898601398601399 0.12648221343873517 0.20279720279720279
2 0.3438735177865613 0.6695804195804196 0.08893280632411067 0.20279720279720279
2 0.308300395256917 0.5454545454545454 0.07707509881422925 0.15034965034965034
2 0.22529644268774704 0.4965034965034965 0.06521739130434782 0.13636363636363635
2 0.41205533596837945 0.5821678321678322 0.09090909090909091 0.1258741258741259
2 0.5039525691699605 0.7062937062937062 0.116600790513834 0.17132867132867133
2 0.5681818181818182 0.8583916083916084 0.1383399209486166 0.22377622377622378
2 0.37648221343873517 0.48776223776223776 0.07114624505928854 0.09090909090909091
2 0.283596837944664 0.42132867132867136 0.05138339920948617 0.11188811188811189
2 0.35968379446640314 0.43006993006993005 0.045454545454545456 0.08041958041958042
2 0.3359683794466403 0.3986013986013986 0.041501976284584984 0.07342657342657342
2 0.2628458498023715 0.3776223776223776 0.041501976284584984 0.07342657342657342
1 0.27964426877470355 0.8688811188811189 0.04743083003952569 0.1048951048951049
