1 0.02766798418972332 0.7202797202797203 0.05138339920948617 0.16083916083916083
1 0.12055335968379446 0.6118881118881119 0.045454545454545456 0.13636363636363635
1 0.11067193675889328 0.7412587412587412 0.041501976284584984 0.13636363636363635
1 0.12845849802371542 0.8006993006993007 0.039525691699604744 0.1888111888111888
1 0.1541501976284585 0.8881118881118881 0.04940711462450593 0.1048951048951049
1 0.23715415019762845 0.8846153846153846 0.05731225296442688 0.10839160839160839
1 0.2015810276679842 0.6118881118881119 0.039525691699604744 0.16083916083916083
1 0.25691699604743085 0.6923076923076923 0.04743083003952569 0.17832167832167833
1 0.23517786561264822 0.548951048951049 0.03162055335968379 0.12237762237762238
1 0.6007905138339921 0.7412587412587412 0.05731225296442688 0.19230769230769232
1 0.44466403162055335 0.4755244755244755 0.03162055335968379 0.10139860139860139
1 0.2450592885375494 0.46503496503496505 0.03359683794466403 0.1048951048951049
2 0.6442687747035574 0.6573426573426573 0.1600790513833992 0.23426573426573427
2 0.35968379446640314 0.44755244755244755 0.07114624505928854 0.11188811188811189
2 0.42292490118577075 0.5769230769230769 0.09288537549407115 0.13986013986013987
2 0.37549407114624506 0.7167832167832168 0.17786561264822134 0.25874125874125875
3 0.2845849802371542 0.479020979020979 0.09090909090909091 0.21328671328671328
3 0.47035573122529645 0.3951048951048951 0.13636363636363635 0.23076923076923078
2 0.2490118577075099 0.34615384615384615 0.04940711462450593 0.07692307692307693
1 0.10474308300395258 0.527972027972028 0.029644268774703556 0.10839160839160839
1 0.19367588932806323 0.4965034965034965 0.021739130434782608 0.10839160839160839
