1 0.3201581027667984 0.7290209790209791 0.09683794466403162 0.1958041958041958
1 0.18675889328063242 0.5961538461538461 0.07509881422924901 0.16783216783216784
1 0.33695652173913043 0.4982517482517482 0.07114624505928854 0.14685314685314685
1 0.40217391304347827 0.48951048951048953 0.07509881422924901 0.15034965034965034
1 0.5108695652173914 0.5244755244755245 0.08300395256916997 0.15734265734265734
1 0.5988142292490118 0.5384615384615384 0.09288537549407115 0.15734265734265734
1 0.7065217391304348 0.4493006993006993 0.08695652173913043 0.13986013986013987
1 0.8537549407114624 0.4982517482517482 0.10474308300395258 0.13986013986013987
1 0.8932806324110671 0.6153846153846154 0.10869565217391304 0.16433566433566432
1 0.9575098814229249 0.7185314685314685 0.07114624505928854 0.1258741258741259
1 0.48122529644268774 0.4195804195804196 0.07905138339920949 0.12237762237762238
1 0.42391304347826086 0.34265734265734266 0.04743083003952569 0.11538461538461539
1 0.39822134387351776 0.3583916083916084 0.04743083003952569 0.09090909090909091
1 0.3567193675889328 0.3881118881118881 0.05928853754940711 0.10139860139860139
1 0.30237154150197626 0.40384615384615385 0.05731225296442688 0.11188811188811189
1 0.023715415019762844 0.3811188811188811 0.03359683794466403 0.13636363636363635
1 0.0533596837944664 0.2744755244755245 0.037549407114624504 0.1048951048951049
1 0.0741106719367589 0.2465034965034965 0.03162055335968379 0.0979020979020979
1 0.7677865612648221 0.25524475524475526 0.02766798418972332 0.0944055944055944
1 0.7509881422924901 0.23776223776223776 0.021739130434782608 0.10139860139860139
1 0.7490118577075099 0.18356643356643357 0.025691699604743084 0.09090909090909091
1 0.9219367588932806 0.045454545454545456 0.015810276679841896 0.05944055944055944
1 0.6294466403162056 0.46678321678321677 0.08695652173913043 0.13986013986013987
1 0.20553359683794467 0.27797202797202797 0.037549407114624504 0.055944055944055944
1 0.5948616600790514 0.8776223776223776 0.10869565217391304 0.16433566433566432
2 0.9061264822134387 0.24475524475524477 0.07509881422924901 0.12937062937062938
2 0.849802371541502 0.17657342657342656 0.0691699604743083 0.11888111888111888
2 0.775691699604743 0.7307692307692307 0.308300395256917 0.28321678321678323
2 0.5948616600790514 0.8059440559440559 0.3102766798418972 0.3146853146853147
2 0.49604743083003955 0.9143356643356644 0.3932806324110672 0.15384615384615385
2 0.21047430830039526 0.36713286713286714 0.16996047430830039 0.13636363636363635
3 0.9387351778656127 0.15384615384615385 0.07312252964426877 0.12937062937062938
0 0.6531620553359684 0.28496503496503495 0.023715415019762844 0.11188811188811189
1 0.8033596837944664 0.24475524475524477 0.02766798418972332 0.10839160839160839
