1 0.06620553359683795 0.4562937062937063 0.09486166007905138 0.22727272727272727
1 0.058300395256917 0.3741258741258741 0.06719367588932806 0.17482517482517482
1 0.116600790513834 0.36013986013986016 0.037549407114624504 0.14335664335664336
1 0.2440711462450593 0.5174825174825175 0.05928853754940711 0.16783216783216784
1 0.06422924901185771 0.20279720279720279 0.02766798418972332 0.06993006993006994
1 0.03557312252964427 0.1590909090909091 0.021739130434782608 0.06293706293706294
1 0.1482213438735178 0.26048951048951047 0.025691699604743084 0.05244755244755245
1 0.26679841897233203 0.42657342657342656 0.04940711462450593 0.09090909090909091
1 0.325098814229249 0.46853146853146854 0.03557312252964427 0.0944055944055944
1 0.39723320158102765 0.5716783216783217 0.0533596837944664 0.11188811188811189
1 0.4525691699604743 0.6188811188811189 0.04940711462450593 0.1048951048951049
1 0.4743083003952569 0.6206293706293706 0.045454545454545456 0.0979020979020979
1 0.4308300395256917 0.5611888111888111 0.041501976284584984 0.08741258741258741
1 0.5355731225296443 0.6748251748251748 0.04940711462450593 0.0979020979020979
1 0.549407114624506 0.6695804195804196 0.029644268774703556 0.08741258741258741
1 0.6373517786561265 0.7832167832167832 0.07114624505928854 0.1048951048951049
1 0.6719367588932806 0.8234265734265734 0.06126482213438735 0.10139860139860139
1 0.7361660079051383 0.9213286713286714 0.07905138339920949 0.12937062937062938
1 0.7934782608695652 0.972027972027972 0.06719367588932806 0.11188811188811189
1 0.9130434782608695 1.0786713286713288 0.08102766798418973 0.1258741258741259
1 0.8725296442687747 0.993006993006993 0.06324110671936758 0.09090909090909091
1 0.3448616600790514 0.45104895104895104 0.019762845849802372 0.07342657342657342
1 0.3181818181818182 0.4125874125874126 0.021739130434782608 0.06293706293706294
1 0.17588932806324112 0.25524475524475526 0.025691699604743084 0.045454545454545456
1 0.2015810276679842 0.28321678321678323 0.03359683794466403 0.045454545454545456
1 0.366600790513834 0.46153846153846156 0.015810276679841896 0.07342657342657342
1 0.3191699604743083 0.3968531468531469 0.015810276679841896 0.055944055944055944
1 0.33695652173913043 0.41083916083916083 0.011857707509881422 0.055944055944055944
1 0.3616600790513834 0.4388111888111888 0.025691699604743084 0.06293706293706294
1 0.383399209486166 0.458041958041958 0.017786561264822136 0.05944055944055944
1 0.4723320158102767 0.5681818181818182 0.021739130434782608 0.06293706293706294
1 0.5247035573122529 0.6258741258741258 0.03162055335968379 0.06643356643356643
1 0.6719367588932806 0.7744755244755245 0.0533596837944664 0.0944055944055944
1 0.41304347826086957 0.47027972027972026 0.017786561264822136 0.038461538461538464
1 0.5118577075098815 0.5524475524475524 0.021739130434782608 0.045454545454545456
1 0.5513833992094862 0.5909090909090909 0.029644268774703556 0.038461538461538464
1 0.4505928853754941 0.5 0.017786561264822136 0.04895104895104895
2 0.09980237154150198 0.23251748251748253 0.04743083003952569 0.06643356643356643
2 0.1956521739130435 0.3548951048951049 0.08102766798418973 0.09090909090909091
2 0.25592885375494073 0.3776223776223776 0.07509881422924901 0.055944055944055944
2 0.2756916996047431 0.42132867132867136 0.07905138339920949 0.07342657342657342
2 0.42193675889328064 0.5611888111888111 0.09881422924901186 0.0979020979020979
2 0.4357707509881423 0.5472027972027972 0.09486166007905138 0.09090909090909091
2 0.5928853754940712 0.7272727272727273 0.10869565217391304 0.1048951048951049
2 0.7677865612648221 0.9562937062937062 0.16205533596837945 0.1258741258741259
2 0.7737154150197628 0.9038461538461539 0.11067193675889328 0.1048951048951049
2 0.5405138339920948 0.6118881118881119 0.03162055335968379 0.055944055944055944
2 0.575098814229249 0.6416083916083916 0.04940711462450593 0.055944055944055944
2 0.6343873517786561 0.6888111888111889 0.0533596837944664 0.04895104895104895
2 0.7035573122529645 0.736013986013986 0.0533596837944664 0.04895104895104895
2 0.7835968379446641 0.8199300699300699 0.06719367588932806 0.045454545454545456
1 0.6156126482213439 0.666083916083916 0.02766798418972332 0.038461538461538464
