1 0.6640316205533597 0.9755244755244755 0.10474308300395258 0.24125874125874125
1 0.5286561264822134 0.8863636363636364 0.11067193675889328 0.23426573426573427
1 0.5958498023715415 0.8199300699300699 0.09486166007905138 0.17832167832167833
1 0.5148221343873518 0.75 0.08695652173913043 0.1958041958041958
1 0.5108695652173914 0.6975524475524476 0.07905138339920949 0.15034965034965034
1 0.31521739130434784 0.5192307692307693 0.06719367588932806 0.15734265734265734
1 0.25889328063241107 0.5052447552447552 0.07312252964426877 0.17832167832167833
1 0.15118577075098813 0.3041958041958042 0.05138339920948617 0.11888111888111888
1 0.09288537549407115 0.2674825174825175 0.06126482213438735 0.12937062937062938
1 0.900197628458498 0.8793706293706294 0.023715415019762844 0.08391608391608392
2 0.2134387351778656 0.3793706293706294 0.1442687747035573 0.13636363636363635
