1 0.5513833992094862 0.9038461538461539 0.1324110671936759 0.23426573426573427
1 0.7648221343873518 1.0192307692307692 0.12055335968379446 0.17132867132867133
1 0.8764822134387352 1.0734265734265733 0.09881422924901186 0.16783216783216784
1 0.7845849802371542 0.993006993006993 0.10474308300395258 0.14685314685314685
1 0.6600790513833992 0.8706293706293706 0.10474308300395258 0.16433566433566432
1 0.7302371541501976 0.8846153846153846 0.07509881422924901 0.15034965034965034
1 0.6393280632411067 0.8059440559440559 0.08300395256916997 0.10839160839160839
1 0.5454545454545454 0.715034965034965 0.08102766798418973 0.15034965034965034
1 0.6640316205533597 0.7237762237762237 0.029644268774703556 0.11888111888111888
1 0.7104743083003953 0.7465034965034965 0.02766798418972332 0.11538461538461539
1 0.7371541501976284 0.7604895104895105 0.029644268774703556 0.10139860139860139
1 0.7717391304347826 0.7954545454545454 0.02766798418972332 0.0944055944055944
1 0.8290513833992095 0.8479020979020979 0.03162055335968379 0.0979020979020979
1 0.4990118577075099 0.6468531468531469 0.07509881422924901 0.11188811188811189
1 0.48221343873517786 0.6118881118881119 0.08102766798418973 0.10139860139860139
1 0.41106719367588934 0.5821678321678322 0.07707509881422925 0.13286713286713286
1 0.3705533596837945 0.5157342657342657 0.05533596837944664 0.11188811188811189
1 0.26383399209486164 0.39335664335664333 0.05138339920948617 0.1048951048951049
1 0.22332015810276679 0.32867132867132864 0.03359683794466403 0.08041958041958042
1 0.1274703557312253 0.29895104895104896 0.06324110671936758 0.12237762237762238
1 0.10573122529644269 0.21503496503496503 0.03557312252964427 0.07692307692307693
1 0.3448616600790514 0.6363636363636364 0.09090909090909091 0.17482517482517482
1 0.8616600790513834 0.8636363636363636 0.021739130434782608 0.07342657342657342
2 0.2440711462450593 0.6625874125874126 0.2964426877470356 0.34265734265734266
2 0.040513833992094864 0.24125874125874125 0.06719367588932806 0.14685314685314685
2 0.15711462450592886 0.3374125874125874 0.16600790513833993 0.15384615384615385
2 0.2341897233201581 0.5034965034965035 0.21739130434782608 0.22377622377622378
2 0.5227272727272727 0.8671328671328671 0.2924901185770751 0.26573426573426573
2 0.9229249011857708 1.2674825174825175 0.14031620553359683 0.2097902097902098
2 0.9011857707509882 0.9283216783216783 0.09288537549407115 0.16433566433566432
2 0.9446640316205533 0.9248251748251748 0.05731225296442688 0.10139860139860139
2 0.932806324110672 1.0419580419580419 0.001976284584980237 0.006993006993006993
