1 0.6758893280632411 0.4370629370629371 0.09288537549407115 0.15034965034965034
1 0.7865612648221344 0.5384615384615384 0.1225296442687747 0.13636363636363635
1 0.8142292490118577 0.479020979020979 0.10869565217391304 0.12237762237762238
1 0.9525691699604744 0.6083916083916084 0.043478260869565216 0.07692307692307693
1 0.7786561264822134 0.19230769230769232 0.025691699604743084 0.09090909090909091
1 0.7233201581027668 0.1958041958041958 0.025691699604743084 0.0979020979020979
1 0.6818181818181818 0.1888111888111888 0.03359683794466403 0.09090909090909091
1 0.7490118577075099 0.14685314685314685 0.025691699604743084 0.1048951048951049
1 0.5375494071146245 0.4370629370629371 0.08498023715415019 0.13986013986013987
1 0.5691699604743083 0.36363636363636365 0.07905138339920949 0.13286713286713286
1 0.4683794466403162 0.36713286713286714 0.06126482213438735 0.1258741258741259
1 0.4308300395256917 0.32167832167832167 0.0533596837944664 0.10839160839160839
1 0.37549407114624506 0.2867132867132867 0.06126482213438735 0.11888111888111888
1 0.2964426877470356 0.32867132867132864 0.05928853754940711 0.11538461538461539
1 0.29051383399209485 0.2727272727272727 0.0533596837944664 0.0979020979020979
1 0.22529644268774704 0.2902097902097902 0.0533596837944664 0.1258741258741259
1 0.18972332015810275 0.25874125874125875 0.043478260869565216 0.0944055944055944
2 0.3814229249011858 0.5314685314685315 0.3458498023715415 0.3951048951048951
2 0.7707509881422925 0.6678321678321678 0.22332015810276679 0.26573426573426573
2 0.8853754940711462 0.17132867132867133 0.07905138339920949 0.13286713286713286
2 0.8142292490118577 0.14335664335664336 0.06719367588932806 0.12237762237762238
2 0.9387351778656127 0.06993006993006994 0.045454545454545456 0.08391608391608392
2 0.3201581027667984 0.4230769230769231 0.21146245059288538 0.16433566433566432
2 0.12450592885375494 0.4195804195804196 0.17588932806324112 0.1888111888111888
2 0.007905138339920948 0.6223776223776224 0.2134387351778656 0.2692307692307692
3 0.8715415019762845 0.017482517482517484 0.05928853754940711 0.12937062937062938
3 0.009881422924901186 0.18181818181818182 0.191699604743083 0.26573426573426573
