1 0.07213438735177866 0.30244755244755245 0.03557312252964427 0.14685314685314685
1 0.13537549407114624 0.3006993006993007 0.023715415019762844 0.10139860139860139
1 0.11462450592885376 0.270979020979021 0.025691699604743084 0.09090909090909091
1 0.07015810276679842 0.21503496503496503 0.023715415019762844 0.06993006993006994
1 0.07312252964426877 0.1958041958041958 0.017786561264822136 0.05244755244755245
1 0.1225296442687747 0.26223776223776224 0.021739130434782608 0.04895104895104895
1 0.15810276679841898 0.3006993006993007 0.021739130434782608 0.0944055944055944
1 0.2519762845849802 0.4737762237762238 0.07114624505928854 0.11538461538461539
1 0.23715415019762845 0.4143356643356643 0.041501976284584984 0.0944055944055944
1 0.19268774703557312 0.3356643356643357 0.023715415019762844 0.09090909090909091
1 0.19861660079051383 0.3269230769230769 0.02766798418972332 0.08041958041958042
1 0.29150197628458496 0.44405594405594406 0.04743083003952569 0.08741258741258741
1 0.22430830039525693 0.3374125874125874 0.019762845849802372 0.07342657342657342
1 0.09189723320158102 0.18181818181818182 0.02766798418972332 0.04895104895104895
1 0.4733201581027668 0.666083916083916 0.06324110671936758 0.12237762237762238
1 0.3725296442687747 0.513986013986014 0.03162055335968379 0.10139860139860139
1 0.33695652173913043 0.48426573426573427 0.04743083003952569 0.08041958041958042
1 0.6452569169960475 0.8181818181818182 0.06719367588932806 0.10139860139860139
1 0.6551383399209486 0.8094405594405595 0.05533596837944664 0.1048951048951049
1 0.7094861660079052 0.8479020979020979 0.05731225296442688 0.0979020979020979
1 0.7490118577075099 0.9300699300699301 0.0691699604743083 0.12237762237762238
1 0.9150197628458498 1.118881118881119 0.08893280632411067 0.13986013986013987
1 0.8962450592885376 1.0891608391608392 0.08300395256916997 0.11188811188811189
1 0.7944664031620553 0.9458041958041958 0.08498023715415019 0.1048951048951049
1 0.9594861660079052 1.0891608391608392 0.05928853754940711 0.10139860139860139
1 0.46047430830039526 0.5524475524475524 0.017786561264822136 0.06993006993006994
1 0.48023715415019763 0.5594405594405595 0.01383399209486166 0.055944055944055944
1 0.49703557312252966 0.5699300699300699 0.019762845849802372 0.05244755244755245
1 0.5612648221343873 0.6258741258741258 0.01383399209486166 0.06293706293706294
1 0.3794466403162055 0.47202797202797203 0.009881422924901186 0.04195804195804196
1 0.14624505928853754 0.26573426573426573 0.025691699604743084 0.06293706293706294
1 0.4654150197628458 0.5297202797202797 0.015810276679841896 0.03496503496503497
2 0.18280632411067194 0.3006993006993007 0.08300395256916997 0.05944055944055944
2 0.24110671936758893 0.3479020979020979 0.0533596837944664 0.05944055944055944
2 0.26778656126482214 0.38986013986013984 0.06324110671936758 0.06643356643356643
2 0.46936758893280633 0.6695804195804196 0.15810276679841898 0.13286713286713286
2 0.4298418972332016 0.583916083916084 0.09881422924901186 0.08041958041958042
2 0.4298418972332016 0.5314685314685315 0.05928853754940711 0.06993006993006994
2 0.5395256916996047 0.6870629370629371 0.10474308300395258 0.08741258741258741
2 0.642292490118577 0.7709790209790209 0.10474308300395258 0.09090909090909091
2 0.8646245059288538 1.0122377622377623 0.1541501976284585 0.11888111888111888
2 0.5345849802371542 0.6118881118881119 0.039525691699604744 0.07342657342657342
2 0.6215415019762845 0.6818181818181818 0.05533596837944664 0.04895104895104895
2 0.5207509881422925 0.5926573426573427 0.06324110671936758 0.038461538461538464
2 0.9436758893280632 0.9685314685314685 0.06324110671936758 0.04195804195804196
2 0.33695652173913043 0.47202797202797203 0.09881422924901186 0.0944055944055944
2 0.8804347826086957 1.1013986013986015 0.21739130434782608 0.17132867132867133
3 0.4150197628458498 0.48426573426573427 0.05731225296442688 0.06643356643356643
2 0.7262845849802372 0.763986013986014 0.05533596837944664 0.04195804195804196
