1 0.6245059288537549 0.506993006993007 0.09683794466403162 0.15034965034965034
1 0.7114624505928854 0.2727272727272727 0.025691699604743084 0.11538461538461539
1 0.5711462450592886 0.32517482517482516 0.05731225296442688 0.12237762237762238
1 0.3616600790513834 0.3304195804195804 0.0691699604743083 0.11888111888111888
1 0.29545454545454547 0.35664335664335667 0.05533596837944664 0.12937062937062938
1 0.21146245059288538 0.3513986013986014 0.0533596837944664 0.11888111888111888
1 0.22430830039525693 0.3076923076923077 0.04743083003952569 0.10139860139860139
1 0.1383399209486166 0.3129370629370629 0.037549407114624504 0.11188811188811189
1 0.13339920948616601 0.25874125874125875 0.03557312252964427 0.08041958041958042
1 0.03260869565217391 0.6136363636363636 0.05138339920948617 0.16083916083916083
1 0.8409090909090909 0.2534965034965035 0.02766798418972332 0.1048951048951049
1 0.8013833992094862 0.243006993006993 0.019762845849802372 0.1048951048951049
1 0.7747035573122529 0.243006993006993 0.025691699604743084 0.1048951048951049
1 0.7381422924901185 0.24125874125874125 0.023715415019762844 0.0944055944055944
1 0.9288537549407114 0.32517482517482516 0.04940711462450593 0.10839160839160839
2 0.3804347826086957 0.513986013986014 0.2015810276679842 0.1993006993006993
2 0.09980237154150198 0.4632867132867133 0.17786561264822134 0.1888111888111888
2 0.05632411067193676 0.3094405594405594 0.09486166007905138 0.11888111888111888
2 0.7648221343873518 0.8409090909090909 0.424901185770751 0.2937062937062937
2 0.9288537549407114 0.23251748251748253 0.08498023715415019 0.13986013986013987
2 0.8675889328063241 0.20279720279720279 0.06521739130434782 0.11538461538461539
2 0.866600790513834 0.14335664335664336 0.04743083003952569 0.06643356643356643
2 0.8942687747035574 0.11013986013986014 0.043478260869565216 0.07692307692307693
