2 0.2015810276679842 0.6573426573426573 0.18774703557312253 0.16433566433566432
2 0.15810276679841898 0.8881118881118881 0.24110671936758893 0.10139860139860139
2 0.17391304347826086 0.43006993006993005 0.09288537549407115 0.12237762237762238
2 0.07509881422924901 0.3811188811188811 0.043478260869565216 0.06993006993006994
2 0.10276679841897234 0.32517482517482516 0.04940711462450593 0.04895104895104895
2 0.2134387351778656 0.3041958041958042 0.05533596837944664 0.04195804195804196
2 0.30237154150197626 0.2762237762237762 0.039525691699604744 0.045454545454545456
2 0.3794466403162055 0.27972027972027974 0.05533596837944664 0.03496503496503497
2 0.44466403162055335 0.27972027972027974 0.017786561264822136 0.03496503496503497
2 0.5711462450592886 0.2867132867132867 0.05731225296442688 0.04195804195804196
2 0.43478260869565216 0.38461538461538464 0.11462450592885376 0.08391608391608392
2 0.6600790513833992 0.2867132867132867 0.05138339920948617 0.03496503496503497
2 0.6541501976284585 0.25524475524475526 0.03557312252964427 0.027972027972027972
2 0.7075098814229249 0.2517482517482518 0.041501976284584984 0.038461538461538464
2 0.7549407114624506 0.2517482517482518 0.043478260869565216 0.038461538461538464
2 0.8715415019762845 0.32167832167832167 0.0533596837944664 0.06293706293706294
2 0.8043478260869565 0.6573426573426573 0.18774703557312253 0.2902097902097902
1 0.07509881422924901 0.5944055944055944 0.03359683794466403 0.13286713286713286
1 0.1067193675889328 0.5594405594405595 0.029644268774703556 0.11538461538461539
1 0.011857707509881422 0.46853146853146854 0.025691699604743084 0.08741258741258741
1 0.021739130434782608 0.3916083916083916 0.017786561264822136 0.07692307692307693
1 0.03557312252964427 0.36363636363636365 0.021739130434782608 0.06643356643356643
1 0.09486166007905138 0.47202797202797203 0.023715415019762844 0.0979020979020979
1 0.10474308300395258 0.44405594405594406 0.029644268774703556 0.0944055944055944
1 0.2766798418972332 0.48951048951048953 0.019762845849802372 0.04895104895104895
1 0.18379446640316205 0.4020979020979021 0.015810276679841896 0.038461538461538464
1 0.1956521739130435 0.3811188811188811 0.025691699604743084 0.04195804195804196
1 0.15217391304347827 0.36363636363636365 0.021739130434782608 0.05944055944055944
1 0.25691699604743085 0.36013986013986016 0.019762845849802372 0.06993006993006994
1 0.2766798418972332 0.3811188811188811 0.043478260869565216 0.07342657342657342
1 0.34980237154150196 0.3811188811188811 0.039525691699604744 0.06993006993006994
1 0.4723320158102767 0.4160839160839161 0.0533596837944664 0.08041958041958042
1 0.5474308300395256 0.5034965034965035 0.04743083003952569 0.1048951048951049
1 0.6284584980237155 0.4825174825174825 0.03557312252964427 0.08741258741258741
1 0.658102766798419 0.5 0.03557312252964427 0.1048951048951049
1 0.6521739130434783 0.5664335664335665 0.043478260869565216 0.11188811188811189
1 0.6996047430830039 0.5874125874125874 0.039525691699604744 0.13286713286713286
1 0.6640316205533597 0.8531468531468531 0.09881422924901186 0.13636363636363635
1 0.8557312252964426 0.8916083916083916 0.06324110671936758 0.0979020979020979
1 0.9545454545454546 0.5034965034965035 0.03162055335968379 0.0944055944055944
1 0.9466403162055336 0.44405594405594406 0.025691699604743084 0.07692307692307693
1 0.9229249011857708 0.40559440559440557 0.021739130434782608 0.06993006993006994
1 0.8636363636363636 0.42657342657342656 0.03162055335968379 0.07692307692307693
1 0.8241106719367589 0.4090909090909091 0.03162055335968379 0.06993006993006994
1 0.8260869565217391 0.38461538461538464 0.019762845849802372 0.055944055944055944
1 0.6956521739130435 0.4160839160839161 0.04743083003952569 0.06993006993006994
1 0.7134387351778656 0.3916083916083916 0.03557312252964427 0.06293706293706294
1 0.7351778656126482 0.34265734265734266 0.017786561264822136 0.05944055944055944
1 0.7252964426877471 0.32517482517482516 0.01383399209486166 0.04895104895104895
1 0.7964426877470355 0.3356643356643357 0.023715415019762844 0.055944055944055944
1 0.8221343873517787 0.3111888111888112 0.023715415019762844 0.04195804195804196
1 0.8260869565217391 0.3356643356643357 0.03162055335968379 0.05244755244755245
1 0.8596837944664032 0.34265734265734266 0.02766798418972332 0.05244755244755245
1 0.9150197628458498 0.35664335664335667 0.019762845849802372 0.04895104895104895
1 0.9387351778656127 0.3531468531468531 0.03162055335968379 0.045454545454545456
1 0.9664031620553359 0.36713286713286714 0.015810276679841896 0.05944055944055944
1 0.9822134387351779 0.36713286713286714 0.01383399209486166 0.04895104895104895
1 0.7292490118577075 0.27972027972027974 0.025691699604743084 0.04195804195804196
1 0.17786561264822134 0.3006993006993007 0.021739130434782608 0.04195804195804196
1 0.22134387351778656 0.2762237762237762 0.015810276679841896 0.027972027972027972
1 0.2509881422924901 0.2692307692307692 0.023715415019762844 0.038461538461538464
3 0.19960474308300397 0.5244755244755245 0.1857707509881423 0.15734265734265734
4 0.758893280632411 0.2937062937062937 0.037549407114624504 0.08741258741258741
