1 0.7855731225296443 0.5681818181818182 0.1225296442687747 0.16783216783216784
1 0.9515810276679841 0.36013986013986016 0.03557312252964427 0.14335664335664336
1 0.7559288537549407 0.243006993006993 0.02766798418972332 0.1048951048951049
1 0.7361660079051383 0.23251748251748253 0.023715415019762844 0.0979020979020979
1 0.7262845849802372 0.2062937062937063 0.023715415019762844 0.0944055944055944
1 0.6027667984189723 0.46853146853146854 0.08102766798418973 0.11538461538461539
1 0.5573122529644269 0.4125874125874126 0.07707509881422925 0.12937062937062938
1 0.5335968379446641 0.2867132867132867 0.029644268774703556 0.12237762237762238
1 0.47035573122529645 0.27797202797202797 0.03359683794466403 0.11888111888111888
1 0.4733201581027668 0.4527972027972028 0.08300395256916997 0.13286713286713286
1 0.42391304347826086 0.3811188811188811 0.06719367588932806 0.11538461538461539
1 0.3814229249011858 0.486013986013986 0.07707509881422925 0.13636363636363635
1 0.3438735177865613 0.3758741258741259 0.05731225296442688 0.11888111888111888
1 0.3784584980237154 0.32517482517482516 0.05138339920948617 0.11538461538461539
1 0.2707509881422925 0.32342657342657344 0.06126482213438735 0.11188811188811189
1 0.22332015810276679 0.3374125874125874 0.04940711462450593 0.11888111888111888
1 0.17588932806324112 0.29895104895104896 0.041501976284584984 0.08391608391608392
1 0.08794466403162056 0.25 0.03557312252964427 0.09090909090909091
1 0.05632411067193676 0.29895104895104896 0.039525691699604744 0.09090909090909091
1 0.05632411067193676 0.2534965034965035 0.03162055335968379 0.06993006993006994
1 0.04940711462450593 0.493006993006993 0.06521739130434782 0.15034965034965034
1 0.650197628458498 0.9283216783216783 0.15612648221343872 0.13286713286713286
3 0.8409090909090909 0.16783216783216784 0.09881422924901186 0.1853146853146853
2 0.9189723320158103 0.23601398601398602 0.07707509881422925 0.1258741258741259
2 0.6027667984189723 0.6293706293706294 0.21936758893280633 0.2202797202797203
2 0.4525691699604743 0.7027972027972028 0.26679841897233203 0.2692307692307692
2 0.04743083003952569 0.6276223776223776 0.08498023715415019 0.2097902097902098
2 0.16798418972332016 0.3968531468531469 0.1600790513833992 0.13286713286713286
2 0.44960474308300397 0.9405594405594405 0.25296442687747034 0.10139860139860139
2 0.9436758893280632 0.15384615384615385 0.05533596837944664 0.08041958041958042
3 0.8468379446640316 0.8234265734265734 0.2885375494071146 0.32867132867132864
