1 0.15019762845849802 0.6993006993006993 0.05731225296442688 0.1993006993006993
1 0.30039525691699603 0.5874125874125874 0.029644268774703556 0.15034965034965034
1 0.05039525691699605 0.34965034965034963 0.02766798418972332 0.0944055944055944
1 0.030632411067193676 0.2867132867132867 0.02766798418972332 0.07342657342657342
1 0.06027667984189723 0.2727272727272727 0.023715415019762844 0.06643356643356643
1 0.08794466403162056 0.34965034965034963 0.023715415019762844 0.08741258741258741
1 0.12648221343873517 0.36713286713286714 0.021739130434782608 0.08741258741258741
1 0.1482213438735178 0.4090909090909091 0.029644268774703556 0.10839160839160839
1 0.17094861660079053 0.4458041958041958 0.023715415019762844 0.11888111888111888
1 0.17094861660079053 0.3688811188811189 0.03162055335968379 0.09090909090909091
1 0.22134387351778656 0.4230769230769231 0.029644268774703556 0.10839160839160839
1 0.25395256916996045 0.40559440559440557 0.03557312252964427 0.10139860139860139
1 0.3191699604743083 0.4527972027972028 0.05533596837944664 0.11188811188811189
1 0.475296442687747 0.486013986013986 0.03162055335968379 0.12937062937062938
1 0.3448616600790514 0.40034965034965037 0.02766798418972332 0.0979020979020979
1 0.2875494071146245 0.3951048951048951 0.03162055335968379 0.08741258741258741
1 0.31126482213438733 0.38986013986013984 0.039525691699604744 0.1048951048951049
1 0.8112648221343873 0.4982517482517482 0.06719367588932806 0.11188811188811189
1 0.9436758893280632 0.46503496503496505 0.05533596837944664 0.08741258741258741
1 0.9634387351778656 0.5087412587412588 0.06324110671936758 0.11188811188811189
1 0.7618577075098815 0.4020979020979021 0.04743083003952569 0.10139860139860139
1 0.6907114624505929 0.3583916083916084 0.039525691699604744 0.08391608391608392
1 0.6413043478260869 0.3409090909090909 0.043478260869565216 0.06993006993006994
1 0.6383399209486166 0.36363636363636365 0.0533596837944664 0.08041958041958042
1 0.5622529644268774 0.3513986013986014 0.03162055335968379 0.08391608391608392
1 0.5859683794466403 0.3094405594405594 0.023715415019762844 0.07692307692307693
1 0.5405138339920948 0.3111888111888112 0.03557312252964427 0.06643356643356643
1 0.2598814229249012 0.36013986013986016 0.03162055335968379 0.08041958041958042
1 0.16699604743083005 0.2762237762237762 0.023715415019762844 0.06643356643356643
2 0.13339920948616601 0.30594405594405594 0.05533596837944664 0.0979020979020979
2 0.2075098814229249 0.3129370629370629 0.06126482213438735 0.07692307692307693
2 0.116600790513834 0.2744755244755245 0.05731225296442688 0.06993006993006994
2 0.16403162055335968 0.24125874125874125 0.04940711462450593 0.05944055944055944
2 0.29051383399209485 0.2202797202797203 0.07312252964426877 0.05244755244755245
2 0.39624505928853754 0.23251748251748253 0.07905138339920949 0.06293706293706294
2 0.41699604743083 0.36363636363636365 0.116600790513834 0.11538461538461539
2 0.4723320158102767 0.3479020979020979 0.10474308300395258 0.1048951048951049
2 0.5731225296442688 0.4230769230769231 0.0691699604743083 0.12937062937062938
2 0.6768774703557312 0.4318181818181818 0.09090909090909091 0.13286713286713286
2 0.532608695652174 0.22552447552447552 0.043478260869565216 0.04195804195804196
2 0.45454545454545453 0.270979020979021 0.04940711462450593 0.06293706293706294
2 0.5869565217391305 0.22377622377622378 0.06521739130434782 0.038461538461538464
2 0.6343873517786561 0.23601398601398602 0.05731225296442688 0.04195804195804196
3 0.8152173913043478 0.2202797202797203 0.07114624505928854 0.038461538461538464
