2 0.7104743083003953 0.5524475524475524 0.23715415019762845 0.24125874125874125
2 0.39624505928853754 0.3479020979020979 0.16205533596837945 0.1258741258741259
2 0.12549407114624506 0.26048951048951047 0.12648221343873517 0.11888111888111888
0 0.8537549407114624 0.3513986013986014 0.021739130434782608 0.13286713286713286
1 0.7539525691699605 0.2534965034965035 0.03557312252964427 0.09090909090909091
1 0.5592885375494071 0.7709790209790209 0.10869565217391304 0.22377622377622378
1 0.6837944664031621 0.9318181818181818 0.116600790513834 0.1258741258741259
1 0.3438735177865613 0.6381118881118881 0.07707509881422925 0.1888111888111888
1 0.2737154150197628 0.46503496503496505 0.06324110671936758 0.13636363636363635
1 0.17490118577075098 0.4772727272727273 0.05138339920948617 0.15384615384615385
1 0.2648221343873518 0.3881118881118881 0.06126482213438735 0.10839160839160839
1 0.09288537549407115 0.3339160839160839 0.045454545454545456 0.0979020979020979
1 0.24703557312252963 0.1590909090909091 0.03359683794466403 0.06293706293706294
