1 0.9288537549407114 0.8828671328671329 0.021739130434782608 0.06293706293706294
1 0.8705533596837944 0.8374125874125874 0.02766798418972332 0.06993006993006994
1 0.8932806324110671 0.8898601398601399 0.025691699604743084 0.08391608391608392
1 0.857707509881423 0.8548951048951049 0.025691699604743084 0.06993006993006994
1 0.8527667984189723 0.8811188811188811 0.03162055335968379 0.0944055944055944
1 0.9209486166007905 1.0646853146853146 0.041501976284584984 0.17832167832167833
1 0.8290513833992095 0.9685314685314685 0.04743083003952569 0.16083916083916083
1 0.7895256916996047 0.8688811188811189 0.03162055335968379 0.11888111888111888
1 0.7193675889328063 0.9842657342657343 0.06521739130434782 0.20279720279720279
1 0.5662055335968379 0.9353146853146853 0.08300395256916997 0.19230769230769232
1 0.33893280632411066 0.4195804195804196 0.02766798418972332 0.10839160839160839
0 0.5069169960474308 0.5559440559440559 0.023715415019762844 0.08391608391608392
0 0.16996047430830039 0.34965034965034963 0.04940711462450593 0.13286713286713286
0 0.717391304347826 0.6818181818181818 0.01383399209486166 0.05944055944055944
1 0.09486166007905138 0.243006993006993 0.04940711462450593 0.12237762237762238
1 0.1432806324110672 0.27972027972027974 0.05138339920948617 0.0979020979020979
2 0.8883399209486166 0.8286713286713286 0.039525691699604744 0.04895104895104895
2 0.9387351778656127 0.8706293706293706 0.037549407114624504 0.06293706293706294
2 0.7845849802371542 0.8199300699300699 0.07707509881422925 0.0944055944055944
2 0.2875494071146245 0.7727272727272727 0.35968379446640314 0.2727272727272727
2 0.14130434782608695 0.2674825174825175 0.07509881422924901 0.0944055944055944
2 0.6561264822134387 0.8041958041958042 0.13636363636363635 0.19230769230769232
1 0.2509881422924901 0.3129370629370629 0.0533596837944664 0.05944055944055944
