1 0.08992094861660078 0.3304195804195804 0.03162055335968379 0.0979020979020979
1 0.12549407114624506 0.3479020979020979 0.03162055335968379 0.10139860139860139
1 0.05434782608695652 0.23601398601398602 0.019762845849802372 0.06993006993006994
1 0.2025691699604743 0.43006993006993005 0.03557312252964427 0.1048951048951049
1 0.26877470355731226 0.5087412587412588 0.03359683794466403 0.07342657342657342
1 0.29446640316205536 0.5262237762237763 0.03359683794466403 0.0944055944055944
1 0.28952569169960474 0.48951048951048953 0.03162055335968379 0.0944055944055944
1 0.34782608695652173 0.6013986013986014 0.045454545454545456 0.11888111888111888
1 0.40711462450592883 0.6416083916083916 0.045454545454545456 0.1048951048951049
1 0.4051383399209486 0.6835664335664335 0.0533596837944664 0.15034965034965034
1 0.441699604743083 0.6958041958041958 0.04743083003952569 0.12237762237762238
1 0.4278656126482213 0.5926573426573427 0.039525691699604744 0.07342657342657342
1 0.8517786561264822 0.9597902097902098 0.021739130434782608 0.07342657342657342
1 0.8369565217391305 1.0262237762237763 0.03162055335968379 0.1048951048951049
1 0.9021739130434783 1.0716783216783217 0.03557312252964427 0.11188811188811189
1 0.8774703557312253 0.9965034965034965 0.017786561264822136 0.08741258741258741
1 0.8013833992094862 0.9020979020979021 0.015810276679841896 0.06993006993006994
1 0.791501976284585 0.8723776223776224 0.019762845849802372 0.055944055944055944
1 0.8379446640316206 0.9020979020979021 0.025691699604743084 0.055944055944055944
1 0.8932806324110671 0.9667832167832168 0.017786561264822136 0.05244755244755245
2 0.09486166007905138 0.29895104895104896 0.06521739130434782 0.08391608391608392
2 0.1976284584980237 0.36363636363636365 0.045454545454545456 0.06293706293706294
2 0.1274703557312253 0.291958041958042 0.043478260869565216 0.07692307692307693
2 0.08399209486166008 0.2534965034965035 0.039525691699604744 0.055944055944055944
2 0.30039525691699603 0.6241258741258742 0.15612648221343872 0.22377622377622378
2 0.5721343873517787 0.8548951048951049 0.1541501976284585 0.17482517482517482
2 0.6482213438735178 0.8601398601398601 0.1007905138339921 0.0979020979020979
2 0.817193675889328 1.006993006993007 0.09881422924901186 0.10139860139860139
2 0.91600790513834 1.013986013986014 0.043478260869565216 0.05944055944055944
2 0.9664031620553359 1.0681818181818181 0.0533596837944664 0.06643356643356643
1 0.8843873517786561 0.9353146853146853 0.023715415019762844 0.045454545454545456
2 0.38636363636363635 0.506993006993007 0.06324110671936758 0.04195804195804196
2 0.4426877470355731 0.5437062937062938 0.045454545454545456 0.038461538461538464
2 0.6996047430830039 0.7972027972027972 0.0533596837944664 0.04895104895104895
2 0.7470355731225297 0.8409090909090909 0.045454545454545456 0.05244755244755245
2 0.9752964426877471 1.0367132867132867 0.03162055335968379 0.038461538461538464
2 0.9239130434782609 0.9982517482517482 0.043478260869565216 0.038461538461538464
4 0.7539525691699605 0.9003496503496503 0.11067193675889328 0.15384615384615385
4 0.2727272727272727 0.40384615384615385 0.04940711462450593 0.06293706293706294
4 0.18873517786561264 0.32867132867132864 0.05928853754940711 0.05944055944055944
2 0.22134387351778656 0.3723776223776224 0.0533596837944664 0.038461538461538464
