2 0.6956521739130435 0.32167832167832167 0.13438735177865613 0.1258741258741259
2 0.5691699604743083 0.21328671328671328 0.0533596837944664 0.05244755244755245
2 0.549407114624506 0.26223776223776224 0.03557312252964427 0.07342657342657342
2 0.274703557312253 0.3041958041958042 0.05731225296442688 0.09090909090909091
2 0.20355731225296442 0.2097902097902098 0.05138339920948617 0.07342657342657342
2 0.424901185770751 0.1888111888111888 0.03359683794466403 0.05244755244755245
2 0.5335968379446641 0.2097902097902098 0.03359683794466403 0.04195804195804196
2 0.4901185770750988 0.17832167832167833 0.05138339920948617 0.04195804195804196
2 0.6146245059288538 0.20279720279720279 0.043478260869565216 0.05244755244755245
2 0.6857707509881423 0.1993006993006993 0.07114624505928854 0.045454545454545456
2 0.3359683794466403 0.23776223776223776 0.06324110671936758 0.06643356643356643
1 0.005928853754940711 0.5804195804195804 0.041501976284584984 0.19230769230769232
1 0.09486166007905138 0.45454545454545453 0.037549407114624504 0.14335664335664336
1 0.043478260869565216 0.3006993006993007 0.023715415019762844 0.09090909090909091
1 0.16403162055335968 0.36363636363636365 0.041501976284584984 0.10839160839160839
1 0.19960474308300397 0.4230769230769231 0.039525691699604744 0.12937062937062938
1 0.21146245059288538 0.3356643356643357 0.025691699604743084 0.08391608391608392
1 0.233201581027668 0.3531468531468531 0.03359683794466403 0.10839160839160839
1 0.2648221343873518 0.4090909090909091 0.029644268774703556 0.12237762237762238
1 0.2766798418972332 0.35664335664335667 0.039525691699604744 0.09090909090909091
1 0.23715415019762845 0.2937062937062937 0.029644268774703556 0.07692307692307693
1 0.3616600790513834 0.32517482517482516 0.023715415019762844 0.09090909090909091
1 0.3932806324110672 0.35664335664335667 0.025691699604743084 0.1048951048951049
1 0.4624505928853755 0.3986013986013986 0.05928853754940711 0.10139860139860139
1 0.4525691699604743 0.3741258741258741 0.04743083003952569 0.09090909090909091
1 0.6106719367588933 0.34965034965034963 0.0533596837944664 0.08041958041958042
1 0.8162055335968379 0.3881118881118881 0.06521739130434782 0.0979020979020979
1 0.27865612648221344 0.24825174825174826 0.017786561264822136 0.06643356643356643
1 0.2648221343873518 0.18181818181818182 0.029644268774703556 0.055944055944055944
1 0.16996047430830039 0.17832167832167833 0.023715415019762844 0.05244755244755245
4 0.7707509881422925 0.16783216783216784 0.06126482213438735 0.055944055944055944
4 0.29446640316205536 0.19230769230769232 0.07905138339920949 0.08391608391608392
3 0.08893280632411067 0.1888111888111888 0.1007905138339921 0.17132867132867133
1 0.06324110671936758 0.2692307692307692 0.023715415019762844 0.06993006993006994
1 0.19960474308300397 0.24125874125874125 0.02766798418972332 0.06643356643356643
3 0.39723320158102765 0.15734265734265734 0.07707509881422925 0.06643356643356643
