1 0.2341897233201581 0.9230769230769231 0.10276679841897234 0.14335664335664336
1 0.33893280632411066 0.8531468531468531 0.08300395256916997 0.17832167832167833
1 0.06422924901185771 0.6538461538461539 0.039525691699604744 0.15034965034965034
1 0.18675889328063242 0.7465034965034965 0.039525691699604744 0.16783216783216784
1 0.23616600790513834 0.6905594405594405 0.043478260869565216 0.13286713286713286
1 0.16798418972332016 0.47202797202797203 0.025691699604743084 0.0944055944055944
1 0.03359683794466403 0.4493006993006993 0.029644268774703556 0.055944055944055944
1 0.022727272727272728 0.3951048951048951 0.02766798418972332 0.06643356643356643
1 0.03359683794466403 0.3531468531468531 0.017786561264822136 0.05944055944055944
1 0.040513833992094864 0.3111888111888112 0.015810276679841896 0.045454545454545456
1 0.06422924901185771 0.31643356643356646 0.015810276679841896 0.055944055944055944
1 0.0800395256916996 0.3006993006993007 0.015810276679841896 0.05244755244755245
1 0.13142292490118576 0.3479020979020979 0.015810276679841896 0.06293706293706294
1 0.11264822134387352 0.2937062937062937 0.01383399209486166 0.045454545454545456
1 0.13537549407114624 0.29545454545454547 0.015810276679841896 0.04195804195804196
1 0.16106719367588934 0.3111888111888112 0.02766798418972332 0.038461538461538464
1 0.17885375494071146 0.34265734265734266 0.019762845849802372 0.05944055944055944
1 0.3201581027667984 0.5 0.037549407114624504 0.10139860139860139
1 0.3438735177865613 0.4178321678321678 0.037549407114624504 0.07692307692307693
1 0.5049407114624506 0.4318181818181818 0.04743083003952569 0.07692307692307693
1 0.5464426877470355 0.6625874125874126 0.05533596837944664 0.13286713286713286
1 0.4160079051383399 0.7884615384615384 0.07114624505928854 0.16083916083916083
1 0.3952569169960474 0.6975524475524476 0.05731225296442688 0.13986013986013987
1 0.42292490118577075 0.6486013986013986 0.0533596837944664 0.13286713286713286
1 0.525691699604743 0.9195804195804196 0.09683794466403162 0.14335664335664336
1 0.7164031620553359 0.8583916083916084 0.08300395256916997 0.18181818181818182
1 0.5335968379446641 0.5681818181818182 0.045454545454545456 0.1048951048951049
1 0.5503952569169961 0.5104895104895105 0.043478260869565216 0.08741258741258741
1 0.7371541501976284 0.4737762237762238 0.04940711462450593 0.08391608391608392
1 0.8893280632411067 0.5804195804195804 0.03359683794466403 0.10839160839160839
1 0.7470355731225297 0.40734265734265734 0.021739130434782608 0.06993006993006994
1 0.8013833992094862 0.43006993006993005 0.019762845849802372 0.08041958041958042
1 0.841897233201581 0.47027972027972026 0.025691699604743084 0.08391608391608392
1 0.9051383399209486 0.4370629370629371 0.025691699604743084 0.07342657342657342
1 0.9466403162055336 0.4405594405594406 0.021739130434782608 0.07342657342657342
1 0.9713438735177866 0.42832167832167833 0.023715415019762844 0.06993006993006994
1 0.9199604743083004 0.3741258741258741 0.019762845849802372 0.045454545454545456
1 0.7628458498023716 0.38461538461538464 0.017786561264822136 0.05244755244755245
1 0.7272727272727273 0.34615384615384615 0.017786561264822136 0.05244755244755245
1 0.3468379446640316 0.3006993006993007 0.02766798418972332 0.045454545454545456
1 0.43774703557312256 0.291958041958042 0.023715415019762844 0.04195804195804196
2 0.039525691699604744 0.527972027972028 0.0691699604743083 0.10839160839160839
2 0.7608695652173914 0.7902097902097902 0.25889328063241107 0.2972027972027972
2 0.17193675889328064 0.25874125874125875 0.029644268774703556 0.03146853146853147
2 0.21146245059288538 0.2674825174825175 0.029644268774703556 0.03496503496503497
2 0.41798418972332013 0.2762237762237762 0.043478260869565216 0.045454545454545456
2 0.5879446640316206 0.30594405594405594 0.05533596837944664 0.04895104895104895
2 0.7114624505928854 0.39335664335664333 0.06126482213438735 0.07692307692307693
2 0.6343873517786561 0.3006993006993007 0.04940711462450593 0.045454545454545456
2 0.7648221343873518 0.30244755244755245 0.06521739130434782 0.03496503496503497
2 0.8438735177865613 0.3041958041958042 0.05731225296442688 0.045454545454545456
2 0.7924901185770751 0.39335664335664333 0.037549407114624504 0.06293706293706294
2 0.7924901185770751 0.34965034965034963 0.037549407114624504 0.045454545454545456
2 0.83399209486166 0.3409090909090909 0.03359683794466403 0.04895104895104895
2 0.8952569169960475 0.36013986013986016 0.03359683794466403 0.05244755244755245
2 0.9693675889328063 0.3951048951048951 0.05928853754940711 0.05944055944055944
2 0.9664031620553359 0.30594405594405594 0.045454545454545456 0.04195804195804196
2 0.8972332015810277 0.30244755244755245 0.041501976284584984 0.04195804195804196
