1 0.0958498023715415 0.8304195804195804 0.06324110671936758 0.16783216783216784
1 0.045454545454545456 0.49125874125874125 0.025691699604743084 0.09090909090909091
1 0.0266798418972332 0.46153846153846156 0.019762845849802372 0.08041958041958042
1 0.05434782608695652 0.4125874125874126 0.023715415019762844 0.06643356643356643
1 0.016798418972332016 0.34265734265734266 0.015810276679841896 0.045454545454545456
1 0.03359683794466403 0.34265734265734266 0.017786561264822136 0.06643356643356643
1 0.06126482213438735 0.3723776223776224 0.017786561264822136 0.06293706293706294
1 0.10770750988142293 0.41083916083916083 0.019762845849802372 0.06993006993006994
1 0.13043478260869565 0.38986013986013984 0.017786561264822136 0.055944055944055944
1 0.1907114624505929 0.5384615384615384 0.03162055335968379 0.10839160839160839
1 0.18774703557312253 0.9230769230769231 0.05731225296442688 0.13636363636363635
1 0.30039525691699603 0.8653846153846154 0.0533596837944664 0.1958041958041958
1 0.29446640316205536 0.7604895104895105 0.045454545454545456 0.11188811188811189
1 0.3557312252964427 0.8199300699300699 0.045454545454545456 0.18181818181818182
1 0.308300395256917 0.6083916083916084 0.037549407114624504 0.12937062937062938
1 0.2391304347826087 0.4493006993006993 0.041501976284584984 0.07692307692307693
1 0.31225296442687744 0.4632867132867133 0.04940711462450593 0.08391608391608392
1 0.3073122529644269 0.40734265734265734 0.03557312252964427 0.06293706293706294
1 0.34782608695652173 0.5402097902097902 0.041501976284584984 0.1048951048951049
1 0.3893280632411067 0.6625874125874126 0.041501976284584984 0.1258741258741259
1 0.4782608695652174 0.6241258741258742 0.041501976284584984 0.1258741258741259
1 0.37450592885375494 0.47202797202797203 0.043478260869565216 0.07342657342657342
1 0.591897233201581 0.4527972027972028 0.043478260869565216 0.06993006993006994
1 0.5375494071146245 0.7972027972027972 0.06521739130434782 0.15034965034965034
1 0.5760869565217391 0.7272727272727273 0.05533596837944664 0.13636363636363635
1 0.7371541501976284 0.7325174825174825 0.045454545454545456 0.14685314685314685
1 0.5642292490118577 0.9108391608391608 0.07509881422924901 0.15384615384615385
1 0.782608695652174 0.5944055944055944 0.037549407114624504 0.10839160839160839
1 0.6768774703557312 0.486013986013986 0.023715415019762844 0.08041958041958042
1 0.7430830039525692 0.46678321678321677 0.03359683794466403 0.07692307692307693
1 0.7549407114624506 0.42132867132867136 0.017786561264822136 0.06993006993006994
1 0.8468379446640316 0.36363636363636365 0.03557312252964427 0.05244755244755245
1 0.9169960474308301 0.4807692307692308 0.025691699604743084 0.09090909090909091
1 0.9466403162055336 0.5052447552447552 0.029644268774703556 0.08391608391608392
1 0.9812252964426877 0.39335664335664333 0.015810276679841896 0.06293706293706294
1 0.9150197628458498 0.4160839160839161 0.017786561264822136 0.06643356643356643
1 0.983201581027668 0.4755244755244755 0.019762845849802372 0.08041958041958042
1 0.808300395256917 0.3269230769230769 0.029644268774703556 0.04895104895104895
1 0.2994071146245059 0.30244755244755245 0.02766798418972332 0.04195804195804196
1 0.25 0.3269230769230769 0.019762845849802372 0.04895104895104895
2 0.18972332015810275 0.4125874125874126 0.07312252964426877 0.08041958041958042
2 0.13339920948616601 0.36363636363636365 0.039525691699604744 0.07342657342657342
2 0.2124505928853755 0.3706293706293706 0.039525691699604744 0.06643356643356643
2 0.16996047430830039 0.33916083916083917 0.037549407114624504 0.05244755244755245
2 0.1422924901185771 0.291958041958042 0.025691699604743084 0.04195804195804196
2 0.383399209486166 0.4370629370629371 0.1007905138339921 0.07342657342657342
2 0.38438735177865613 0.29545454545454547 0.06719367588932806 0.04895104895104895
2 0.6264822134387352 0.6258741258741258 0.12845849802371542 0.13636363636363635
2 0.5968379446640316 0.3076923076923077 0.0533596837944664 0.038461538461538464
2 0.6551383399209486 0.3129370629370629 0.04743083003952569 0.04895104895104895
2 0.5355731225296443 0.28846153846153844 0.04940711462450593 0.03496503496503497
2 0.932806324110672 0.3129370629370629 0.0533596837944664 0.04195804195804196
3 0.7114624505928854 0.32342657342657344 0.06521739130434782 0.06293706293706294
