1 0.4288537549407115 0.7027972027972028 0.11264822134387352 0.2062937062937063
1 0.7272727272727273 0.8391608391608392 0.16996047430830039 0.15384615384615385
1 0.8241106719367589 0.22727272727272727 0.025691699604743084 0.0979020979020979
1 0.782608695652174 0.23076923076923078 0.037549407114624504 0.0979020979020979
1 0.7371541501976284 0.2062937062937063 0.025691699604743084 0.1048951048951049
1 0.691699604743083 0.2097902097902098 0.029644268774703556 0.10139860139860139
1 0.7193675889328063 0.24475524475524477 0.021739130434782608 0.07692307692307693
1 0.8458498023715415 0.2097902097902098 0.017786561264822136 0.08391608391608392
1 0.039525691699604744 0.24825174825174826 0.043478260869565216 0.10139860139860139
1 0.4841897233201581 0.16783216783216784 0.03557312252964427 0.06643356643356643
1 0.758893280632411 0.15384615384615385 0.017786561264822136 0.07342657342657342
1 0.9130434782608695 0.09090909090909091 0.015810276679841896 0.06293706293706294
1 0.9387351778656127 0.055944055944055944 0.017786561264822136 0.055944055944055944
1 0.9703557312252964 0.06993006993006994 0.017786561264822136 0.06643356643356643
2 0.7766798418972332 0.13986013986013987 0.07905138339920949 0.12237762237762238
2 0.8735177865612648 0.16083916083916083 0.07509881422924901 0.14335664335664336
2 0.7015810276679841 0.6783216783216783 0.29051383399209485 0.3146853146853147
2 0.07114624505928854 0.6643356643356644 0.29446640316205536 0.32867132867132864
2 0.03162055335968379 0.4125874125874126 0.18972332015810275 0.18181818181818182
2 0.9011857707509882 0.017482517482517484 0.041501976284584984 0.07342657342657342
0 0.9130434782608695 0.3321678321678322 0.043478260869565216 0.14685314685314685
2 0.924901185770751 0.12237762237762238 0.04743083003952569 0.11888111888111888
2 0.8517786561264822 0.0944055944055944 0.05138339920948617 0.06993006993006994
3 0.2885375494071146 0.2097902097902098 0.5533596837944664 0.47202797202797203
