2 0.4723320158102767 0.6835664335664335 0.17984189723320157 0.17482517482517482
2 0.5108695652173914 0.4370629370629371 0.09090909090909091 0.08041958041958042
2 0.22332015810276679 0.4160839160839161 0.05731225296442688 0.07342657342657342
2 0.045454545454545456 0.3374125874125874 0.0691699604743083 0.07692307692307693
2 0.7312252964426877 0.3356643356643357 0.05731225296442688 0.045454545454545456
2 0.6837944664031621 0.3041958041958042 0.04940711462450593 0.038461538461538464
2 0.7401185770750988 0.3076923076923077 0.05533596837944664 0.045454545454545456
2 0.6245059288537549 0.3094405594405594 0.04940711462450593 0.04195804195804196
2 0.5681818181818182 0.30244755244755245 0.05138339920948617 0.04195804195804196
2 0.8043478260869565 0.3531468531468531 0.07312252964426877 0.05944055944055944
2 0.8428853754940712 0.3986013986013986 0.05928853754940711 0.06643356643356643
2 0.34980237154150196 0.2674825174825175 0.045454545454545456 0.04195804195804196
3 0.20948616600790515 0.34965034965034963 0.0533596837944664 0.0944055944055944
3 0.2075098814229249 0.2744755244755245 0.025691699604743084 0.04895104895104895
3 0.2707509881422925 0.26048951048951047 0.06521739130434782 0.055944055944055944
1 0.13339920948616601 0.506993006993007 0.03162055335968379 0.10139860139860139
1 0.41798418972332013 0.8356643356643356 0.07509881422924901 0.15734265734265734
1 0.532608695652174 0.7937062937062938 0.05533596837944664 0.14335664335664336
1 0.575098814229249 0.8304195804195804 0.07707509881422925 0.16083916083916083
1 0.6462450592885376 0.8688811188811189 0.06521739130434782 0.16783216783216784
1 0.6156126482213439 0.958041958041958 0.05928853754940711 0.06643356643356643
1 0.44861660079051385 0.9685314685314685 0.05731225296442688 0.05244755244755245
1 0.6976284584980237 0.4458041958041958 0.041501976284584984 0.07692307692307693
1 0.741106719367589 0.3951048951048951 0.017786561264822136 0.05944055944055944
1 0.8260869565217391 0.4160839160839161 0.03359683794466403 0.05944055944055944
1 0.8843873517786561 0.44755244755244755 0.019762845849802372 0.07342657342657342
1 0.9219367588932806 0.43006993006993005 0.023715415019762844 0.06643356643356643
1 0.9565217391304348 0.49125874125874125 0.021739130434782608 0.09090909090909091
1 0.9861660079051383 0.458041958041958 0.021739130434782608 0.08041958041958042
1 0.9772727272727273 0.3811188811188811 0.03162055335968379 0.045454545454545456
1 0.9555335968379447 0.3618881118881119 0.019762845849802372 0.055944055944055944
1 0.9298418972332015 0.36013986013986016 0.011857707509881422 0.05244755244755245
1 0.9011857707509882 0.3811188811188811 0.017786561264822136 0.045454545454545456
1 0.8853754940711462 0.3758741258741259 0.021739130434782608 0.04895104895104895
1 0.8567193675889329 0.30594405594405594 0.02766798418972332 0.03496503496503497
1 0.2875494071146245 0.30594405594405594 0.015810276679841896 0.04195804195804196
1 0.33893280632411066 0.29895104895104896 0.023715415019762844 0.03496503496503497
1 0.3883399209486166 0.2937062937062937 0.019762845849802372 0.03146853146853147
1 0.40711462450592883 0.2937062937062937 0.017786561264822136 0.03146853146853147
