1 0.1383399209486166 0.5856643356643356 0.11264822134387352 0.16433566433566432
1 0.19960474308300397 0.6625874125874126 0.10869565217391304 0.11888111888111888
1 0.21640316205533597 0.5786713286713286 0.07114624505928854 0.14685314685314685
1 0.2727272727272727 0.6328671328671329 0.0691699604743083 0.15734265734265734
1 0.1976284584980237 0.5157342657342657 0.03359683794466403 0.12237762237762238
1 0.3310276679841897 0.6713286713286714 0.05928853754940711 0.17482517482517482
1 0.3201581027667984 0.6381118881118881 0.06521739130434782 0.1048951048951049
1 0.29545454545454547 0.5646853146853147 0.05138339920948617 0.11888111888111888
1 0.18478260869565216 0.4405594405594406 0.03557312252964427 0.11888111888111888
1 0.15118577075098813 0.3706293706293706 0.02766798418972332 0.0979020979020979
1 0.16897233201581027 0.4020979020979021 0.02766798418972332 0.09090909090909091
1 0.17094861660079053 0.3513986013986014 0.023715415019762844 0.08391608391608392
1 0.1956521739130435 0.36713286713286714 0.021739130434782608 0.08041958041958042
1 0.22134387351778656 0.41083916083916083 0.025691699604743084 0.09090909090909091
1 0.25296442687747034 0.4195804195804196 0.025691699604743084 0.07342657342657342
1 0.29545454545454547 0.4562937062937063 0.02766798418972332 0.07342657342657342
1 0.3675889328063241 0.5541958041958042 0.03359683794466403 0.07692307692307693
1 0.441699604743083 0.6066433566433567 0.043478260869565216 0.08041958041958042
1 0.4762845849802372 0.6818181818181818 0.045454545454545456 0.0979020979020979
1 0.4407114624505929 0.756993006993007 0.06126482213438735 0.17132867132867133
1 0.5306324110671937 0.7744755244755245 0.05928853754940711 0.10839160839160839
1 0.5108695652173914 0.8881118881118881 0.08300395256916997 0.17132867132867133
1 0.5316205533596838 0.9370629370629371 0.08102766798418973 0.13286713286713286
1 0.5632411067193676 0.8986013986013986 0.07312252964426877 0.15734265734265734
1 0.6126482213438735 0.9877622377622378 0.07707509881422925 0.16783216783216784
1 0.6788537549407114 0.986013986013986 0.07905138339920949 0.18181818181818182
1 0.6225296442687747 0.8933566433566433 0.06126482213438735 0.13636363636363635
1 0.7539525691699605 0.9755244755244755 0.03557312252964427 0.1258741258741259
1 0.8132411067193676 1.1013986013986015 0.043478260869565216 0.17132867132867133
1 0.9140316205533597 1.1888111888111887 0.043478260869565216 0.15384615384615385
1 0.7727272727272727 0.9143356643356644 0.021739130434782608 0.0944055944055944
1 0.5434782608695652 0.6888111888111889 0.03359683794466403 0.07342657342657342
1 0.7549407114624506 0.8583916083916084 0.021739130434782608 0.06993006993006994
1 0.7786561264822134 0.8741258741258742 0.025691699604743084 0.05944055944055944
1 0.8824110671936759 0.9947552447552448 0.03162055335968379 0.06643356643356643
1 0.8794466403162056 0.972027972027972 0.017786561264822136 0.05244755244755245
1 0.9209486166007905 1.0034965034965035 0.025691699604743084 0.04895104895104895
1 0.9446640316205533 1.0192307692307692 0.03359683794466403 0.04895104895104895
1 0.9802371541501976 1.0664335664335665 0.029644268774703556 0.05244755244755245
1 0.8913043478260869 0.9597902097902098 0.025691699604743084 0.04895104895104895
1 0.8567193675889329 0.9283216783216783 0.03162055335968379 0.04895104895104895
1 0.8241106719367589 0.9038461538461539 0.03359683794466403 0.045454545454545456
1 0.7806324110671937 0.8548951048951049 0.029644268774703556 0.055944055944055944
1 0.6877470355731226 0.7622377622377622 0.017786561264822136 0.04895104895104895
1 0.724308300395257 0.8024475524475524 0.019762845849802372 0.05244755244755245
1 0.7460474308300395 0.8216783216783217 0.023715415019762844 0.055944055944055944
1 0.24110671936758893 0.36713286713286714 0.021739130434782608 0.04195804195804196
1 0.20355731225296442 0.3129370629370629 0.01383399209486166 0.03496503496503497
1 0.18478260869565216 0.29895104895104896 0.011857707509881422 0.045454545454545456
2 0.3201581027667984 0.5559440559440559 0.09683794466403162 0.11188811188811189
2 0.4673913043478261 0.777972027972028 0.1857707509881423 0.21678321678321677
2 0.5948616600790514 0.7797202797202797 0.11264822134387352 0.08041958041958042
2 0.7104743083003953 0.8583916083916084 0.06719367588932806 0.06993006993006994
2 0.8389328063241107 0.951048951048951 0.06719367588932806 0.06993006993006994
2 0.7895256916996047 0.8653846153846154 0.04743083003952569 0.04195804195804196
2 0.8616600790513834 0.9353146853146853 0.05731225296442688 0.03496503496503497
2 0.9545454545454546 1.0244755244755244 0.04940711462450593 0.04195804195804196
2 0.5602766798418972 0.6573426573426573 0.05138339920948617 0.04195804195804196
2 0.6185770750988142 0.7097902097902098 0.041501976284584984 0.038461538461538464
2 0.38735177865612647 0.5034965034965035 0.04940711462450593 0.038461538461538464
2 0.28952569169960474 0.4230769230769231 0.05928853754940711 0.04195804195804196
2 0.19960474308300397 0.35664335664335667 0.06126482213438735 0.038461538461538464
2 0.1442687747035573 0.3006993006993007 0.0533596837944664 0.045454545454545456
2 0.08893280632411067 0.26223776223776224 0.041501976284584984 0.05944055944055944
2 0.036561264822134384 0.2202797202797203 0.039525691699604744 0.06993006993006994
2 0.037549407114624504 0.2744755244755245 0.06126482213438735 0.10139860139860139
2 0.09683794466403162 0.2202797202797203 0.029644268774703556 0.03496503496503497
2 0.040513833992094864 0.20104895104895104 0.03557312252964427 0.04195804195804196
3 0.09189723320158102 0.25874125874125875 0.07905138339920949 0.06293706293706294
3 0.6669960474308301 0.7517482517482518 0.10276679841897234 0.07692307692307693
