1 0.8073122529644269 1.1118881118881119 0.1383399209486166 0.2202797202797203
1 0.9229249011857708 1.2202797202797202 0.1324110671936759 0.1853146853146853
1 0.8586956521739131 1.0856643356643356 0.12648221343873517 0.16783216783216784
1 0.8300395256916996 1.013986013986014 0.09683794466403162 0.12237762237762238
1 0.7835968379446641 0.9458041958041958 0.09486166007905138 0.1258741258741259
1 0.7371541501976284 0.9248251748251748 0.08498023715415019 0.15384615384615385
1 0.5889328063241107 0.7657342657342657 0.08498023715415019 0.0979020979020979
1 0.5395256916996047 0.6748251748251748 0.06126482213438735 0.12237762237762238
1 0.4990118577075099 0.6520979020979021 0.06719367588932806 0.13286713286713286
1 0.4407114624505929 0.6083916083916084 0.07707509881422925 0.14335664335664336
1 0.4140316205533597 0.5314685314685315 0.07905138339920949 0.11538461538461539
1 0.5059288537549407 0.5629370629370629 0.029644268774703556 0.11538461538461539
1 0.7233201581027668 0.7395104895104895 0.03359683794466403 0.1258741258741259
1 0.8685770750988142 0.8688811188811189 0.02766798418972332 0.09090909090909091
1 0.7776679841897233 0.7884615384615384 0.023715415019762844 0.0979020979020979
1 0.7569169960474308 0.763986013986014 0.021739130434782608 0.0979020979020979
1 0.3606719367588933 0.5314685314685315 0.07509881422924901 0.13986013986013987
1 0.29446640316205536 0.4807692307692308 0.06521739130434782 0.12937062937062938
1 0.24604743083003952 0.4125874125874126 0.04743083003952569 0.1048951048951049
1 0.05138339920948617 0.2692307692307692 0.0533596837944664 0.13636363636363635
1 0.3349802371541502 0.4632867132867133 0.03557312252964427 0.08391608391608392
1 0.30237154150197626 0.4458041958041958 0.045454545454545456 0.0979020979020979
2 0.5563241106719368 0.9370629370629371 0.3201581027667984 0.2727272727272727
2 0.6225296442687747 0.9195804195804196 0.2628458498023715 0.23426573426573427
2 0.8458498023715415 0.833916083916084 0.0691699604743083 0.1258741258741259
2 0.8843873517786561 0.8426573426573427 0.043478260869565216 0.08741258741258741
2 0.1225296442687747 0.3583916083916084 0.16798418972332016 0.17832167832167833
2 0.11264822134387352 0.45454545454545453 0.20355731225296442 0.23076923076923078
2 0.0691699604743083 0.23251748251748253 0.116600790513834 0.12237762237762238
4 0.6986166007905138 1.2167832167832169 0.41106719367588934 0.15734265734265734
1 0.21739130434782608 0.32867132867132864 0.037549407114624504 0.07692307692307693
2 0.9239130434782609 0.9300699300699301 0.07114624505928854 0.13286713286713286
2 0.9347826086956522 0.9090909090909091 0.045454545454545456 0.06293706293706294
2 0.9456521739130435 0.8986013986013986 0.043478260869565216 0.06643356643356643
