1 0.22628458498023715 0.5541958041958042 0.1067193675889328 0.13986013986013987
1 0.08498023715415019 0.30244755244755245 0.03359683794466403 0.13986013986013987
1 0.18181818181818182 0.32167832167832167 0.021739130434782608 0.08041958041958042
1 0.17588932806324112 0.30244755244755245 0.021739130434782608 0.06293706293706294
1 0.1551383399209486 0.26048951048951047 0.02766798418972332 0.06643356643356643
1 0.06126482213438735 0.17657342657342656 0.021739130434782608 0.06293706293706294
1 0.2727272727272727 0.4090909090909091 0.029644268774703556 0.08391608391608392
1 0.32806324110671936 0.46153846153846156 0.025691699604743084 0.10139860139860139
1 0.34782608695652173 0.4825174825174825 0.017786561264822136 0.10139860139860139
1 0.3468379446640316 0.44405594405594406 0.019762845849802372 0.07342657342657342
1 0.2974308300395257 0.36713286713286714 0.023715415019762844 0.04195804195804196
1 0.3290513833992095 0.3986013986013986 0.015810276679841896 0.05244755244755245
1 0.5128458498023716 0.5856643356643356 0.015810276679841896 0.06293706293706294
1 0.5276679841897233 0.6118881118881119 0.017786561264822136 0.06643356643356643
1 0.5523715415019763 0.6468531468531469 0.019762845849802372 0.07692307692307693
1 0.7549407114624506 0.9143356643356644 0.07312252964426877 0.11538461538461539
1 0.7895256916996047 0.9283216783216783 0.05928853754940711 0.10139860139860139
1 0.9476284584980237 1.1503496503496504 0.08695652173913043 0.15034965034965034
1 0.9397233201581028 1.055944055944056 0.05533596837944664 0.09090909090909091
1 0.6235177865612648 0.6625874125874126 0.023715415019762844 0.04895104895104895
2 0.4278656126482213 0.5472027972027972 0.09486166007905138 0.08741258741258741
2 0.1482213438735178 0.24825174825174826 0.05731225296442688 0.04195804195804196
2 0.5731225296442688 0.7552447552447552 0.1482213438735178 0.11188811188811189
2 0.49209486166007904 0.6101398601398601 0.0533596837944664 0.09090909090909091
2 0.8112648221343873 0.958041958041958 0.13438735177865613 0.1048951048951049
2 0.4199604743083004 0.5017482517482518 0.06719367588932806 0.04895104895104895
2 0.724308300395257 0.7657342657342657 0.04743083003952569 0.04195804195804196
3 0.4505928853754941 0.5087412587412588 0.06126482213438735 0.04895104895104895
3 0.6027667984189723 0.6451048951048951 0.05731225296442688 0.03496503496503497
3 0.7934782608695652 0.8111888111888111 0.04743083003952569 0.038461538461538464
4 0.5681818181818182 0.6363636363636364 0.06719367588932806 0.14335664335664336
4 0.06521739130434782 0.17132867132867133 0.0691699604743083 0.06293706293706294
