2 0.07509881422924901 0.2902097902097902 0.06521739130434782 0.11188811188811189
2 0.2727272727272727 0.32167832167832167 0.12648221343873517 0.13286713286713286
2 0.4150197628458498 0.21328671328671328 0.043478260869565216 0.05944055944055944
2 0.41699604743083 0.1993006993006993 0.06521739130434782 0.04195804195804196
2 0.4980237154150198 0.25524475524475526 0.04743083003952569 0.06993006993006994
2 0.5296442687747036 0.22377622377622378 0.043478260869565216 0.06993006993006994
2 0.5276679841897233 0.1888111888111888 0.05928853754940711 0.04195804195804196
2 0.4407114624505929 0.14685314685314685 0.03162055335968379 0.03496503496503497
2 0.41304347826086957 0.14335664335664336 0.019762845849802372 0.03496503496503497
2 0.8043478260869565 0.36013986013986016 0.15217391304347827 0.12237762237762238
2 0.7430830039525692 0.20279720279720279 0.05138339920948617 0.038461538461538464
4 0.5335968379446641 0.2727272727272727 0.14031620553359683 0.14335664335664336
1 0.1324110671936759 0.7237762237762237 0.08695652173913043 0.2202797202797203
1 0.13043478260869565 0.6118881118881119 0.06521739130434782 0.19230769230769232
1 0.31225296442687744 0.5979020979020979 0.05928853754940711 0.1853146853146853
1 0.2608695652173913 0.3006993006993007 0.021739130434782608 0.08391608391608392
1 0.23517786561264822 0.2902097902097902 0.03162055335968379 0.09090909090909091
1 0.22529644268774704 0.2727272727272727 0.03359683794466403 0.07692307692307693
1 0.13438735177865613 0.22377622377622378 0.029644268774703556 0.06293706293706294
1 0.17786561264822134 0.23776223776223776 0.02766798418972332 0.05944055944055944
1 0.11857707509881422 0.16783216783216784 0.02766798418972332 0.055944055944055944
1 0.17588932806324112 0.17482517482517482 0.021739130434782608 0.04895104895104895
1 0.3458498023715415 0.2097902097902098 0.015810276679841896 0.04895104895104895
1 0.3715415019762846 0.20279720279720279 0.021739130434782608 0.07692307692307693
1 0.36363636363636365 0.3076923076923077 0.019762845849802372 0.05944055944055944
1 0.424901185770751 0.2937062937062937 0.021739130434782608 0.08741258741258741
1 0.45849802371541504 0.33916083916083917 0.04940711462450593 0.08391608391608392
1 0.4743083003952569 0.2902097902097902 0.017786561264822136 0.06993006993006994
1 0.5039525691699605 0.2902097902097902 0.021739130434782608 0.07692307692307693
1 0.567193675889328 0.36363636363636365 0.04743083003952569 0.09090909090909091
1 0.6857707509881423 0.32517482517482516 0.05138339920948617 0.08041958041958042
1 0.7272727272727273 0.3706293706293706 0.05533596837944664 0.0944055944055944
1 0.9110671936758893 0.48951048951048953 0.08498023715415019 0.13286713286713286
2 0.30039525691699603 0.24825174825174826 0.07707509881422925 0.06643356643356643
1 0.616600790513834 0.1993006993006993 0.02766798418972332 0.055944055944055944
1 0.525691699604743 0.3776223776223776 0.05731225296442688 0.10139860139860139
