1 0.34189723320158105 0.7307692307692307 0.09683794466403162 0.2062937062937063
1 0.5948616600790514 0.5646853146853147 0.09288537549407115 0.16083916083916083
1 0.6630434782608695 0.5332167832167832 0.08695652173913043 0.14685314685314685
1 0.7282608695652174 0.6083916083916084 0.11462450592885376 0.17132867132867133
1 0.8330039525691699 0.6206293706293706 0.11067193675889328 0.18181818181818182
1 0.8843873517786561 0.5926573426573427 0.08300395256916997 0.16783216783216784
1 0.8073122529644269 0.479020979020979 0.09486166007905138 0.14335664335664336
1 0.7322134387351779 0.4982517482517482 0.09486166007905138 0.14685314685314685
1 0.5543478260869565 0.4755244755244755 0.08300395256916997 0.12937062937062938
1 0.541501976284585 0.42132867132867136 0.0691699604743083 0.1258741258741259
1 0.5741106719367589 0.3968531468531469 0.05138339920948617 0.13286713286713286
1 0.6887351778656127 0.29545454545454547 0.03557312252964427 0.11888111888111888
1 0.7381422924901185 0.23251748251748253 0.03162055335968379 0.1048951048951049
1 0.7598814229249012 0.20279720279720279 0.023715415019762844 0.08741258741258741
1 0.8656126482213439 0.256993006993007 0.03359683794466403 0.1048951048951049
1 0.9051383399209486 0.2692307692307692 0.03359683794466403 0.10839160839160839
1 0.9703557312252964 0.7604895104895105 0.04940711462450593 0.11888111888111888
1 0.32806324110671936 0.46678321678321677 0.07312252964426877 0.1258741258741259
1 0.44565217391304346 0.3811188811188811 0.06324110671936758 0.12937062937062938
1 0.05434782608695652 0.9213286713286714 0.09090909090909091 0.13986013986013987
1 0.8379446640316206 0.11013986013986014 0.025691699604743084 0.06293706293706294
1 0.9130434782608695 0.055944055944055944 0.017786561264822136 0.05944055944055944
1 0.7845849802371542 0.20279720279720279 0.021739130434782608 0.0944055944055944
2 0.8300395256916996 0.20454545454545456 0.07312252964426877 0.11888111888111888
2 0.9219367588932806 0.20104895104895104 0.06324110671936758 0.0979020979020979
2 0.9367588932806324 0.1346153846153846 0.05731225296442688 0.06293706293706294
2 0.8567193675889329 0.06118881118881119 0.043478260869565216 0.06993006993006994
2 0.7371541501976284 0.8444055944055944 0.35375494071146246 0.3006993006993007
2 0.37648221343873517 0.6416083916083916 0.20948616600790515 0.23776223776223776
2 0.21541501976284586 0.8583916083916084 0.25889328063241107 0.26573426573426573
2 0.09090909090909091 0.6520979020979021 0.16798418972332016 0.27972027972027974
3 0.22035573122529645 0.30244755244755245 0.36363636363636365 0.32167832167832167
3 0.12450592885375494 0.36538461538461536 0.23517786561264822 0.3356643356643357
