1 0.023715415019762844 0.743006993006993 0.037549407114624504 0.15384615384615385
1 0.13537549407114624 0.736013986013986 0.043478260869565216 0.1258741258741259
1 0.16996047430830039 0.6783216783216783 0.037549407114624504 0.13636363636363635
1 0.14031620553359683 0.5996503496503497 0.037549407114624504 0.1258741258741259
1 0.0266798418972332 0.4178321678321678 0.019762845849802372 0.06993006993006994
1 0.09782608695652174 0.4423076923076923 0.02766798418972332 0.09090909090909091
1 0.05632411067193676 0.43006993006993005 0.015810276679841896 0.08041958041958042
1 0.08201581027667984 0.3916083916083916 0.019762845849802372 0.06643356643356643
1 0.1857707509881423 0.5454545454545454 0.029644268774703556 0.10839160839160839
1 0.2015810276679842 0.47027972027972026 0.041501976284584984 0.08391608391608392
1 0.17885375494071146 0.4493006993006993 0.019762845849802372 0.07692307692307693
1 0.22233201581027667 0.4178321678321678 0.015810276679841896 0.07692307692307693
1 0.23122529644268774 0.6730769230769231 0.03359683794466403 0.11888111888111888
1 0.2341897233201581 0.6136363636363636 0.039525691699604744 0.11888111888111888
1 0.2845849802371542 0.6276223776223776 0.037549407114624504 0.13286713286713286
1 0.2519762845849802 0.5734265734265734 0.03557312252964427 0.12237762237762238
1 0.31521739130434784 0.5944055944055944 0.039525691699604744 0.11538461538461539
1 0.3132411067193676 0.5384615384615384 0.03557312252964427 0.0944055944055944
1 0.34189723320158105 0.5104895104895105 0.03359683794466403 0.10139860139860139
1 0.3201581027667984 0.47202797202797203 0.04940711462450593 0.07342657342657342
1 0.27964426877470355 0.4353146853146853 0.039525691699604744 0.06993006993006994
1 0.3784584980237154 0.44405594405594406 0.04743083003952569 0.08041958041958042
1 0.5405138339920948 0.4405594405594406 0.043478260869565216 0.08041958041958042
1 0.6067193675889329 0.42657342657342656 0.041501976284584984 0.08041958041958042
1 0.6541501976284585 0.46678321678321677 0.041501976284584984 0.06993006993006994
1 0.6442687747035574 0.4353146853146853 0.041501976284584984 0.06993006993006994
1 0.6640316205533597 0.6608391608391608 0.03359683794466403 0.11538461538461539
1 0.37648221343873517 0.8671328671328671 0.08300395256916997 0.16433566433566432
1 0.49604743083003955 0.8164335664335665 0.08893280632411067 0.15384615384615385
1 0.5197628458498024 0.9003496503496503 0.09288537549407115 0.17482517482517482
1 0.6126482213438735 0.8881118881118881 0.06126482213438735 0.17832167832167833
1 0.7094861660079052 0.8846153846153846 0.08102766798418973 0.17132867132867133
1 0.9565217391304348 0.9143356643356644 0.0533596837944664 0.15384615384615385
1 0.6788537549407114 0.5786713286713286 0.039525691699604744 0.11188811188811189
1 0.7549407114624506 0.6031468531468531 0.03359683794466403 0.1258741258741259
1 0.8191699604743083 0.5804195804195804 0.03162055335968379 0.11538461538461539
1 0.7490118577075099 0.527972027972028 0.037549407114624504 0.0944055944055944
1 0.8132411067193676 0.5209790209790209 0.03162055335968379 0.08741258741258741
1 0.7065217391304348 0.46153846153846156 0.02766798418972332 0.08741258741258741
1 0.6808300395256917 0.3968531468531469 0.023715415019762844 0.06993006993006994
1 0.7549407114624506 0.44405594405594406 0.021739130434782608 0.08041958041958042
1 0.8527667984189723 0.36713286713286714 0.019762845849802372 0.05944055944055944
1 0.9298418972332015 0.38986013986013984 0.03162055335968379 0.06993006993006994
1 0.7420948616600791 0.30244755244755245 0.019762845849802372 0.04195804195804196
1 0.6541501976284585 0.3129370629370629 0.017786561264822136 0.04895104895104895
1 0.6847826086956522 0.29895104895104896 0.023715415019762844 0.04195804195804196
1 0.2075098814229249 0.3531468531468531 0.017786561264822136 0.05244755244755245
1 0.10474308300395258 0.3531468531468531 0.017786561264822136 0.05944055944055944
1 0.3290513833992095 0.2972027972027972 0.023715415019762844 0.045454545454545456
1 0.43280632411067194 0.291958041958042 0.029644268774703556 0.04195804195804196
2 0.25790513833992096 0.8496503496503497 0.2727272727272727 0.2692307692307692
2 0.7529644268774703 0.4160839160839161 0.08498023715415019 0.06643356643356643
2 0.8053359683794467 0.3129370629370629 0.05533596837944664 0.04195804195804196
2 0.8883399209486166 0.3076923076923077 0.05928853754940711 0.038461538461538464
2 0.9268774703557312 0.34440559440559443 0.041501976284584984 0.06993006993006994
2 0.9772727272727273 0.32517482517482516 0.03162055335968379 0.038461538461538464
2 0.9822134387351779 0.34965034965034963 0.021739130434782608 0.045454545454545456
2 0.22826086956521738 0.3304195804195804 0.05138339920948617 0.04895104895104895
2 0.37648221343873517 0.28146853146853146 0.04743083003952569 0.04195804195804196
4 0.1482213438735178 0.3374125874125874 0.06521739130434782 0.0979020979020979
2 0.10968379446640317 0.3041958041958042 0.05533596837944664 0.038461538461538464
