2 0.6887351778656127 0.7167832167832168 0.1857707509881423 0.44405594405594406
2 0.8636363636363636 0.43006993006993005 0.12055335968379446 0.1993006993006993
2 0.8073122529644269 0.2674825174825175 0.09486166007905138 0.14685314685314685
2 0.9031620553359684 0.2517482517482518 0.08893280632411067 0.15734265734265734
2 0.8804347826086957 0.16433566433566432 0.05928853754940711 0.0944055944055944
2 0.9515810276679841 0.1381118881118881 0.04743083003952569 0.09090909090909091
2 0.8952569169960475 0.09090909090909091 0.045454545454545456 0.06643356643356643
2 0.9555335968379447 0.0979020979020979 0.04743083003952569 0.05944055944055944
2 0.29150197628458496 0.38636363636363635 0.18972332015810275 0.13986013986013987
2 0.18379446640316205 0.5209790209790209 0.23122529644268774 0.1993006993006993
2 0.0691699604743083 0.701048951048951 0.12450592885375494 0.24475524475524477
2 0.4357707509881423 0.6468531468531469 0.25296442687747034 0.16433566433566432
4 0.3349802371541502 0.7814685314685315 0.49407114624505927 0.42657342657342656
1 0.5810276679841897 0.6678321678321678 0.06521739130434782 0.2062937062937063
1 0.6630434782608695 0.4493006993006993 0.03557312252964427 0.16783216783216784
1 0.7223320158102767 0.42657342657342656 0.043478260869565216 0.14335664335664336
1 0.6946640316205533 0.34440559440559443 0.03557312252964427 0.1258741258741259
1 0.6511857707509882 0.3374125874125874 0.03557312252964427 0.1258741258741259
1 0.21739130434782608 0.29895104895104896 0.06126482213438735 0.1048951048951049
1 0.11462450592885376 0.2902097902097902 0.0533596837944664 0.10139860139860139
1 0.06027667984189723 0.27972027972027974 0.03557312252964427 0.0944055944055944
1 0.06324110671936758 0.229020979020979 0.037549407114624504 0.06293706293706294
1 0.7282608695652174 0.2972027972027972 0.02766798418972332 0.10839160839160839
1 0.6758893280632411 0.28146853146853146 0.025691699604743084 0.0979020979020979
1 0.7144268774703557 0.2395104895104895 0.023715415019762844 0.08391608391608392
1 0.8003952569169961 0.1486013986013986 0.017786561264822136 0.06293706293706294
1 0.8270750988142292 0.17132867132867133 0.019762845849802372 0.05944055944055944
