1 0.15612648221343872 0.534965034965035 0.029644268774703556 0.12237762237762238
1 0.005928853754940711 0.6958041958041958 0.03162055335968379 0.1258741258741259
1 0.09288537549407115 0.5104895104895105 0.05731225296442688 0.11188811188811189
1 0.023715415019762844 0.4825174825174825 0.029644268774703556 0.1048951048951049
1 0.07114624505928854 0.4405594405594406 0.021739130434782608 0.10139860139860139
1 0.3577075098814229 0.6783216783216783 0.0533596837944664 0.16433566433566432
1 0.4150197628458498 0.5314685314685315 0.039525691699604744 0.11188811188811189
1 0.4288537549407115 0.7552447552447552 0.06719367588932806 0.1888111888111888
1 0.43873517786561267 0.6678321678321678 0.0533596837944664 0.15734265734265734
1 0.49604743083003955 0.6503496503496503 0.06324110671936758 0.15384615384615385
1 0.5316205533596838 0.7377622377622378 0.07114624505928854 0.16433566433566432
1 0.06521739130434782 0.36013986013986016 0.023715415019762844 0.055944055944055944
1 0.23122529644268774 0.3111888111888112 0.017786561264822136 0.05244755244755245
1 0.782608695652174 0.4755244755244755 0.02766798418972332 0.0944055944055944
1 0.7134387351778656 0.4020979020979021 0.01383399209486166 0.06293706293706294
1 0.24703557312252963 0.2972027972027972 0.023715415019762844 0.04195804195804196
1 0.2826086956521739 0.2867132867132867 0.019762845849802372 0.04895104895104895
1 0.3300395256916996 0.27972027972027974 0.023715415019762844 0.038461538461538464
1 0.9387351778656127 0.5944055944055944 0.03359683794466403 0.13286713286713286
1 0.924901185770751 0.458041958041958 0.019762845849802372 0.08741258741258741
1 0.9426877470355731 0.479020979020979 0.02766798418972332 0.0944055944055944
1 0.7747035573122529 0.3811188811188811 0.017786561264822136 0.07342657342657342
1 0.7529644268774703 0.3706293706293706 0.021739130434782608 0.06293706293706294
1 0.7351778656126482 0.32867132867132864 0.023715415019762844 0.07342657342657342
1 0.7984189723320159 0.3881118881118881 0.019762845849802372 0.08041958041958042
1 0.8241106719367589 0.3881118881118881 0.019762845849802372 0.08041958041958042
1 0.6758893280632411 0.2972027972027972 0.021739130434782608 0.05244755244755245
1 0.7865612648221344 0.3076923076923077 0.029644268774703556 0.04195804195804196
1 0.8181818181818182 0.2902097902097902 0.017786561264822136 0.04195804195804196
1 0.8636363636363636 0.32867132867132864 0.021739130434782608 0.04195804195804196
1 0.9387351778656127 0.33916083916083917 0.03557312252964427 0.08041958041958042
1 0.974308300395257 0.4230769230769231 0.019762845849802372 0.06993006993006994
2 0.9604743083003953 0.3986013986013986 0.03359683794466403 0.05244755244755245
2 0.03359683794466403 0.5734265734265734 0.1067193675889328 0.16083916083916083
2 0.007905138339920948 0.4020979020979021 0.07707509881422925 0.1048951048951049
2 0.025691699604743084 0.3356643356643357 0.06521739130434782 0.07342657342657342
2 0.18379446640316205 0.6223776223776224 0.1541501976284585 0.16083916083916083
2 0.007905138339920948 0.7902097902097902 0.20553359683794467 0.20279720279720279
2 0.6027667984189723 0.8006993006993007 0.2727272727272727 0.19230769230769232
2 0.6205533596837944 0.7167832167832168 0.24703557312252963 0.23076923076923078
4 0.12055335968379446 0.3321678321678322 0.07905138339920949 0.1853146853146853
4 0.10474308300395258 0.3076923076923077 0.07509881422924901 0.0944055944055944
4 0.1600790513833992 0.28321678321678323 0.0691699604743083 0.0944055944055944
4 0.16600790513833993 0.24825174825174826 0.037549407114624504 0.04195804195804196
2 0.1324110671936759 0.2727272727272727 0.02766798418972332 0.04195804195804196
2 0.5711462450592886 0.27972027972027974 0.06126482213438735 0.04895104895104895
2 0.6324110671936759 0.2692307692307692 0.05138339920948617 0.045454545454545456
2 0.9051383399209486 0.2867132867132867 0.05533596837944664 0.045454545454545456
4 0.8359683794466403 0.36713286713286714 0.08102766798418973 0.15734265734265734
