1 0.08695652173913043 0.5769230769230769 0.03162055335968379 0.15734265734265734
1 0.11067193675889328 0.527972027972028 0.03162055335968379 0.1048951048951049
1 0.17588932806324112 0.583916083916084 0.041501976284584984 0.13986013986013987
1 0.16205533596837945 0.493006993006993 0.029644268774703556 0.11188811188811189
1 0.05928853754940711 0.43356643356643354 0.029644268774703556 0.08041958041958042
1 0.017786561264822136 0.38461538461538464 0.03162055335968379 0.08041958041958042
1 0.25691699604743085 0.5314685314685315 0.029644268774703556 0.11888111888111888
1 0.274703557312253 0.3986013986013986 0.039525691699604744 0.06993006993006994
1 0.3814229249011858 0.4160839160839161 0.04940711462450593 0.08391608391608392
1 0.43873517786561267 0.4090909090909091 0.04743083003952569 0.07692307692307693
1 0.4762845849802372 0.3916083916083916 0.043478260869565216 0.07342657342657342
1 0.30237154150197626 0.6293706293706294 0.06521739130434782 0.1258741258741259
1 0.3241106719367589 0.7237762237762237 0.07905138339920949 0.13636363636363635
1 0.6007905138339921 0.6958041958041958 0.07312252964426877 0.16433566433566432
1 0.6620553359683794 0.4125874125874126 0.043478260869565216 0.07692307692307693
1 0.6798418972332015 0.4020979020979021 0.039525691699604744 0.07342657342657342
1 0.7490118577075099 0.38461538461538464 0.02766798418972332 0.06993006993006994
1 0.7924901185770751 0.3881118881118881 0.023715415019762844 0.06643356643356643
1 0.8300395256916996 0.33916083916083917 0.023715415019762844 0.05244755244755245
1 0.8814229249011858 0.34265734265734266 0.02766798418972332 0.055944055944055944
1 0.9604743083003953 0.36013986013986016 0.03162055335968379 0.05944055944055944
1 0.30237154150197626 0.2867132867132867 0.023715415019762844 0.04195804195804196
1 0.2766798418972332 0.2972027972027972 0.017786561264822136 0.04195804195804196
1 0.4288537549407115 0.26223776223776224 0.017786561264822136 0.04195804195804196
1 0.09090909090909091 0.36013986013986016 0.019762845849802372 0.06643356643356643
2 0.10869565217391304 0.36713286713286714 0.05731225296442688 0.06643356643356643
2 0.3221343873517787 0.5314685314685315 0.12648221343873517 0.13986013986013987
2 0.05731225296442688 0.33916083916083917 0.06126482213438735 0.07342657342657342
2 0.007905138339920948 0.34265734265734266 0.029644268774703556 0.05944055944055944
2 0.045454545454545456 0.3006993006993007 0.03557312252964427 0.055944055944055944
2 0.09881422924901186 0.2762237762237762 0.029644268774703556 0.05244755244755245
2 0.19367588932806323 0.32517482517482516 0.037549407114624504 0.07342657342657342
2 0.5197628458498024 0.4090909090909091 0.1067193675889328 0.08041958041958042
4 0.13438735177865613 0.2692307692307692 0.04940711462450593 0.1048951048951049
2 0.5573122529644269 0.28321678321678323 0.04743083003952569 0.04195804195804196
2 0.6561264822134387 0.3006993006993007 0.045454545454545456 0.04895104895104895
2 0.733201581027668 0.32517482517482516 0.039525691699604744 0.055944055944055944
2 0.7786561264822134 0.27972027972027974 0.06126482213438735 0.045454545454545456
