2 0.35375494071146246 0.5646853146853147 0.11264822134387352 0.08741258741258741
2 0.7806324110671937 1.1765734265734267 0.2509881422924901 0.24125874125874125
2 0.7134387351778656 0.8479020979020979 0.07312252964426877 0.06293706293706294
2 0.7954545454545454 0.916083916083916 0.05138339920948617 0.08391608391608392
2 0.8399209486166008 0.9493006993006993 0.04940711462450593 0.06293706293706294
2 0.9565217391304348 1.0611888111888113 0.07707509881422925 0.06643356643356643
2 0.7579051383399209 0.8636363636363636 0.03557312252964427 0.045454545454545456
2 0.6946640316205533 0.7902097902097902 0.05533596837944664 0.05244755244755245
2 0.9011857707509882 0.9667832167832168 0.0533596837944664 0.03496503496503497
2 0.8349802371541502 0.9143356643356644 0.039525691699604744 0.045454545454545456
2 0.18774703557312253 0.35664335664335667 0.041501976284584984 0.05944055944055944
2 0.08498023715415019 0.2517482517482518 0.03359683794466403 0.06993006993006994
2 0.038537549407114624 0.19755244755244755 0.03557312252964427 0.045454545454545456
2 0.06225296442687747 0.20454545454545456 0.023715415019762844 0.04195804195804196
2 0.23122529644268774 0.38286713286713286 0.06521739130434782 0.045454545454545456
2 0.233201581027668 0.3758741258741259 0.0691699604743083 0.04195804195804196
2 0.4150197628458498 0.5192307692307693 0.041501976284584984 0.027972027972027972
1 0.26877470355731226 0.5996503496503497 0.08102766798418973 0.15734265734265734
1 0.2549407114624506 0.5262237762237763 0.041501976284584984 0.11888111888111888
1 0.18972332015810275 0.42832167832167833 0.025691699604743084 0.1048951048951049
1 0.12549407114624506 0.3968531468531469 0.04743083003952569 0.10839160839160839
1 0.05434782608695652 0.25 0.019762845849802372 0.06293706293706294
1 0.07114624505928854 0.26048951048951047 0.021739130434782608 0.06293706293706294
1 0.10177865612648221 0.29545454545454547 0.023715415019762844 0.06643356643356643
1 0.1590909090909091 0.3339160839160839 0.019762845849802372 0.07692307692307693
1 0.12450592885375494 0.2902097902097902 0.021739130434782608 0.06643356643356643
1 0.22727272727272727 0.4195804195804196 0.029644268774703556 0.08041958041958042
1 0.2381422924901186 0.41083916083916083 0.019762845849802372 0.07342657342657342
1 0.2727272727272727 0.4388111888111888 0.021739130434782608 0.09090909090909091
1 0.21936758893280633 0.3793706293706294 0.017786561264822136 0.06643356643356643
1 0.23023715415019763 0.3811188811188811 0.015810276679841896 0.045454545454545456
1 0.4851778656126482 0.6363636363636364 0.03557312252964427 0.07342657342657342
1 0.5098814229249012 0.6765734265734266 0.04940711462450593 0.08391608391608392
1 0.6205533596837944 0.8461538461538461 0.0533596837944664 0.13286713286713286
1 0.6729249011857708 1.0367132867132867 0.09090909090909091 0.1853146853146853
1 0.8310276679841897 1.1223776223776223 0.08300395256916997 0.17132867132867133
1 0.9110671936758893 1.0734265734265733 0.03359683794466403 0.0979020979020979
1 0.983201581027668 1.1223776223776223 0.023715415019762844 0.0979020979020979
1 0.8458498023715415 0.972027972027972 0.029644268774703556 0.08041958041958042
1 0.8873517786561265 0.9772727272727273 0.021739130434782608 0.07342657342657342
1 0.6867588932806324 0.8356643356643356 0.019762845849802372 0.07692307692307693
1 0.7094861660079052 0.8391608391608392 0.021739130434782608 0.07692307692307693
1 0.7262845849802372 0.8513986013986014 0.02766798418972332 0.08041958041958042
1 0.6007905138339921 0.7465034965034965 0.041501976284584984 0.06993006993006994
1 0.6541501976284585 0.7744755244755245 0.025691699604743084 0.07692307692307693
1 0.29545454545454547 0.4178321678321678 0.02766798418972332 0.045454545454545456
1 0.38537549407114624 0.4755244755244755 0.017786561264822136 0.045454545454545456
3 0.019762845849802372 0.19230769230769232 0.025691699604743084 0.1958041958041958
3 0.20059288537549408 0.3076923076923077 0.03162055335968379 0.04195804195804196
3 0.6887351778656127 0.8006993006993007 0.1383399209486166 0.06643356643356643
2 0.3359683794466403 0.4493006993006993 0.0533596837944664 0.04195804195804196
