1 0.14624505928853754 0.7482517482517482 0.03359683794466403 0.10839160839160839
1 0.4683794466403162 0.7902097902097902 0.07707509881422925 0.15034965034965034
1 0.5889328063241107 0.9318181818181818 0.09288537549407115 0.1258741258741259
1 0.29545454545454547 0.5576923076923077 0.043478260869565216 0.0979020979020979
1 0.24110671936758893 0.534965034965035 0.017786561264822136 0.038461538461538464
1 0.20059288537549408 0.479020979020979 0.02766798418972332 0.0944055944055944
1 0.05039525691699605 0.4143356643356643 0.02766798418972332 0.06993006993006994
1 0.046442687747035576 0.34440559440559443 0.019762845849802372 0.055944055944055944
1 0.09486166007905138 0.3339160839160839 0.01383399209486166 0.04895104895104895
1 0.16600790513833993 0.256993006993007 0.01383399209486166 0.03496503496503497
1 0.23122529644268774 0.3723776223776224 0.025691699604743084 0.06993006993006994
1 0.3468379446640316 0.2972027972027972 0.015810276679841896 0.038461538461538464
1 0.40019762845849804 0.29895104895104896 0.03162055335968379 0.03496503496503497
1 0.43774703557312256 0.28846153846153844 0.023715415019762844 0.03496503496503497
1 0.5533596837944664 0.2902097902097902 0.021739130434782608 0.05244755244755245
1 0.5681818181818182 0.2867132867132867 0.019762845849802372 0.038461538461538464
1 0.6126482213438735 0.3094405594405594 0.021739130434782608 0.04895104895104895
1 0.6610671936758893 0.3181818181818182 0.023715415019762844 0.038461538461538464
1 0.7075098814229249 0.4458041958041958 0.045454545454545456 0.07692307692307693
1 0.7381422924901185 0.42132867132867136 0.03162055335968379 0.06293706293706294
1 0.758893280632411 0.43356643356643354 0.03359683794466403 0.06643356643356643
1 0.8003952569169961 0.4195804195804196 0.021739130434782608 0.06643356643356643
1 0.8725296442687747 0.36713286713286714 0.03557312252964427 0.05944055944055944
1 0.9258893280632411 0.3479020979020979 0.019762845849802372 0.055944055944055944
1 0.9357707509881423 0.4178321678321678 0.019762845849802372 0.06993006993006994
1 0.9723320158102767 0.4178321678321678 0.025691699604743084 0.06993006993006994
1 0.8122529644268774 0.3006993006993007 0.021739130434782608 0.03146853146853147
1 0.8399209486166008 0.30594405594405594 0.021739130434782608 0.04195804195804196
1 0.8616600790513834 0.3111888111888112 0.017786561264822136 0.045454545454545456
1 0.8764822134387352 0.30594405594405594 0.019762845849802372 0.04895104895104895
1 0.8982213438735178 0.3076923076923077 0.023715415019762844 0.05244755244755245
1 0.7391304347826086 0.3129370629370629 0.025691699604743084 0.03496503496503497
1 0.7707509881422925 0.2972027972027972 0.021739130434782608 0.038461538461538464
2 0.07509881422924901 0.5017482517482518 0.10869565217391304 0.13286713286713286
2 0.2134387351778656 0.8758741258741258 0.2826086956521739 0.23076923076923078
2 0.13636363636363635 0.36538461538461536 0.041501976284584984 0.06993006993006994
2 0.1857707509881423 0.36013986013986016 0.041501976284584984 0.045454545454545456
2 0.12154150197628459 0.3374125874125874 0.03162055335968379 0.055944055944055944
2 0.18873517786561264 0.32342657342657344 0.04743083003952569 0.04195804195804196
2 0.2756916996047431 0.31643356643356646 0.05533596837944664 0.04895104895104895
2 0.41304347826086957 0.42832167832167833 0.11264822134387352 0.0979020979020979
2 0.7737154150197628 0.3968531468531469 0.05928853754940711 0.06993006993006994
3 0.12055335968379446 0.28496503496503495 0.029644268774703556 0.055944055944055944
2 0.26778656126482214 0.6276223776223776 0.11462450592885376 0.15384615384615385
2 0.35276679841897235 0.270979020979021 0.043478260869565216 0.04195804195804196
2 0.6600790513833992 0.291958041958042 0.04940711462450593 0.04195804195804196
