1 0.4407114624505929 0.6923076923076923 0.10474308300395258 0.15034965034965034
1 0.8547430830039525 1.0506993006993006 0.07509881422924901 0.15384615384615385
1 0.8913043478260869 1.0611888111888113 0.09288537549407115 0.17132867132867133
1 0.7865612648221344 0.9370629370629371 0.07707509881422925 0.13986013986013987
1 0.7312252964426877 0.8968531468531469 0.06521739130434782 0.10139860139860139
1 0.6610671936758893 0.833916083916084 0.07905138339920949 0.09090909090909091
1 0.6096837944664032 0.7674825174825175 0.08300395256916997 0.1258741258741259
1 0.5820158102766798 0.7167832167832168 0.07905138339920949 0.11888111888111888
1 0.5019762845849802 0.6241258741258742 0.0533596837944664 0.12937062937062938
1 0.47134387351778656 0.6258741258741258 0.07509881422924901 0.13986013986013987
1 0.4407114624505929 0.5472027972027972 0.0533596837944664 0.1258741258741259
1 0.532608695652174 0.5856643356643356 0.03162055335968379 0.11888111888111888
1 0.5602766798418972 0.5979020979020979 0.03162055335968379 0.10139860139860139
1 0.7648221343873518 0.7832167832167832 0.029644268774703556 0.0944055944055944
1 0.3675889328063241 0.486013986013986 0.04940711462450593 0.11888111888111888
1 0.3715415019762846 0.5244755244755245 0.037549407114624504 0.12237762237762238
1 0.2628458498023715 0.38286713286713286 0.04940711462450593 0.11188811188811189
1 0.08794466403162056 0.291958041958042 0.043478260869565216 0.14335664335664336
1 0.13438735177865613 0.28496503496503495 0.045454545454545456 0.11188811188811189
1 0.14525691699604742 0.42132867132867136 0.05533596837944664 0.11888111888111888
1 0.045454545454545456 0.28496503496503495 0.041501976284584984 0.14685314685314685
1 0.3073122529644269 0.6363636363636364 0.09486166007905138 0.17832167832167833
1 0.208498023715415 0.3548951048951049 0.04743083003952569 0.09090909090909091
2 0.9199604743083004 0.9423076923076923 0.08695652173913043 0.16083916083916083
2 0.9456521739130435 0.9038461538461539 0.05533596837944664 0.10139860139860139
2 0.8270750988142292 0.833916083916084 0.07114624505928854 0.12937062937062938
2 0.8705533596837944 0.8531468531468531 0.05138339920948617 0.08041958041958042
2 0.8913043478260869 0.8479020979020979 0.04940711462450593 0.08041958041958042
2 0.9644268774703557 0.8968531468531469 0.045454545454545456 0.06993006993006994
2 0.9140316205533597 0.8513986013986014 0.03162055335968379 0.055944055944055944
2 0.6788537549407114 0.986013986013986 0.30039525691699603 0.2867132867132867
2 0.5365612648221344 0.9318181818181818 0.3201581027667984 0.34615384615384615
2 0.700592885375494 0.777972027972028 0.11067193675889328 0.13636363636363635
2 0.9565217391304348 1.2517482517482517 0.07707509881422925 0.2097902097902098
4 0.24604743083003952 0.5192307692307693 0.2608695652173913 0.32167832167832167
2 0.17391304347826086 0.6171328671328671 0.3300395256916996 0.3531468531468531
2 0.044466403162055336 0.22552447552447552 0.07114624505928854 0.17832167832167833
