1 0.3952569169960474 0.38461538461538464 0.06126482213438735 0.1048951048951049
1 0.06719367588932806 0.25874125874125875 0.025691699604743084 0.0944055944055944
1 0.1007905138339921 0.2692307692307692 0.029644268774703556 0.09090909090909091
1 0.029644268774703556 0.24475524475524477 0.029644268774703556 0.06643356643356643
1 0.1541501976284585 0.26573426573426573 0.025691699604743084 0.07692307692307693
1 0.4426877470355731 0.3146853146853147 0.017786561264822136 0.07342657342657342
1 0.4762845849802372 0.2937062937062937 0.023715415019762844 0.0979020979020979
1 0.48221343873517786 0.2517482517482518 0.02766798418972332 0.06643356643356643
1 0.5118577075098815 0.27972027972027974 0.023715415019762844 0.08041958041958042
1 0.5375494071146245 0.2762237762237762 0.025691699604743084 0.07342657342657342
1 0.5592885375494071 0.23426573426573427 0.017786561264822136 0.055944055944055944
1 0.5691699604743083 0.27972027972027974 0.029644268774703556 0.08041958041958042
1 0.6264822134387352 0.486013986013986 0.08300395256916997 0.13986013986013987
1 0.6976284584980237 0.4160839160839161 0.06719367588932806 0.11538461538461539
1 0.8043478260869565 0.45104895104895104 0.07509881422924901 0.11888111888111888
1 0.8893280632411067 0.36713286713286714 0.05928853754940711 0.08741258741258741
1 0.932806324110672 0.44755244755244755 0.06324110671936758 0.11888111888111888
1 0.9446640316205533 0.4090909090909091 0.04940711462450593 0.08391608391608392
1 0.13438735177865613 0.17482517482517482 0.021739130434782608 0.05244755244755245
3 0.30237154150197626 0.1888111888111888 0.10276679841897234 0.22727272727272727
3 0.4308300395256917 0.16083916083916083 0.16600790513833993 0.0944055944055944
3 0.2628458498023715 0.16433566433566432 0.13043478260869565 0.09090909090909091
2 0.21541501976284586 0.2692307692307692 0.07905138339920949 0.08741258741258741
2 0.16996047430830039 0.2517482517482518 0.05731225296442688 0.07692307692307693
2 0.2549407114624506 0.25524475524475526 0.05138339920948617 0.06993006993006994
3 0.05731225296442688 0.21328671328671328 0.08300395256916997 0.08741258741258741
2 0.5988142292490118 0.1853146853146853 0.06324110671936758 0.04895104895104895
