2 0.5810276679841897 0.4195804195804196 0.26679841897233203 0.3006993006993007
1 0.43873517786561267 0.6818181818181818 0.1007905138339921 0.23076923076923078
1 0.34782608695652173 0.506993006993007 0.08102766798418973 0.18181818181818182
1 0.37549407114624506 0.45104895104895104 0.06719367588932806 0.16433566433566432
1 0.18379446640316205 0.3321678321678322 0.06126482213438735 0.14335664335664336
1 0.10474308300395258 0.3986013986013986 0.05928853754940711 0.13286713286713286
1 0.642292490118577 0.24125874125874125 0.04940711462450593 0.1048951048951049
2 0.8260869565217391 0.21328671328671328 0.08893280632411067 0.12237762237762238
1 0.8616600790513834 0.28321678321678323 0.05138339920948617 0.11888111888111888
1 0.9407114624505929 0.22377622377622378 0.037549407114624504 0.0944055944055944
2 0.21541501976284586 0.2867132867132867 0.15217391304347827 0.13986013986013987
1 0.3952569169960474 0.2692307692307692 0.06521739130434782 0.08741258741258741
1 0.8893280632411067 0.11538461538461539 0.02766798418972332 0.06993006993006994
1 0.017786561264822136 0.34965034965034963 0.04940711462450593 0.10839160839160839
1 0.05731225296442688 0.2972027972027972 0.041501976284584984 0.08741258741258741
1 0.08893280632411067 0.34615384615384615 0.04940711462450593 0.09090909090909091
3 0.04743083003952569 0.1853146853146853 0.1007905138339921 0.13986013986013987
