2 0.015810276679841896 0.3776223776223776 0.07707509881422925 0.09090909090909091
2 0.20355731225296442 0.34265734265734266 0.05928853754940711 0.08391608391608392
2 0.09288537549407115 0.32517482517482516 0.03359683794466403 0.05944055944055944
2 0.1442687747035573 0.3041958041958042 0.03162055335968379 0.055944055944055944
2 0.18774703557312253 0.2972027972027972 0.03359683794466403 0.045454545454545456
2 0.1324110671936759 0.2867132867132867 0.019762845849802372 0.04895104895104895
2 0.11067193675889328 0.2762237762237762 0.019762845849802372 0.04195804195804196
2 0.22134387351778656 0.24125874125874125 0.02766798418972332 0.03146853146853147
2 0.13636363636363635 0.23776223776223776 0.03359683794466403 0.03146853146853147
2 0.6205533596837944 0.2937062937062937 0.0533596837944664 0.045454545454545456
2 0.7134387351778656 0.3706293706293706 0.06719367588932806 0.055944055944055944
2 0.741106719367589 0.32867132867132864 0.05928853754940711 0.05244755244755245
3 0.03557312252964427 0.25874125874125875 0.0533596837944664 0.08741258741258741
3 0.733201581027668 0.24825174825174826 0.11462450592885376 0.0944055944055944
3 0.8992094861660079 0.2762237762237762 0.03162055335968379 0.06643356643356643
1 0.18379446640316205 0.6923076923076923 0.08300395256916997 0.16083916083916083
1 0.2766798418972332 0.8881118881118881 0.07509881422924901 0.1048951048951049
1 0.38735177865612647 0.8286713286713286 0.09288537549407115 0.16433566433566432
1 0.18774703557312253 0.5314685314685315 0.02766798418972332 0.11188811188811189
1 0.21936758893280633 0.5034965034965035 0.03359683794466403 0.12237762237762238
1 0.2490118577075099 0.5034965034965035 0.03162055335968379 0.1048951048951049
1 0.29051383399209485 0.4405594405594406 0.03162055335968379 0.10139860139860139
1 0.23122529644268774 0.4125874125874126 0.04743083003952569 0.07692307692307693
1 0.03359683794466403 0.46153846153846156 0.03359683794466403 0.1048951048951049
1 0.16798418972332016 0.3916083916083916 0.021739130434782608 0.0944055944055944
1 0.13636363636363635 0.34265734265734266 0.019762845849802372 0.05944055944055944
1 0.02766798418972332 0.33916083916083917 0.01383399209486166 0.055944055944055944
1 0.09288537549407115 0.36363636363636365 0.023715415019762844 0.038461538461538464
1 0.2509881422924901 0.2937062937062937 0.029644268774703556 0.04895104895104895
1 0.6264822134387352 0.3811188811188811 0.037549407114624504 0.05944055944055944
1 0.6482213438735178 0.4160839160839161 0.029644268774703556 0.08041958041958042
1 0.6778656126482213 0.4405594405594406 0.03162055335968379 0.09090909090909091
1 0.6818181818181818 0.3916083916083916 0.03359683794466403 0.07342657342657342
1 0.758893280632411 0.6153846153846154 0.039525691699604744 0.13286713286713286
1 0.7490118577075099 0.5734265734265734 0.03359683794466403 0.1048951048951049
1 0.7648221343873518 0.5104895104895105 0.029644268774703556 0.10139860139860139
1 0.7924901185770751 0.458041958041958 0.019762845849802372 0.08391608391608392
1 0.8320158102766798 0.43006993006993005 0.03557312252964427 0.08741258741258741
1 0.7924901185770751 0.4020979020979021 0.017786561264822136 0.06993006993006994
1 0.8043478260869565 0.3776223776223776 0.017786561264822136 0.06643356643356643
1 0.8359683794466403 0.3776223776223776 0.021739130434782608 0.06293706293706294
1 0.8913043478260869 0.3531468531468531 0.03162055335968379 0.055944055944055944
1 0.9525691699604744 0.36363636363636365 0.017786561264822136 0.05244755244755245
1 0.9822134387351779 0.3916083916083916 0.017786561264822136 0.06293706293706294
1 0.8636363636363636 0.3356643356643357 0.015810276679841896 0.038461538461538464
1 0.8478260869565217 0.33916083916083917 0.021739130434782608 0.04895104895104895
1 0.8201581027667985 0.34965034965034963 0.015810276679841896 0.05944055944055944
