1 0.2015810276679842 0.493006993006993 0.06126482213438735 0.17132867132867133
1 0.25790513833992096 0.6381118881118881 0.07905138339920949 0.23776223776223776
1 0.09189723320158102 0.5454545454545454 0.09881422924901186 0.15034965034965034
1 0.25691699604743085 0.42657342657342656 0.045454545454545456 0.10839160839160839
1 0.11857707509881422 0.23776223776223776 0.029644268774703556 0.06993006993006994
1 0.1808300395256917 0.291958041958042 0.02766798418972332 0.06643356643356643
1 0.22035573122529645 0.3374125874125874 0.02766798418972332 0.05944055944055944
1 0.2341897233201581 0.36538461538461536 0.03162055335968379 0.06993006993006994
1 0.283596837944664 0.4318181818181818 0.03557312252964427 0.10139860139860139
1 0.11758893280632411 0.2062937062937063 0.03162055335968379 0.05244755244755245
1 0.16600790513833993 0.2465034965034965 0.029644268774703556 0.04895104895104895
1 0.2648221343873518 0.3706293706293706 0.025691699604743084 0.06293706293706294
1 0.28063241106719367 0.3968531468531469 0.021739130434782608 0.07342657342657342
1 0.31719367588932806 0.4388111888111888 0.03162055335968379 0.07692307692307693
1 0.4318181818181818 0.5681818181818182 0.039525691699604744 0.09090909090909091
1 0.5296442687747036 0.6765734265734266 0.041501976284584984 0.10139860139860139
1 0.5276679841897233 0.6398601398601399 0.017786561264822136 0.07342657342657342
1 0.6294466403162056 0.7534965034965035 0.05138339920948617 0.08741258741258741
1 0.6571146245059288 0.7867132867132867 0.05138339920948617 0.10139860139860139
1 0.9219367588932806 1.0314685314685315 0.06324110671936758 0.10139860139860139
1 0.5780632411067194 0.6486013986013986 0.015810276679841896 0.06643356643356643
1 0.4733201581027668 0.5594405594405595 0.023715415019762844 0.06993006993006994
1 0.5029644268774703 0.5804195804195804 0.023715415019762844 0.06993006993006994
1 0.25790513833992096 0.3356643356643357 0.02766798418972332 0.038461538461538464
1 0.4189723320158103 0.47202797202797203 0.021739130434782608 0.03496503496503497
1 0.6067193675889329 0.6433566433566433 0.017786561264822136 0.05244755244755245
1 0.6245059288537549 0.6625874125874126 0.017786561264822136 0.05244755244755245
1 0.5859683794466403 0.6258741258741258 0.019762845849802372 0.05244755244755245
1 0.4782608695652174 0.534965034965035 0.017786561264822136 0.055944055944055944
1 0.5049407114624506 0.5541958041958042 0.023715415019762844 0.055944055944055944
1 0.5365612648221344 0.5804195804195804 0.023715415019762844 0.04895104895104895
2 0.48320158102766797 0.6748251748251748 0.09881422924901186 0.1993006993006993
2 0.31719367588932806 0.43356643356643354 0.06719367588932806 0.06643356643356643
2 0.3339920948616601 0.42132867132867136 0.05731225296442688 0.038461538461538464
2 0.441699604743083 0.5506993006993007 0.05138339920948617 0.0979020979020979
2 0.5286561264822134 0.6311188811188811 0.05138339920948617 0.07692307692307693
2 0.4525691699604743 0.5314685314685315 0.041501976284584984 0.055944055944055944
2 0.5355731225296443 0.6118881118881119 0.045454545454545456 0.055944055944055944
2 0.7796442687747036 0.8181818181818182 0.05928853754940711 0.03496503496503497
3 0.6966403162055336 0.7395104895104895 0.09881422924901186 0.07692307692307693
