2 0.1442687747035573 0.270979020979021 0.08498023715415019 0.1048951048951049
1 0.9496047430830039 0.26573426573426573 0.023715415019762844 0.0944055944055944
1 0.9219367588932806 0.22552447552447552 0.02766798418972332 0.07692307692307693
1 0.892292490118577 0.18356643356643357 0.023715415019762844 0.07692307692307693
1 0.9189723320158103 0.13286713286713286 0.021739130434782608 0.05244755244755245
1 0.9525691699604744 0.08041958041958042 0.017786561264822136 0.05244755244755245
1 0.7015810276679841 0.5122377622377622 0.045454545454545456 0.16083916083916083
1 0.12648221343873517 0.6486013986013986 0.05731225296442688 0.20279720279720279
1 0.0958498023715415 0.3111888111888112 0.039525691699604744 0.10139860139860139
1 0.05039525691699605 0.3321678321678322 0.03557312252964427 0.0944055944055944
1 0.25592885375494073 0.1660839160839161 0.043478260869565216 0.06993006993006994
