1 0.09288537549407115 0.46678321678321677 0.08102766798418973 0.21678321678321677
1 0.11067193675889328 0.3688811188811189 0.05731225296442688 0.15384615384615385
1 0.12154150197628459 0.34440559440559443 0.043478260869565216 0.10839160839160839
1 0.05434782608695652 0.24825174825174826 0.04743083003952569 0.10839160839160839
1 0.07015810276679842 0.24475524475524477 0.02766798418972332 0.08041958041958042
1 0.10375494071146245 0.25874125874125875 0.02766798418972332 0.08391608391608392
1 0.06126482213438735 0.1853146853146853 0.021739130434782608 0.06993006993006994
1 0.04841897233201581 0.17307692307692307 0.02766798418972332 0.07692307692307693
1 0.019762845849802372 0.14160839160839161 0.021739130434782608 0.08041958041958042
1 0.21047430830039526 0.3618881118881119 0.02766798418972332 0.0944055944055944
1 0.33300395256917 0.5926573426573427 0.07509881422924901 0.14335664335664336
1 0.191699604743083 0.3374125874125874 0.029644268774703556 0.07342657342657342
1 0.19861660079051383 0.3146853146853147 0.023715415019762844 0.06643356643356643
1 0.09782608695652174 0.2202797202797203 0.019762845849802372 0.06993006993006994
1 0.2519762845849802 0.3881118881118881 0.03162055335968379 0.08041958041958042
1 0.23122529644268774 0.36013986013986016 0.025691699604743084 0.07342657342657342
1 0.26877470355731226 0.41083916083916083 0.021739130434782608 0.11888111888111888
1 0.30533596837944665 0.46153846153846156 0.02766798418972332 0.1048951048951049
1 0.33201581027667987 0.479020979020979 0.025691699604743084 0.1048951048951049
1 0.3942687747035573 0.5506993006993007 0.03557312252964427 0.1048951048951049
1 0.39822134387351776 0.5244755244755245 0.023715415019762844 0.08041958041958042
1 0.35079051383399207 0.48426573426573427 0.023715415019762844 0.0944055944055944
1 0.5009881422924901 0.6783216783216783 0.05533596837944664 0.1258741258741259
1 0.5098814229249012 0.6241258741258742 0.025691699604743084 0.07342657342657342
1 0.516798418972332 0.6713286713286714 0.043478260869565216 0.0979020979020979
1 0.3824110671936759 0.49125874125874125 0.015810276679841896 0.07692307692307693
1 0.3181818181818182 0.4318181818181818 0.021739130434782608 0.06643356643356643
1 0.29051383399209485 0.41083916083916083 0.029644268774703556 0.08741258741258741
1 0.5454545454545454 0.7517482517482518 0.041501976284584984 0.1048951048951049
1 0.5938735177865613 0.7657342657342657 0.05928853754940711 0.10839160839160839
1 0.6007905138339921 0.7465034965034965 0.03359683794466403 0.0979020979020979
1 0.6343873517786561 0.7867132867132867 0.041501976284584984 0.08041958041958042
1 0.7114624505928854 0.8793706293706294 0.07312252964426877 0.11188811188811189
1 0.7519762845849802 0.8968531468531469 0.04743083003952569 0.12237762237762238
1 0.9061264822134387 1.0734265734265733 0.07905138339920949 0.1258741258741259
1 0.5849802371541502 0.6800699300699301 0.029644268774703556 0.06993006993006994
1 0.5474308300395256 0.6258741258741258 0.021739130434782608 0.06643356643356643
1 0.5681818181818182 0.6346153846153846 0.015810276679841896 0.06643356643356643
2 0.06225296442687747 0.18356643356643357 0.06324110671936758 0.04895104895104895
2 0.14031620553359683 0.2744755244755245 0.05731225296442688 0.07342657342657342
2 0.20059288537549408 0.31993006993006995 0.05533596837944664 0.055944055944055944
2 0.1422924901185771 0.26048951048951047 0.06126482213438735 0.04895104895104895
2 0.2618577075098814 0.3758741258741259 0.07905138339920949 0.06293706293706294
2 0.25296442687747034 0.3479020979020979 0.06126482213438735 0.045454545454545456
2 0.3201581027667984 0.4178321678321678 0.07312252964426877 0.045454545454545456
2 0.39920948616600793 0.4825174825174825 0.06126482213438735 0.045454545454545456
2 0.49308300395256915 0.5926573426573427 0.043478260869565216 0.06993006993006994
2 0.5345849802371542 0.6031468531468531 0.06719367588932806 0.05244755244755245
2 0.6027667984189723 0.6590909090909091 0.06521739130434782 0.04895104895104895
2 0.6976284584980237 0.7465034965034965 0.0691699604743083 0.04195804195804196
2 0.7569169960474308 0.9108391608391608 0.15217391304347827 0.13986013986013987
2 0.5899209486166008 0.7674825174825175 0.13438735177865613 0.0944055944055944
2 0.9298418972332015 1.048951048951049 0.12648221343873517 0.13986013986013987
2 0.9367588932806324 0.9632867132867133 0.06126482213438735 0.04195804195804196
