1 0.08695652173913043 0.701048951048951 0.041501976284584984 0.13986013986013987
1 0.18478260869565216 0.736013986013986 0.04743083003952569 0.16083916083916083
1 0.27964426877470355 0.8216783216783217 0.05533596837944664 0.17832167832167833
1 0.19466403162055335 0.6346153846153846 0.03557312252964427 0.13286713286713286
1 0.11857707509881422 0.48951048951048953 0.025691699604743084 0.0944055944055944
1 0.07114624505928854 0.4562937062937063 0.025691699604743084 0.08391608391608392
1 0.09387351778656126 0.44405594405594406 0.019762845849802372 0.08041958041958042
1 0.1274703557312253 0.4353146853146853 0.019762845849802372 0.07692307692307693
1 0.16205533596837945 0.4353146853146853 0.021739130434782608 0.07692307692307693
1 0.20948616600790515 0.4125874125874126 0.03359683794466403 0.07342657342657342
1 0.3073122529644269 0.41083916083916083 0.03162055335968379 0.06993006993006994
1 0.22628458498023715 0.3304195804195804 0.015810276679841896 0.04895104895104895
1 0.25889328063241107 0.31993006993006995 0.021739130434782608 0.04895104895104895
1 0.3201581027667984 0.3006993006993007 0.021739130434782608 0.038461538461538464
1 0.691699604743083 0.6136363636363636 0.041501976284584984 0.11888111888111888
1 0.6482213438735178 0.9055944055944056 0.06521739130434782 0.17132867132867133
1 0.75 0.49475524475524474 0.043478260869565216 0.09090909090909091
1 0.7954545454545454 0.5122377622377622 0.04743083003952569 0.09090909090909091
1 0.892292490118577 0.506993006993007 0.02766798418972332 0.08041958041958042
1 0.8636363636363636 0.4405594405594406 0.017786561264822136 0.07342657342657342
1 0.8241106719367589 0.40559440559440557 0.017786561264822136 0.06643356643356643
1 0.9594861660079052 0.46503496503496505 0.02766798418972332 0.08041958041958042
1 0.9634387351778656 0.36538461538461536 0.019762845849802372 0.04895104895104895
1 0.6551383399209486 0.3041958041958042 0.019762845849802372 0.05244755244755245
1 0.6195652173913043 0.3076923076923077 0.02766798418972332 0.045454545454545456
1 0.5691699604743083 0.2937062937062937 0.025691699604743084 0.038461538461538464
1 0.39624505928853754 0.2902097902097902 0.02766798418972332 0.045454545454545456
2 0.37351778656126483 0.6433566433566433 0.12450592885375494 0.15734265734265734
2 0.274703557312253 0.4527972027972028 0.08498023715415019 0.11188811188811189
2 0.5266798418972332 0.4423076923076923 0.1067193675889328 0.07692307692307693
2 0.7618577075098815 0.4493006993006993 0.06324110671936758 0.07692307692307693
2 0.7697628458498024 0.3793706293706294 0.04743083003952569 0.055944055944055944
2 0.9090909090909091 0.4143356643356643 0.09288537549407115 0.06993006993006994
2 0.8132411067193676 0.36013986013986016 0.039525691699604744 0.05244755244755245
2 0.10177865612648221 0.3811188811188811 0.05138339920948617 0.08041958041958042
2 0.06126482213438735 0.3374125874125874 0.041501976284584984 0.055944055944055944
2 0.10573122529644269 0.2674825174825175 0.023715415019762844 0.04195804195804196
2 0.44466403162055335 0.29545454545454547 0.041501976284584984 0.027972027972027972
2 0.5296442687747036 0.2972027972027972 0.037549407114624504 0.03146853146853147
2 0.7154150197628458 0.32517482517482516 0.05731225296442688 0.045454545454545456
2 0.8606719367588933 0.34615384615384615 0.05533596837944664 0.038461538461538464
2 0.9268774703557312 0.3129370629370629 0.0533596837944664 0.04195804195804196
3 0.8023715415019763 0.30594405594405594 0.0691699604743083 0.055944055944055944
3 0.16798418972332016 0.3479020979020979 0.09288537549407115 0.13286713286713286
3 0.2875494071146245 0.25524475524475526 0.07509881422924901 0.05944055944055944
