2 0.34980237154150196 0.5384615384615384 0.274703557312253 0.2902097902097902
2 0.7509881422924901 0.3986013986013986 0.1600790513833992 0.3356643356643357
2 0.8280632411067194 0.2762237762237762 0.1067193675889328 0.17832167832167833
2 0.7312252964426877 0.24125874125874125 0.09090909090909091 0.13286713286713286
2 0.8063241106719368 0.17132867132867133 0.07905138339920949 0.11188811188811189
2 0.7549407114624506 0.0944055944055944 0.07312252964426877 0.1048951048951049
2 0.8932806324110671 0.17132867132867133 0.06126482213438735 0.07342657342657342
2 0.8873517786561265 0.22727272727272727 0.05928853754940711 0.11188811188811189
2 0.924901185770751 0.12237762237762238 0.05731225296442688 0.08391608391608392
2 0.9308300395256917 0.07692307692307693 0.05533596837944664 0.06293706293706294
2 0.8102766798418972 0.1258741258741259 0.05533596837944664 0.055944055944055944
2 0.8537549407114624 0.0944055944055944 0.04940711462450593 0.08041958041958042
2 0.8853754940711462 0.06643356643356643 0.037549407114624504 0.06993006993006994
2 0.883399209486166 0.03496503496503497 0.041501976284584984 0.055944055944055944
1 0.4980237154150198 0.2762237762237762 0.06521739130434782 0.1048951048951049
1 0.4980237154150198 0.3776223776223776 0.043478260869565216 0.15734265734265734
1 0.5335968379446641 0.44405594405594406 0.04743083003952569 0.13636363636363635
1 0.5889328063241107 0.38461538461538464 0.037549407114624504 0.15734265734265734
1 0.5810276679841897 0.2972027972027972 0.04940711462450593 0.11188811188811189
1 0.5691699604743083 0.3811188811188811 0.02766798418972332 0.07342657342657342
1 0.1422924901185771 0.24125874125874125 0.05731225296442688 0.11188811188811189
1 0.6324110671936759 0.2202797202797203 0.03557312252964427 0.10839160839160839
1 0.6679841897233202 0.23076923076923078 0.025691699604743084 0.1048951048951049
1 0.6897233201581028 0.24475524475524477 0.023715415019762844 0.06643356643356643
1 0.717391304347826 0.1993006993006993 0.029644268774703556 0.0944055944055944
1 0.7371541501976284 0.04195804195804196 0.015810276679841896 0.06993006993006994
0 0.7035573122529645 0.07692307692307693 0.015810276679841896 0.06993006993006994
3 0.6047430830039525 0.3076923076923077 0.1600790513833992 0.3111888111888112
