1 0.9278656126482213 0.16083916083916083 0.019762845849802372 0.08041958041958042
1 0.9654150197628458 0.12062937062937062 0.019762845849802372 0.07692307692307693
1 0.9367588932806324 0.1048951048951049 0.021739130434782608 0.05944055944055944
1 0.9189723320158103 0.055944055944055944 0.017786561264822136 0.05944055944055944
1 0.2885375494071146 0.42657342657342656 0.08102766798418973 0.12237762237762238
2 0.7519762845849802 0.4807692307692308 0.1383399209486166 0.2097902097902098
2 0.14525691699604742 0.26223776223776224 0.08695652173913043 0.12237762237762238
2 0.0741106719367589 0.291958041958042 0.07905138339920949 0.11888111888111888
2 0.8438735177865613 0.13986013986013987 0.05731225296442688 0.08041958041958042
1 0.25395256916996045 0.15734265734265734 0.05138339920948617 0.08041958041958042
1 0.6225296442687747 0.14160839160839161 0.03359683794466403 0.06293706293706294
0 0.5810276679841897 0.14335664335664336 0.025691699604743084 0.0944055944055944
