1 0.05533596837944664 0.3618881118881119 0.037549407114624504 0.13636363636363635
1 0.1274703557312253 0.4458041958041958 0.043478260869565216 0.12937062937062938
1 0.1600790513833992 0.45454545454545453 0.03359683794466403 0.1258741258741259
1 0.16798418972332016 0.4318181818181818 0.029644268774703556 0.11188811188811189
1 0.1976284584980237 0.4405594405594406 0.03359683794466403 0.1048951048951049
1 0.22233201581027667 0.43356643356643354 0.043478260869565216 0.0944055944055944
1 0.21739130434782608 0.5821678321678322 0.08893280632411067 0.15384615384615385
1 0.05731225296442688 0.548951048951049 0.10474308300395258 0.08741258741258741
1 0.2974308300395257 0.5769230769230769 0.06324110671936758 0.11888111888111888
1 0.2737154150197628 0.49125874125874125 0.039525691699604744 0.10139860139860139
1 0.2727272727272727 0.46503496503496505 0.045454545454545456 0.07692307692307693
1 0.3557312252964427 0.534965034965035 0.04940711462450593 0.08041958041958042
1 0.3468379446640316 0.5891608391608392 0.039525691699604744 0.0944055944055944
1 0.37351778656126483 0.6381118881118881 0.04940711462450593 0.11888111888111888
1 0.424901185770751 0.6293706293706294 0.041501976284584984 0.09090909090909091
1 0.49110671936758893 0.6625874125874126 0.043478260869565216 0.07342657342657342
1 0.5197628458498024 0.7325174825174825 0.037549407114624504 0.08041958041958042
1 0.6175889328063241 0.9423076923076923 0.07509881422924901 0.17832167832167833
1 0.6768774703557312 0.9370629370629371 0.05928853754940711 0.15034965034965034
1 0.6116600790513834 1.0367132867132867 0.09090909090909091 0.08041958041958042
1 0.6867588932806324 1.0804195804195804 0.09486166007905138 0.12937062937062938
1 0.7262845849802372 0.9318181818181818 0.03162055335968379 0.11538461538461539
1 0.6600790513833992 0.8181818181818182 0.029644268774703556 0.08391608391608392
1 0.8656126482213439 1.0734265734265733 0.037549407114624504 0.11188811188811189
1 0.9189723320158103 1.132867132867133 0.03359683794466403 0.11888111888111888
1 0.9466403162055336 1.1066433566433567 0.025691699604743084 0.0944055944055944
1 0.9199604743083004 1.0506993006993006 0.019762845849802372 0.09090909090909091
1 0.9071146245059288 1.0297202797202798 0.025691699604743084 0.07692307692307693
1 0.8843873517786561 1.0034965034965035 0.023715415019762844 0.08391608391608392
1 0.9476284584980237 1.0594405594405594 0.019762845849802372 0.07342657342657342
1 0.9664031620553359 1.0909090909090908 0.021739130434782608 0.08741258741258741
1 0.808300395256917 0.9073426573426573 0.025691699604743084 0.06293706293706294
1 0.7905138339920948 0.8933566433566433 0.021739130434782608 0.055944055944055944
1 0.7697628458498024 0.8688811188811189 0.019762845849802372 0.04895104895104895
1 0.7440711462450593 0.8304195804195804 0.015810276679841896 0.04895104895104895
1 0.7154150197628458 0.798951048951049 0.017786561264822136 0.04895104895104895
1 0.7638339920948617 0.8496503496503497 0.015810276679841896 0.03496503496503497
1 0.6571146245059288 0.7395104895104895 0.023715415019762844 0.045454545454545456
1 0.6778656126482213 0.7552447552447552 0.017786561264822136 0.045454545454545456
1 0.22430830039525693 0.3706293706293706 0.019762845849802372 0.07342657342657342
1 0.03162055335968379 0.21853146853146854 0.025691699604743084 0.06643356643356643
1 0.02865612648221344 0.18706293706293706 0.015810276679841896 0.045454545454545456
1 0.3300395256916996 0.44405594405594406 0.021739130434782608 0.03496503496503497
1 0.3616600790513834 0.46153846153846156 0.025691699604743084 0.04895104895104895
1 0.558300395256917 0.6468531468531469 0.023715415019762844 0.027972027972027972
1 0.6156126482213439 0.6940559440559441 0.019762845849802372 0.038461538461538464
2 0.10276679841897234 0.30594405594405594 0.0691699604743083 0.08741258741258741
2 0.18181818181818182 0.3793706293706294 0.06521739130434782 0.07692307692307693
2 0.02865612648221344 0.26223776223776224 0.043478260869565216 0.1048951048951049
2 0.37648221343873517 0.8321678321678322 0.25691699604743085 0.2202797202797203
2 0.5217391304347826 0.8216783216783217 0.18379446640316205 0.21678321678321677
2 0.8102766798418972 1.0122377622377623 0.09683794466403162 0.1258741258741259
2 0.808300395256917 0.9562937062937062 0.07707509881422925 0.0979020979020979
2 0.741106719367589 0.8828671328671329 0.07312252964426877 0.08391608391608392
2 0.8754940711462451 0.9807692307692307 0.08102766798418973 0.06993006993006994
2 0.8537549407114624 0.9248251748251748 0.05731225296442688 0.045454545454545456
2 0.9436758893280632 1.0174825174825175 0.05533596837944664 0.05944055944055944
2 0.7796442687747036 0.8374125874125874 0.043478260869565216 0.03496503496503497
2 0.7035573122529645 0.7884615384615384 0.045454545454545456 0.03496503496503497
2 0.4298418972332016 0.541958041958042 0.06324110671936758 0.04895104895104895
2 0.2776679841897233 0.4090909090909091 0.05138339920948617 0.05244755244755245
2 0.2341897233201581 0.3479020979020979 0.039525691699604744 0.027972027972027972
2 0.191699604743083 0.3304195804195804 0.037549407114624504 0.04195804195804196
2 0.15217391304347827 0.2902097902097902 0.03359683794466403 0.055944055944055944
2 0.1007905138339921 0.23601398601398602 0.029644268774703556 0.038461538461538464
3 0.9634387351778656 1.0716783216783217 0.06719367588932806 0.07342657342657342
3 0.06126482213438735 0.2202797202797203 0.03359683794466403 0.06643356643356643
