3 0.023715415019762844 0.34440559440559443 0.037549407114624504 0.13286713286713286
1 0.19960474308300397 0.777972027972028 0.03359683794466403 0.18181818181818182
1 0.15019762845849802 0.9003496503496503 0.04940711462450593 0.18181818181818182
1 0.08102766798418973 0.8986013986013986 0.04940711462450593 0.1853146853146853
1 0.030632411067193676 0.9353146853146853 0.05138339920948617 0.11188811188811189
1 0.3577075098814229 0.5874125874125874 0.03359683794466403 0.08041958041958042
1 0.4426877470355731 0.7692307692307693 0.07312252964426877 0.13636363636363635
1 0.6007905138339921 0.6923076923076923 0.07707509881422925 0.11538461538461539
1 0.6156126482213439 0.6363636363636364 0.043478260869565216 0.0944055944055944
1 0.599802371541502 0.8024475524475524 0.06324110671936758 0.15384615384615385
1 0.6442687747035574 0.833916083916084 0.06521739130434782 0.16083916083916083
1 0.741106719367589 0.9003496503496503 0.06126482213438735 0.18181818181818182
1 0.1551383399209486 0.5926573426573427 0.043478260869565216 0.11888111888111888
1 0.07806324110671936 0.5734265734265734 0.03162055335968379 0.045454545454545456
1 0.21146245059288538 0.486013986013986 0.025691699604743084 0.0944055944055944
1 0.33893280632411066 0.49475524475524474 0.02766798418972332 0.08391608391608392
1 0.325098814229249 0.4493006993006993 0.039525691699604744 0.07692307692307693
1 0.5879446640316206 0.4353146853146853 0.043478260869565216 0.07692307692307693
1 0.4140316205533597 0.4125874125874126 0.03162055335968379 0.05944055944055944
1 0.6314229249011858 0.458041958041958 0.043478260869565216 0.06643356643356643
1 0.6551383399209486 0.4318181818181818 0.039525691699604744 0.07692307692307693
1 0.6106719367588933 0.4160839160839161 0.029644268774703556 0.05944055944055944
1 0.7104743083003953 0.40734265734265734 0.03557312252964427 0.06293706293706294
1 0.7875494071146245 0.4423076923076923 0.039525691699604744 0.07692307692307693
1 0.8606719367588933 0.4405594405594406 0.039525691699604744 0.07342657342657342
1 0.8231225296442688 0.4020979020979021 0.019762845849802372 0.05944055944055944
1 0.9209486166007905 0.39335664335664333 0.021739130434782608 0.04895104895104895
1 0.9664031620553359 0.46853146853146854 0.03359683794466403 0.07342657342657342
1 0.7875494071146245 0.38286713286713286 0.019762845849802372 0.055944055944055944
1 0.8063241106719368 0.38636363636363635 0.01383399209486166 0.055944055944055944
1 0.9397233201581028 0.3618881118881119 0.019762845849802372 0.055944055944055944
1 0.9594861660079052 0.3741258741258741 0.015810276679841896 0.05244755244755245
1 0.9693675889328063 0.3758741258741259 0.011857707509881422 0.03496503496503497
1 0.9881422924901185 0.3793706293706294 0.017786561264822136 0.04895104895104895
1 0.1324110671936759 0.3951048951048951 0.025691699604743084 0.05944055944055944
1 0.09881422924901186 0.4143356643356643 0.021739130434782608 0.06293706293706294
1 0.0691699604743083 0.43006993006993005 0.029644268774703556 0.05944055944055944
1 0.040513833992094864 0.41083916083916083 0.023715415019762844 0.06293706293706294
1 0.0691699604743083 0.33916083916083917 0.017786561264822136 0.05944055944055944
2 0.07608695652173914 0.6853146853146853 0.1383399209486166 0.17132867132867133
2 0.43478260869565216 0.6643356643356644 0.17193675889328064 0.16433566433566432
2 0.2658102766798419 0.4178321678321678 0.08695652173913043 0.09090909090909091
2 0.4644268774703557 0.4493006993006993 0.11264822134387352 0.07692307692307693
2 0.17588932806324112 0.36013986013986016 0.05731225296442688 0.06643356643356643
2 0.10770750988142293 0.36538461538461536 0.043478260869565216 0.06293706293706294
2 0.2183794466403162 0.32342657342657344 0.03162055335968379 0.06293706293706294
2 0.18675889328063242 0.3076923076923077 0.04743083003952569 0.045454545454545456
2 0.2450592885375494 0.32342657342657344 0.045454545454545456 0.055944055944055944
2 0.28952569169960474 0.3111888111888112 0.05138339920948617 0.05244755244755245
2 0.3547430830039526 0.291958041958042 0.06719367588932806 0.04895104895104895
2 0.441699604743083 0.2902097902097902 0.05138339920948617 0.038461538461538464
2 0.5187747035573123 0.28496503496503495 0.03162055335968379 0.04195804195804196
2 0.599802371541502 0.2937062937062937 0.043478260869565216 0.045454545454545456
2 0.6699604743083004 0.29895104895104896 0.045454545454545456 0.03496503496503497
2 0.7262845849802372 0.28846153846153844 0.06324110671936758 0.04195804195804196
2 0.7420948616600791 0.3041958041958042 0.05928853754940711 0.045454545454545456
2 0.7628458498023716 0.43006993006993005 0.07312252964426877 0.07342657342657342
2 0.8409090909090909 0.3916083916083916 0.039525691699604744 0.05244755244755245
2 0.866600790513834 0.3741258741258741 0.06719367588932806 0.045454545454545456
2 0.9664031620553359 0.32342657342657344 0.06521739130434782 0.04895104895104895
2 0.9614624505928854 0.42832167832167833 0.05928853754940711 0.06993006993006994
2 0.9130434782608695 0.32867132867132864 0.041501976284584984 0.045454545454545456
