1 0.11363636363636363 0.8409090909090909 0.08695652173913043 0.15384615384615385
1 0.33201581027667987 0.7867132867132867 0.05731225296442688 0.1853146853146853
1 0.11363636363636363 0.9335664335664335 0.05138339920948617 0.10139860139860139
1 0.41699604743083 0.8496503496503497 0.05731225296442688 0.17132867132867133
1 0.4278656126482213 0.722027972027972 0.04743083003952569 0.15384615384615385
1 0.48221343873517786 0.8146853146853147 0.06521739130434782 0.17132867132867133
1 0.5444664031620553 0.7937062937062938 0.07114624505928854 0.15034965034965034
1 0.5444664031620553 0.7132867132867133 0.05928853754940711 0.13636363636363635
1 0.9140316205533597 0.7622377622377622 0.04743083003952569 0.14335664335664336
1 0.8547430830039525 0.5472027972027972 0.023715415019762844 0.0979020979020979
1 0.8389328063241107 0.506993006993007 0.023715415019762844 0.08041958041958042
1 0.9298418972332015 0.4965034965034965 0.02766798418972332 0.0944055944055944
1 0.9723320158102767 0.5244755244755245 0.029644268774703556 0.08741258741258741
1 0.7193675889328063 0.41083916083916083 0.029644268774703556 0.06993006993006994
1 0.7638339920948617 0.40384615384615385 0.019762845849802372 0.06993006993006994
1 0.7776679841897233 0.42657342657342656 0.015810276679841896 0.08041958041958042
1 0.7954545454545454 0.41083916083916083 0.019762845849802372 0.06293706293706294
1 0.8181818181818182 0.41083916083916083 0.021739130434782608 0.06993006993006994
1 0.841897233201581 0.42132867132867136 0.025691699604743084 0.08391608391608392
1 0.9664031620553359 0.42657342657342656 0.021739130434782608 0.06643356643356643
1 0.9496047430830039 0.3951048951048951 0.015810276679841896 0.05944055944055944
1 0.9258893280632411 0.3741258741258741 0.03162055335968379 0.05244755244755245
1 0.8952569169960475 0.3811188811188811 0.017786561264822136 0.05244755244755245
1 0.8646245059288538 0.34965034965034963 0.02766798418972332 0.045454545454545456
1 0.7440711462450593 0.34615384615384615 0.019762845849802372 0.05244755244755245
1 0.7193675889328063 0.3339160839160839 0.021739130434782608 0.055944055944055944
1 0.7727272727272727 0.3111888111888112 0.01383399209486166 0.045454545454545456
1 0.8152173913043478 0.2902097902097902 0.019762845849802372 0.038461538461538464
1 0.8507905138339921 0.3006993006993007 0.019762845849802372 0.03146853146853147
1 0.8705533596837944 0.30594405594405594 0.019762845849802372 0.027972027972027972
1 0.8992094861660079 0.3041958041958042 0.021739130434782608 0.038461538461538464
1 0.09090909090909091 0.5506993006993007 0.03359683794466403 0.04195804195804196
1 0.012845849802371542 0.4737762237762238 0.015810276679841896 0.09090909090909091
1 0.042490118577075096 0.4423076923076923 0.015810276679841896 0.03496503496503497
1 0.05039525691699605 0.3916083916083916 0.015810276679841896 0.05944055944055944
1 0.0800395256916996 0.4090909090909091 0.019762845849802372 0.06643356643356643
1 0.12648221343873517 0.43356643356643354 0.021739130434782608 0.08741258741258741
1 0.15217391304347827 0.42832167832167833 0.029644268774703556 0.06993006993006994
1 0.19861660079051383 0.4090909090909091 0.03557312252964427 0.07342657342657342
1 0.2183794466403162 0.3881118881118881 0.019762845849802372 0.05944055944055944
1 0.22035573122529645 0.34265734265734266 0.019762845849802372 0.05944055944055944
1 0.18774703557312253 0.31643356643356646 0.009881422924901186 0.04895104895104895
1 0.19861660079051383 0.3146853146853147 0.019762845849802372 0.045454545454545456
1 0.11561264822134387 0.3723776223776224 0.015810276679841896 0.04895104895104895
1 0.2717391304347826 0.31993006993006995 0.019762845849802372 0.04195804195804196
1 0.3142292490118577 0.30594405594405594 0.025691699604743084 0.04895104895104895
1 0.3606719367588933 0.29895104895104896 0.023715415019762844 0.04195804195804196
1 0.5800395256916996 0.291958041958042 0.015810276679841896 0.04195804195804196
2 0.06620553359683795 0.5034965034965035 0.11067193675889328 0.11538461538461539
2 0.3310276679841897 0.47202797202797203 0.08300395256916997 0.0944055944055944
2 0.4268774703557312 0.5262237762237763 0.10869565217391304 0.11888111888111888
2 0.567193675889328 0.6171328671328671 0.15612648221343872 0.15384615384615385
1 0.2964426877470356 0.4125874125874126 0.037549407114624504 0.05944055944055944
2 0.650197628458498 0.5611888111888111 0.10869565217391304 0.14685314685314685
2 0.892292490118577 0.4597902097902098 0.06719367588932806 0.0979020979020979
2 0.8636363636363636 0.40734265734265734 0.041501976284584984 0.06993006993006994
2 0.8122529644268774 0.3548951048951049 0.0691699604743083 0.055944055944055944
2 0.9664031620553359 0.34615384615384615 0.045454545454545456 0.05244755244755245
2 0.7776679841897233 0.2762237762237762 0.04743083003952569 0.045454545454545456
2 0.7223320158102767 0.2692307692307692 0.04743083003952569 0.03146853146853147
2 0.5503952569169961 0.2972027972027972 0.043478260869565216 0.045454545454545456
2 0.16205533596837945 0.3793706293706294 0.04940711462450593 0.06293706293706294
2 0.15019762845849802 0.34265734265734266 0.05731225296442688 0.05244755244755245
2 0.08399209486166008 0.33916083916083917 0.05533596837944664 0.06643356643356643
2 0.10375494071146245 0.2674825174825175 0.023715415019762844 0.03496503496503497
3 0.6403162055335968 0.29895104895104896 0.09288537549407115 0.07692307692307693
4 0.24703557312252963 0.2972027972027972 0.07312252964426877 0.07342657342657342
2 0.2994071146245059 0.2972027972027972 0.039525691699604744 0.05244755244755245
