1 0.16600790513833993 0.5314685314685315 0.07312252964426877 0.24475524475524477
1 0.22529644268774704 0.6013986013986014 0.0691699604743083 0.24125874125874125
1 0.22727272727272727 0.40734265734265734 0.03359683794466403 0.11188811188811189
1 0.15612648221343872 0.291958041958042 0.025691699604743084 0.07692307692307693
1 0.10573122529644269 0.22552447552447552 0.02766798418972332 0.08041958041958042
1 0.045454545454545456 0.16433566433566432 0.021739130434782608 0.055944055944055944
1 0.017786561264822136 0.1451048951048951 0.021739130434782608 0.06643356643356643
1 0.208498023715415 0.34265734265734266 0.019762845849802372 0.0979020979020979
1 0.2727272727272727 0.4370629370629371 0.041501976284584984 0.1048951048951049
1 0.28063241106719367 0.4230769230769231 0.029644268774703556 0.08741258741258741
1 0.23023715415019763 0.34965034965034963 0.015810276679841896 0.06993006993006994
1 0.25790513833992096 0.3758741258741259 0.015810276679841896 0.05944055944055944
1 0.33300395256917 0.48951048951048953 0.043478260869565216 0.10139860139860139
1 0.3547430830039526 0.49475524475524474 0.02766798418972332 0.08741258741258741
1 0.3952569169960474 0.5437062937062938 0.045454545454545456 0.10139860139860139
1 0.45454545454545453 0.6013986013986014 0.045454545454545456 0.0944055944055944
1 0.5029644268774703 0.6486013986013986 0.04743083003952569 0.10839160839160839
1 0.38537549407114624 0.493006993006993 0.017786561264822136 0.06993006993006994
1 0.5780632411067194 0.736013986013986 0.06324110671936758 0.11188811188811189
1 0.5543478260869565 0.6818181818181818 0.05533596837944664 0.07692307692307693
1 0.6027667984189723 0.743006993006993 0.041501976284584984 0.0979020979020979
1 0.6284584980237155 0.756993006993007 0.04940711462450593 0.10839160839160839
1 0.682806324110672 0.8304195804195804 0.06324110671936758 0.11188811188811189
1 0.6679841897233202 0.7902097902097902 0.045454545454545456 0.08391608391608392
1 0.7292490118577075 0.8618881118881119 0.045454545454545456 0.11188811188811189
1 0.8488142292490118 0.993006993006993 0.06324110671936758 0.11188811188811189
1 0.7262845849802372 0.8216783216783217 0.039525691699604744 0.08391608391608392
1 0.9268774703557312 1.027972027972028 0.06126482213438735 0.0944055944055944
1 0.9515810276679841 1.1608391608391608 0.08695652173913043 0.15384615384615385
1 0.8824110671936759 1.0576923076923077 0.07114624505928854 0.12937062937062938
1 0.9209486166007905 1.082167832167832 0.0533596837944664 0.11188811188811189
1 0.9851778656126482 1.1206293706293706 0.023715415019762844 0.10839160839160839
1 0.4278656126482213 0.5244755244755245 0.019762845849802372 0.05244755244755245
1 0.4614624505928854 0.5576923076923077 0.011857707509881422 0.06293706293706294
2 0.08992094861660078 0.21853146853146854 0.06719367588932806 0.06993006993006994
2 0.1650197628458498 0.2867132867132867 0.07509881422924901 0.05944055944055944
2 0.1907114624505929 0.32167832167832167 0.06324110671936758 0.06643356643356643
2 0.26976284584980237 0.39335664335664333 0.08695652173913043 0.07692307692307693
2 0.49407114624505927 0.5891608391608392 0.0533596837944664 0.08391608391608392
2 0.5454545454545454 0.6223776223776224 0.037549407114624504 0.06643356643356643
2 0.5118577075098815 0.5681818181818182 0.025691699604743084 0.045454545454545456
2 0.6284584980237155 0.6730769230769231 0.05731225296442688 0.04895104895104895
2 0.7924901185770751 0.8111888111888111 0.04940711462450593 0.045454545454545456
3 0.3359683794466403 0.4423076923076923 0.06126482213438735 0.11538461538461539
