1 0.08399209486166008 0.3951048951048951 0.03162055335968379 0.10839160839160839
1 0.018774703557312252 0.4195804195804196 0.03162055335968379 0.17482517482517482
1 0.07707509881422925 0.4318181818181818 0.041501976284584984 0.16083916083916083
1 0.13636363636363635 0.4388111888111888 0.029644268774703556 0.15734265734265734
1 0.19861660079051383 0.41083916083916083 0.05138339920948617 0.0979020979020979
1 0.09288537549407115 0.29545454545454547 0.021739130434782608 0.08041958041958042
1 0.1067193675889328 0.2867132867132867 0.021739130434782608 0.06293706293706294
1 0.14624505928853754 0.32167832167832167 0.029644268774703556 0.06293706293706294
1 0.1857707509881423 0.3618881118881119 0.03359683794466403 0.06293706293706294
1 0.040513833992094864 0.21503496503496503 0.023715415019762844 0.05244755244755245
1 0.07015810276679842 0.2465034965034965 0.02766798418972332 0.055944055944055944
1 0.2826086956521739 0.7377622377622378 0.1007905138339921 0.1048951048951049
1 0.38735177865612647 0.7325174825174825 0.07312252964426877 0.15384615384615385
1 0.5217391304347826 0.833916083916084 0.06126482213438735 0.15384615384615385
1 0.5187747035573123 0.7814685314685315 0.04743083003952569 0.12937062937062938
1 0.4901185770750988 0.7272727272727273 0.045454545454545456 0.11538461538461539
1 0.5029644268774703 0.666083916083916 0.043478260869565216 0.08741258741258741
1 0.525691699604743 0.6800699300699301 0.03359683794466403 0.055944055944055944
1 0.5711462450592886 0.7342657342657343 0.04940711462450593 0.08041958041958042
1 0.633399209486166 0.8199300699300699 0.05928853754940711 0.0979020979020979
1 0.6264822134387352 0.7814685314685315 0.045454545454545456 0.07342657342657342
1 0.7648221343873518 1.132867132867133 0.09288537549407115 0.16083916083916083
1 0.7608695652173914 1.0944055944055944 0.08893280632411067 0.1853146853146853
1 0.7766798418972332 1.0751748251748252 0.08893280632411067 0.15034965034965034
1 0.6758893280632411 0.8111888111888111 0.041501976284584984 0.06993006993006994
1 0.7618577075098815 0.8828671328671329 0.019762845849802372 0.06293706293706294
1 0.7786561264822134 0.9090909090909091 0.025691699604743084 0.07342657342657342
1 0.8003952569169961 0.9108391608391608 0.017786561264822136 0.07342657342657342
1 0.8478260869565217 0.9388111888111889 0.017786561264822136 0.05944055944055944
1 0.8735177865612648 0.9895104895104895 0.04940711462450593 0.08741258741258741
2 0.0266798418972332 0.2534965034965035 0.043478260869565216 0.0944055944055944
2 0.1225296442687747 0.39335664335664333 0.10474308300395258 0.13636363636363635
2 0.1432806324110672 0.3583916083916084 0.05533596837944664 0.06993006993006994
2 0.05533596837944664 0.22202797202797203 0.041501976284584984 0.05244755244755245
2 0.1432806324110672 0.3146853146853147 0.05928853754940711 0.06293706293706294
2 0.13043478260869565 0.28146853146853146 0.029644268774703556 0.038461538461538464
2 0.19466403162055335 0.32867132867132864 0.039525691699604744 0.055944055944055944
2 0.2440711462450593 0.4230769230769231 0.06719367588932806 0.0944055944055944
2 0.25296442687747034 0.3968531468531469 0.06521739130434782 0.05244755244755245
2 0.2648221343873518 0.6416083916083916 0.22727272727272727 0.2727272727272727
2 0.3952569169960474 0.6730769230769231 0.1600790513833992 0.14335664335664336
3 0.7737154150197628 0.8898601398601399 0.06719367588932806 0.08041958041958042
2 0.9337944664031621 1.0506993006993006 0.05928853754940711 0.08391608391608392
2 0.8913043478260869 0.993006993006993 0.041501976284584984 0.06993006993006994
2 0.9407114624505929 1.0402097902097902 0.06521739130434782 0.06293706293706294
2 0.8764822134387352 0.9440559440559441 0.06324110671936758 0.055944055944055944
2 0.7075098814229249 0.7972027972027972 0.05731225296442688 0.045454545454545456
2 0.6719367588932806 0.763986013986014 0.05731225296442688 0.038461538461538464
2 0.5701581027667985 0.6643356643356644 0.04743083003952569 0.045454545454545456
3 0.7905138339920948 0.8776223776223776 0.1007905138339921 0.08041958041958042
2 0.3221343873517787 0.4423076923076923 0.04940711462450593 0.04895104895104895
2 0.4160079051383399 0.5157342657342657 0.039525691699604744 0.04195804195804196
