4 0.1541501976284585 0.25524475524475526 0.03557312252964427 0.06643356643356643
1 0.037549407114624504 0.6363636363636364 0.041501976284584984 0.13986013986013987
1 0.16600790513833993 0.4825174825174825 0.025691699604743084 0.1048951048951049
1 0.07905138339920949 0.34615384615384615 0.017786561264822136 0.06643356643356643
1 0.1383399209486166 0.33916083916083917 0.023715415019762844 0.05944055944055944
1 0.039525691699604744 0.34965034965034963 0.015810276679841896 0.05244755244755245
1 0.18972332015810275 0.3111888111888112 0.019762845849802372 0.045454545454545456
1 0.23517786561264822 0.36013986013986016 0.019762845849802372 0.055944055944055944
1 0.23517786561264822 0.6013986013986014 0.043478260869565216 0.13636363636363635
1 0.29051383399209485 0.548951048951049 0.037549407114624504 0.12237762237762238
1 0.31620553359683795 0.486013986013986 0.023715415019762844 0.1048951048951049
1 0.3438735177865613 0.8671328671328671 0.08695652173913043 0.1258741258741259
1 0.3893280632411067 0.7902097902097902 0.07707509881422925 0.14335664335664336
1 0.5019762845849802 0.8286713286713286 0.08498023715415019 0.16433566433566432
1 0.4980237154150198 0.7027972027972028 0.05928853754940711 0.15384615384615385
1 0.4782608695652174 0.6573426573426573 0.0533596837944664 0.13286713286713286
1 0.44466403162055335 0.6433566433566433 0.06324110671936758 0.12937062937062938
1 0.616600790513834 0.5034965034965035 0.06719367588932806 0.10839160839160839
1 0.6719367588932806 0.493006993006993 0.04940711462450593 0.09090909090909091
1 0.5790513833992095 0.4125874125874126 0.043478260869565216 0.06643356643356643
1 0.8320158102766798 0.486013986013986 0.02766798418972332 0.0944055944055944
1 0.8557312252964426 0.43006993006993005 0.019762845849802372 0.08041958041958042
1 0.8063241106719368 0.4160839160839161 0.021739130434782608 0.07692307692307693
1 0.8814229249011858 0.3916083916083916 0.019762845849802372 0.06643356643356643
1 0.9426877470355731 0.4405594405594406 0.021739130434782608 0.07692307692307693
1 0.9031620553359684 0.36713286713286714 0.017786561264822136 0.055944055944055944
1 0.9407114624505929 0.4090909090909091 0.025691699604743084 0.055944055944055944
1 0.6857707509881423 0.27972027972027974 0.021739130434782608 0.045454545454545456
1 0.7964426877470355 0.2867132867132867 0.021739130434782608 0.04195804195804196
2 0.06126482213438735 0.548951048951049 0.11067193675889328 0.14335664335664336
2 0.13636363636363635 0.7727272727272727 0.24110671936758893 0.21678321678321677
2 0.23715415019762845 0.4020979020979021 0.09288537549407115 0.08041958041958042
2 0.11462450592885376 0.3146853146853147 0.07114624505928854 0.04195804195804196
2 0.2134387351778656 0.3041958041958042 0.0533596837944664 0.05244755244755245
2 0.007905138339920948 0.36713286713286714 0.037549407114624504 0.10139860139860139
2 0.5533596837944664 0.6258741258741258 0.17588932806324112 0.1958041958041958
2 0.7154150197628458 0.45454545454545453 0.09683794466403162 0.11888111888111888
2 0.6758893280632411 0.36713286713286714 0.07707509881422925 0.07342657342657342
2 0.7292490118577075 0.3321678321678322 0.03359683794466403 0.05944055944055944
2 0.7845849802371542 0.34615384615384615 0.05138339920948617 0.055944055944055944
2 0.6027667984189723 0.27972027972027974 0.0533596837944664 0.038461538461538464
2 0.7252964426877471 0.27972027972027974 0.04743083003952569 0.04195804195804196
2 0.35177865612648224 0.2727272727272727 0.06324110671936758 0.045454545454545456
2 0.41106719367588934 0.2727272727272727 0.041501976284584984 0.038461538461538464
2 0.3102766798418972 0.26223776223776224 0.043478260869565216 0.038461538461538464
2 0.22924901185770752 0.24475524475524477 0.04940711462450593 0.04195804195804196
2 0.39723320158102765 0.3881118881118881 0.11462450592885376 0.0979020979020979
4 0.3458498023715415 0.5594405594405595 0.13636363636363635 0.17482517482517482
2 0.03162055335968379 0.3146853146853147 0.0533596837944664 0.06293706293706294
4 0.8399209486166008 0.32867132867132864 0.05731225296442688 0.07342657342657342
3 0.8260869565217391 0.2692307692307692 0.1225296442687747 0.11188811188811189
