1 0.12648221343873517 0.7867132867132867 0.08102766798418973 0.2062937062937063
1 0.08102766798418973 0.6013986013986014 0.05533596837944664 0.1853146853146853
1 0.07114624505928854 0.506993006993007 0.04940711462450593 0.15384615384615385
1 0.20553359683794467 0.5314685314685315 0.05138339920948617 0.15034965034965034
1 0.22332015810276679 0.47202797202797203 0.039525691699604744 0.12937062937062938
1 0.17391304347826086 0.32867132867132864 0.03162055335968379 0.09090909090909091
1 0.34980237154150196 0.44755244755244755 0.03359683794466403 0.13636363636363635
1 0.28063241106719367 0.3181818181818182 0.021739130434782608 0.09090909090909091
1 0.25296442687747034 0.2972027972027972 0.019762845849802372 0.08391608391608392
1 0.21936758893280633 0.2517482517482518 0.029644268774703556 0.07692307692307693
1 0.17984189723320157 0.26573426573426573 0.025691699604743084 0.06993006993006994
1 0.13043478260869565 0.2727272727272727 0.02766798418972332 0.07342657342657342
1 0.1067193675889328 0.24125874125874125 0.025691699604743084 0.05944055944055944
1 0.05928853754940711 0.23426573426573427 0.019762845849802372 0.06293706293706294
1 0.011857707509881422 0.24125874125874125 0.021739130434782608 0.06293706293706294
1 0.03359683794466403 0.2202797202797203 0.023715415019762844 0.06293706293706294
1 0.1482213438735178 0.2517482517482518 0.02766798418972332 0.05244755244755245
1 0.3300395256916996 0.2692307692307692 0.017786561264822136 0.07692307692307693
1 0.3221343873517787 0.2517482517482518 0.01383399209486166 0.055944055944055944
1 0.16403162055335968 0.19230769230769232 0.01383399209486166 0.06293706293706294
1 0.17786561264822134 0.1958041958041958 0.023715415019762844 0.04895104895104895
1 0.35968379446640314 0.3181818181818182 0.041501976284584984 0.08391608391608392
1 0.3952569169960474 0.34615384615384615 0.021739130434782608 0.09090909090909091
1 0.4189723320158103 0.2902097902097902 0.041501976284584984 0.07692307692307693
1 0.43280632411067194 0.25524475524475526 0.019762845849802372 0.05944055944055944
1 0.37351778656126483 0.1853146853146853 0.025691699604743084 0.045454545454545456
1 0.34189723320158105 0.1888111888111888 0.019762845849802372 0.03496503496503497
1 0.39920948616600793 0.1888111888111888 0.017786561264822136 0.04895104895104895
1 0.41699604743083 0.20279720279720279 0.011857707509881422 0.04195804195804196
1 0.7509881422924901 0.3356643356643357 0.045454545454545456 0.08741258741258741
1 0.9407114624505929 0.46503496503496505 0.0533596837944664 0.10839160839160839
1 0.5592885375494071 0.24125874125874125 0.01383399209486166 0.06293706293706294
1 0.4624505928853755 0.24125874125874125 0.015810276679841896 0.04895104895104895
1 0.5039525691699605 0.18181818181818182 0.025691699604743084 0.05244755244755245
1 0.5592885375494071 0.19230769230769232 0.02766798418972332 0.038461538461538464
1 0.6185770750988142 0.17482517482517482 0.025691699604743084 0.04895104895104895
1 0.6857707509881423 0.34265734265734266 0.043478260869565216 0.09090909090909091
1 0.7766798418972332 0.36713286713286714 0.045454545454545456 0.0979020979020979
2 0.45849802371541504 0.3881118881118881 0.07905138339920949 0.17832167832167833
2 0.0691699604743083 0.34615384615384615 0.07312252964426877 0.11188811188811189
2 0.49604743083003955 0.2902097902097902 0.05138339920948617 0.0944055944055944
2 0.49604743083003955 0.22727272727272727 0.04743083003952569 0.06993006993006994
2 0.2865612648221344 0.1958041958041958 0.06521739130434782 0.04195804195804196
2 0.5948616600790514 0.21328671328671328 0.05731225296442688 0.05244755244755245
2 0.691699604743083 0.21328671328671328 0.0533596837944664 0.03496503496503497
2 0.21739130434782608 0.17482517482517482 0.03359683794466403 0.055944055944055944
