2 0.5523715415019763 0.791958041958042 0.13438735177865613 0.15734265734265734
2 0.7391304347826086 0.9265734265734266 0.12055335968379446 0.10139860139860139
2 0.6363636363636364 0.8059440559440559 0.09683794466403162 0.07342657342657342
2 0.7806324110671937 0.8391608391608392 0.045454545454545456 0.04195804195804196
2 0.3577075098814229 0.47027972027972026 0.045454545454545456 0.04195804195804196
2 0.23616600790513834 0.3811188811188811 0.043478260869565216 0.04895104895104895
2 0.05928853754940711 0.2395104895104895 0.037549407114624504 0.06993006993006994
2 0.09189723320158102 0.24825174825174826 0.03557312252964427 0.045454545454545456
2 0.13537549407114624 0.26573426573426573 0.03162055335968379 0.04895104895104895
2 0.06521739130434782 0.20279720279720279 0.021739130434782608 0.038461538461538464
2 0.22233201581027667 0.3339160839160839 0.03162055335968379 0.03146853146853147
2 0.26976284584980237 0.3776223776223776 0.039525691699604744 0.03496503496503497
3 0.7341897233201581 0.8531468531468531 0.06719367588932806 0.08041958041958042
3 0.8942687747035574 1.006993006993007 0.11462450592885376 0.0944055944055944
3 0.43873517786561267 0.534965034965035 0.07312252964426877 0.07692307692307693
1 0.16106719367588934 0.48951048951048953 0.04743083003952569 0.14335664335664336
1 0.3725296442687747 0.6590909090909091 0.039525691699604744 0.14335664335664336
1 0.17391304347826086 0.6188811188811189 0.06521739130434782 0.11888111888111888
1 0.5039525691699605 0.8496503496503497 0.08498023715415019 0.15384615384615385
1 0.4150197628458498 0.8409090909090909 0.06521739130434782 0.0979020979020979
1 0.5770750988142292 0.7132867132867133 0.021739130434782608 0.06993006993006994
1 0.9634387351778656 1.1416083916083917 0.03162055335968379 0.10839160839160839
1 0.9486166007905138 1.0874125874125875 0.029644268774703556 0.08741258741258741
1 0.950592885375494 1.0576923076923077 0.017786561264822136 0.06643356643356643
1 0.8952569169960475 1.0174825174825175 0.029644268774703556 0.08741258741258741
1 0.8221343873517787 0.9213286713286714 0.017786561264822136 0.06993006993006994
1 0.8774703557312253 0.986013986013986 0.017786561264822136 0.06643356643356643
1 0.7776679841897233 0.8583916083916084 0.015810276679841896 0.05244755244755245
1 0.7490118577075099 0.8286713286713286 0.017786561264822136 0.038461538461538464
1 0.7272727272727273 0.798951048951049 0.01383399209486166 0.04195804195804196
1 0.6966403162055336 0.7814685314685315 0.019762845849802372 0.04195804195804196
1 0.674901185770751 0.75 0.015810276679841896 0.04195804195804196
1 0.6195652173913043 0.701048951048951 0.019762845849802372 0.03496503496503497
1 0.825098814229249 0.8846153846153846 0.023715415019762844 0.038461538461538464
1 0.8784584980237155 0.9318181818181818 0.019762845849802372 0.03496503496503497
1 0.8932806324110671 0.9458041958041958 0.017786561264822136 0.038461538461538464
1 0.9308300395256917 0.9772727272727273 0.025691699604743084 0.04195804195804196
1 0.04743083003952569 0.2465034965034965 0.021739130434782608 0.06993006993006994
1 0.01383399209486166 0.21153846153846154 0.017786561264822136 0.06993006993006994
1 0.017786561264822136 0.1853146853146853 0.017786561264822136 0.055944055944055944
