1 0.1422924901185771 0.6608391608391608 0.037549407114624504 0.15034965034965034
1 0.1590909090909091 0.6223776223776224 0.039525691699604744 0.12937062937062938
1 0.2075098814229249 0.6486013986013986 0.045454545454545456 0.13986013986013987
1 0.25 0.6048951048951049 0.039525691699604744 0.11538461538461539
1 0.3290513833992095 0.5979020979020979 0.043478260869565216 0.11538461538461539
1 0.2440711462450593 0.5367132867132867 0.03162055335968379 0.09090909090909091
1 0.17687747035573123 0.5017482517482518 0.03162055335968379 0.0979020979020979
1 0.10276679841897234 0.5 0.029644268774703556 0.10139860139860139
1 0.05138339920948617 0.4230769230769231 0.017786561264822136 0.05944055944055944
1 0.1383399209486166 0.42832167832167833 0.029644268774703556 0.08391608391608392
1 0.014822134387351778 0.41083916083916083 0.015810276679841896 0.08391608391608392
1 0.038537549407114624 0.3881118881118881 0.023715415019762844 0.05944055944055944
1 0.07905138339920949 0.3741258741258741 0.021739130434782608 0.05944055944055944
1 0.1432806324110672 0.3321678321678322 0.019762845849802372 0.045454545454545456
1 0.23715415019762845 0.3094405594405594 0.025691699604743084 0.04895104895104895
1 0.26877470355731226 0.3111888111888112 0.029644268774703556 0.045454545454545456
1 0.31126482213438733 0.30244755244755245 0.023715415019762844 0.04895104895104895
1 0.38735177865612647 0.6573426573426573 0.05731225296442688 0.12937062937062938
1 0.4041501976284585 0.7709790209790209 0.06719367588932806 0.16083916083916083
1 0.3942687747035573 0.8409090909090909 0.07114624505928854 0.17482517482517482
1 0.5879446640316206 0.8111888111888111 0.07509881422924901 0.17132867132867133
1 0.6086956521739131 0.9335664335664335 0.08893280632411067 0.12237762237762238
1 0.6877470355731226 0.6958041958041958 0.04940711462450593 0.15034965034965034
1 0.5948616600790514 0.6153846153846154 0.0533596837944664 0.12937062937062938
1 0.5978260869565217 0.49475524475524474 0.05533596837944664 0.08391608391608392
1 0.6620553359683794 0.5104895104895105 0.029644268774703556 0.0944055944055944
1 0.6324110671936759 0.4458041958041958 0.045454545454545456 0.06993006993006994
1 0.7164031620553359 0.5734265734265734 0.03557312252964427 0.10139860139860139
1 0.7361660079051383 0.49475524475524474 0.023715415019762844 0.07692307692307693
1 0.7509881422924901 0.5122377622377622 0.029644268774703556 0.09090909090909091
1 0.8102766798418972 0.6923076923076923 0.037549407114624504 0.13636363636363635
1 0.8241106719367589 0.5611888111888111 0.03359683794466403 0.11188811188811189
1 0.8468379446640316 0.5909090909090909 0.03162055335968379 0.10139860139860139
1 0.8942687747035574 0.6241258741258742 0.03162055335968379 0.11888111888111888
1 0.91600790513834 0.722027972027972 0.03557312252964427 0.14685314685314685
1 0.8656126482213439 0.5297202797202797 0.029644268774703556 0.07692307692307693
1 0.9041501976284585 0.486013986013986 0.023715415019762844 0.0944055944055944
1 0.983201581027668 0.5944055944055944 0.023715415019762844 0.11538461538461539
1 0.7944664031620553 0.5 0.037549407114624504 0.08041958041958042
1 0.8053359683794467 0.4562937062937063 0.023715415019762844 0.06993006993006994
1 0.7213438735177866 0.34440559440559443 0.017786561264822136 0.04895104895104895
1 0.6936758893280632 0.3321678321678322 0.017786561264822136 0.045454545454545456
1 0.6669960474308301 0.32867132867132864 0.019762845849802372 0.045454545454545456
1 0.2727272727272727 0.46503496503496505 0.03359683794466403 0.08741258741258741
1 0.10573122529644269 0.3339160839160839 0.011857707509881422 0.04895104895104895
1 0.11857707509881422 0.32517482517482516 0.01383399209486166 0.05244755244755245
1 0.9436758893280632 0.4178321678321678 0.019762845849802372 0.06293706293706294
1 0.9594861660079052 0.39335664335664333 0.011857707509881422 0.06293706293706294
1 0.9802371541501976 0.3951048951048951 0.017786561264822136 0.05244755244755245
1 0.9239130434782609 0.38636363636363635 0.015810276679841896 0.04895104895104895
1 0.9367588932806324 0.38986013986013984 0.017786561264822136 0.04895104895104895
2 0.11758893280632411 0.38636363636363635 0.05928853754940711 0.06293706293706294
2 0.1907114624505929 0.34965034965034963 0.05533596837944664 0.06643356643356643
2 0.16600790513833993 0.3111888111888112 0.03359683794466403 0.05944055944055944
2 0.07608695652173914 0.3111888111888112 0.02766798418972332 0.045454545454545456
2 0.0266798418972332 0.33916083916083917 0.039525691699604744 0.05244755244755245
2 0.11561264822134387 0.291958041958042 0.02766798418972332 0.04195804195804196
2 0.5118577075098815 0.6381118881118881 0.16403162055335968 0.1888111888111888
2 0.7144268774703557 0.4825174825174825 0.08300395256916997 0.0944055944055944
2 0.7213438735177866 0.4318181818181818 0.09683794466403162 0.06993006993006994
2 0.782608695652174 0.4125874125874126 0.041501976284584984 0.05944055944055944
2 0.8458498023715415 0.41083916083916083 0.05731225296442688 0.055944055944055944
2 0.8883399209486166 0.45104895104895104 0.1067193675889328 0.08041958041958042
2 0.8527667984189723 0.3618881118881119 0.043478260869565216 0.04895104895104895
2 0.7648221343873518 0.3793706293706294 0.05731225296442688 0.06293706293706294
2 0.7302371541501976 0.32167832167832167 0.03162055335968379 0.038461538461538464
2 0.6057312252964426 0.3094405594405594 0.04743083003952569 0.04195804195804196
2 0.5345849802371542 0.29545454545454547 0.05138339920948617 0.03496503496503497
2 0.38537549407114624 0.2937062937062937 0.06126482213438735 0.038461538461538464
2 0.33300395256917 0.2867132867132867 0.04743083003952569 0.038461538461538464
2 0.35079051383399207 0.26223776223776224 0.04743083003952569 0.038461538461538464
2 0.39723320158102765 0.270979020979021 0.041501976284584984 0.027972027972027972
2 0.7776679841897233 0.2692307692307692 0.043478260869565216 0.03146853146853147
4 0.9071146245059288 0.34615384615384615 0.09683794466403162 0.10139860139860139
3 0.7895256916996047 0.3513986013986014 0.07509881422924901 0.07692307692307693
