2 0.40217391304347827 0.3881118881118881 0.17391304347826086 0.19230769230769232
2 0.1600790513833992 0.270979020979021 0.1324110671936759 0.13286713286713286
2 0.8794466403162056 0.8986013986013986 0.22332015810276679 0.1853146853146853
1 0.9693675889328063 0.8391608391608392 0.04743083003952569 0.08041958041958042
1 0.7124505928853755 0.9195804195804196 0.11857707509881422 0.14335664335664336
1 0.5207509881422925 0.5804195804195804 0.08695652173913043 0.17132867132867133
1 0.45553359683794464 0.6013986013986014 0.08300395256916997 0.19230769230769232
1 0.3814229249011858 0.6171328671328671 0.08102766798418973 0.18181818181818182
1 0.2974308300395257 0.4825174825174825 0.06719367588932806 0.15734265734265734
1 0.22628458498023715 0.5332167832167832 0.07509881422924901 0.16783216783216784
1 0.1966403162055336 0.40559440559440557 0.05533596837944664 0.13636363636363635
1 0.12845849802371542 0.4562937062937063 0.0533596837944664 0.14685314685314685
1 0.1482213438735178 0.3583916083916084 0.045454545454545456 0.1048951048951049
