1 0.5484189723320159 0.6206293706293706 0.08300395256916997 0.1888111888111888
1 0.33992094861660077 0.7097902097902098 0.09288537549407115 0.2062937062937063
1 0.30335968379446643 0.5402097902097902 0.06719367588932806 0.15384615384615385
1 0.15019762845849802 0.47027972027972026 0.06521739130434782 0.15384615384615385
1 0.19268774703557312 0.4388111888111888 0.06324110671936758 0.13986013986013987
1 0.9486166007905138 0.12937062937062938 0.017786561264822136 0.05244755244755245
1 0.9822134387351779 0.12762237762237763 0.017786561264822136 0.055944055944055944
1 0.9624505928853755 0.08216783216783216 0.017786561264822136 0.04895104895104895
1 0.9486166007905138 0.6678321678321678 0.08893280632411067 0.14335664335664336
0 0.6037549407114624 0.20454545454545456 0.019762845849802372 0.08391608391608392
0 0.6225296442687747 0.20454545454545456 0.017786561264822136 0.07692307692307693
2 0.5988142292490118 0.32867132867132864 0.14031620553359683 0.10839160839160839
2 0.8725296442687747 0.22202797202797203 0.06719367588932806 0.09090909090909091
2 0.9298418972332015 0.8426573426573427 0.13043478260869565 0.2972027972027972
2 0.3201581027667984 0.42132867132867136 0.18774703557312253 0.21678321678321677
2 0.17786561264822134 0.2867132867132867 0.1324110671936759 0.12937062937062938
0 0.2826086956521739 0.2744755244755245 0.029644268774703556 0.07692307692307693
