2 0.5059288537549407 0.6590909090909091 0.16403162055335968 0.11888111888111888
2 0.3132411067193676 0.5209790209790209 0.17786561264822134 0.1958041958041958
2 0.16996047430830039 0.31993006993006995 0.12450592885375494 0.10139860139860139
2 0.06027667984189723 0.22377622377622378 0.07905138339920949 0.08741258741258741
1 0.3191699604743083 0.5734265734265734 0.08300395256916997 0.19230769230769232
1 0.16106719367588934 0.36013986013986016 0.05533596837944664 0.14685314685314685
1 0.12450592885375494 0.29545454545454547 0.04940711462450593 0.11188811188811189
1 0.0533596837944664 0.2534965034965035 0.06126482213438735 0.10139860139860139
1 0.9407114624505929 0.8933566433566433 0.017786561264822136 0.055944055944055944
1 0.8675889328063241 0.8251748251748252 0.021739130434782608 0.06643356643356643
