1 0.2450592885375494 0.8846153846153846 0.09288537549407115 0.1853146853146853
1 0.274703557312253 0.5944055944055944 0.03359683794466403 0.12237762237762238
1 0.10573122529644269 0.5227272727272727 0.03162055335968379 0.1048951048951049
1 0.0266798418972332 0.43356643356643354 0.019762845849802372 0.08741258741258741
1 0.18774703557312253 0.42657342657342656 0.025691699604743084 0.08041958041958042
1 0.37549407114624506 0.7954545454545454 0.0533596837944664 0.16783216783216784
1 0.41798418972332013 0.9213286713286714 0.07509881422924901 0.13986013986013987
1 0.5385375494071146 0.9213286713286714 0.08300395256916997 0.13286713286713286
1 0.4980237154150198 0.7954545454545454 0.06521739130434782 0.16083916083916083
1 0.45454545454545453 0.743006993006993 0.0691699604743083 0.14685314685314685
1 0.6057312252964426 0.45454545454545453 0.04743083003952569 0.07342657342657342
1 0.650197628458498 0.4423076923076923 0.017786561264822136 0.06993006993006994
1 0.8181818181818182 0.46853146853146854 0.021739130434782608 0.08041958041958042
1 0.8310276679841897 0.5192307692307693 0.02766798418972332 0.09090909090909091
1 0.8774703557312253 0.4388111888111888 0.025691699604743084 0.07692307692307693
1 0.8814229249011858 0.3793706293706294 0.025691699604743084 0.055944055944055944
1 0.9357707509881423 0.3758741258741259 0.019762845849802372 0.055944055944055944
1 0.25691699604743085 0.3269230769230769 0.017786561264822136 0.055944055944055944
1 0.16699604743083005 0.40734265734265734 0.015810276679841896 0.06293706293706294
1 0.8270750988142292 0.34965034965034963 0.02766798418972332 0.05944055944055944
1 0.9624505928853755 0.3811188811188811 0.021739130434782608 0.05944055944055944
1 0.7440711462450593 0.40559440559440557 0.015810276679841896 0.06643356643356643
1 0.733201581027668 0.3793706293706294 0.017786561264822136 0.04895104895104895
1 0.34881422924901184 0.29895104895104896 0.019762845849802372 0.04195804195804196
1 0.3824110671936759 0.30244755244755245 0.023715415019762844 0.03496503496503497
2 0.35968379446640314 0.6730769230769231 0.18379446640316205 0.1888111888111888
2 0.7766798418972332 0.8548951048951049 0.21936758893280633 0.25874125874125875
2 0.0741106719367589 0.45454545454545453 0.08695652173913043 0.10839160839160839
2 0.11561264822134387 0.38986013986013984 0.05533596837944664 0.07692307692307693
2 0.116600790513834 0.3356643356643357 0.029644268774703556 0.045454545454545456
2 0.3577075098814229 0.4527972027972028 0.12845849802371542 0.0979020979020979
2 0.21442687747035574 0.3951048951048951 0.04743083003952569 0.07342657342657342
2 0.1590909090909091 0.34615384615384615 0.039525691699604744 0.07342657342657342
2 0.21541501976284586 0.3356643356643357 0.045454545454545456 0.045454545454545456
2 0.7114624505928854 0.43006993006993005 0.07312252964426877 0.07342657342657342
2 0.9525691699604744 0.32867132867132864 0.041501976284584984 0.045454545454545456
2 0.5721343873517787 0.29895104895104896 0.05138339920948617 0.03496503496503497
3 0.5948616600790514 0.2867132867132867 0.05731225296442688 0.045454545454545456
3 0.3142292490118577 0.2692307692307692 0.05731225296442688 0.05244755244755245
3 0.06324110671936758 0.3339160839160839 0.0533596837944664 0.11888111888111888
