2 0.18972332015810275 0.44755244755244755 0.08300395256916997 0.0944055944055944
2 0.14031620553359683 0.32867132867132864 0.0533596837944664 0.06643356643356643
2 0.10276679841897234 0.2902097902097902 0.041501976284584984 0.05244755244755245
2 0.039525691699604744 0.36013986013986016 0.06324110671936758 0.06643356643356643
2 0.045454545454545456 0.2867132867132867 0.02766798418972332 0.038461538461538464
2 0.5375494071146245 0.3916083916083916 0.11067193675889328 0.08041958041958042
2 0.733201581027668 0.34965034965034963 0.07114624505928854 0.06993006993006994
2 0.8320158102766798 0.32167832167832167 0.04940711462450593 0.05244755244755245
2 0.9110671936758893 0.3706293706293706 0.08102766798418973 0.05944055944055944
2 0.8814229249011858 0.2937062937062937 0.0533596837944664 0.04195804195804196
2 0.6877470355731226 0.2902097902097902 0.06126482213438735 0.038461538461538464
2 0.40711462450592883 0.2692307692307692 0.05731225296442688 0.038461538461538464
2 0.5138339920948617 0.2727272727272727 0.02766798418972332 0.038461538461538464
2 0.30237154150197626 0.2867132867132867 0.06324110671936758 0.04195804195804196
2 0.22134387351778656 0.2972027972027972 0.05533596837944664 0.04195804195804196
2 0.3438735177865613 0.2692307692307692 0.0533596837944664 0.03146853146853147
2 0.08300395256916997 0.28321678321678323 0.023715415019762844 0.038461538461538464
3 0.2984189723320158 0.5209790209790209 0.20355731225296442 0.23776223776223776
3 0.7371541501976284 0.2937062937062937 0.06324110671936758 0.06993006993006994
1 0.07509881422924901 0.46503496503496505 0.029644268774703556 0.0944055944055944
1 0.04940711462450593 0.4230769230769231 0.025691699604743084 0.10139860139860139
1 0.01383399209486166 0.43006993006993005 0.03359683794466403 0.08041958041958042
1 0.30434782608695654 0.4090909090909091 0.029644268774703556 0.08041958041958042
1 0.17391304347826086 0.486013986013986 0.03557312252964427 0.0979020979020979
1 0.5632411067193676 0.6328671328671329 0.0533596837944664 0.13986013986013987
1 0.43478260869565216 0.7377622377622378 0.07312252964426877 0.15734265734265734
1 0.49407114624505927 0.4405594405594406 0.05138339920948617 0.08741258741258741
1 0.5632411067193676 0.4230769230769231 0.04743083003952569 0.08391608391608392
1 0.6521739130434783 0.44755244755244755 0.041501976284584984 0.08041958041958042
1 0.7845849802371542 0.46503496503496505 0.029644268774703556 0.10139860139860139
1 0.7549407114624506 0.3881118881118881 0.019762845849802372 0.06993006993006994
1 0.8241106719367589 0.36713286713286714 0.023715415019762844 0.06293706293706294
1 0.8537549407114624 0.36363636363636365 0.025691699604743084 0.055944055944055944
1 0.8794466403162056 0.3181818181818182 0.015810276679841896 0.04895104895104895
1 0.8972332015810277 0.32517482517482516 0.01383399209486166 0.04895104895104895
1 0.191699604743083 0.25874125874125875 0.017786561264822136 0.04195804195804196
1 0.11264822134387352 0.35664335664335667 0.017786561264822136 0.055944055944055944
1 0.10276679841897234 0.32867132867132864 0.011857707509881422 0.055944055944055944
1 0.2707509881422925 0.5734265734265734 0.029644268774703556 0.12937062937062938
4 0.5474308300395256 0.26573426573426573 0.07312252964426877 0.05944055944055944
