1 0.42292490118577075 0.5034965034965035 0.04743083003952569 0.12237762237762238
1 0.41106719367588934 0.6363636363636364 0.0533596837944664 0.15384615384615385
1 0.36363636363636365 0.548951048951049 0.037549407114624504 0.1258741258741259
1 0.31225296442687744 0.5034965034965035 0.043478260869565216 0.11538461538461539
1 0.3102766798418972 0.6433566433566433 0.0533596837944664 0.16433566433566432
1 0.2707509881422925 0.7307692307692307 0.04940711462450593 0.18181818181818182
1 0.24110671936758893 0.6363636363636364 0.037549407114624504 0.13286713286713286
1 0.35375494071146246 0.7937062937062938 0.08498023715415019 0.19230769230769232
1 0.541501976284585 0.5734265734265734 0.043478260869565216 0.1258741258741259
1 0.6185770750988142 0.5769230769230769 0.039525691699604744 0.1258741258741259
1 0.6521739130434783 0.6818181818181818 0.05731225296442688 0.14685314685314685
1 0.7154150197628458 0.6223776223776224 0.043478260869565216 0.1258741258741259
1 0.5810276679841897 0.5314685314685315 0.037549407114624504 0.1048951048951049
1 0.5335968379446641 0.4405594405594406 0.043478260869565216 0.09090909090909091
1 0.5474308300395256 0.3986013986013986 0.043478260869565216 0.06993006993006994
1 0.6027667984189723 0.479020979020979 0.03359683794466403 0.08391608391608392
1 0.6640316205533597 0.4825174825174825 0.037549407114624504 0.09090909090909091
1 0.7075098814229249 0.506993006993007 0.041501976284584984 0.10139860139860139
1 0.6818181818181818 0.45104895104895104 0.023715415019762844 0.08041958041958042
1 0.7430830039525692 0.43006993006993005 0.02766798418972332 0.08741258741258741
1 0.6482213438735178 0.3951048951048951 0.029644268774703556 0.05244755244755245
1 0.6739130434782609 0.3776223776223776 0.025691699604743084 0.055944055944055944
1 0.7747035573122529 0.36363636363636365 0.021739130434782608 0.04895104895104895
1 0.7964426877470355 0.38461538461538464 0.015810276679841896 0.06293706293706294
1 0.808300395256917 0.34615384615384615 0.025691699604743084 0.05944055944055944
1 0.8735177865612648 0.4160839160839161 0.021739130434782608 0.06993006993006994
1 0.8675889328063241 0.46153846153846156 0.025691699604743084 0.07342657342657342
1 0.9051383399209486 0.34615384615384615 0.023715415019762844 0.05944055944055944
1 0.9229249011857708 0.3986013986013986 0.021739130434782608 0.06993006993006994
1 0.6936758893280632 0.2972027972027972 0.03162055335968379 0.05244755244755245
1 0.6521739130434783 0.2937062937062937 0.023715415019762844 0.04195804195804196
1 0.5889328063241107 0.28321678321678323 0.029644268774703556 0.03496503496503497
1 0.7529644268774703 0.2937062937062937 0.03359683794466403 0.038461538461538464
1 0.7964426877470355 0.2902097902097902 0.02766798418972332 0.03496503496503497
1 0.8438735177865613 0.2902097902097902 0.029644268774703556 0.03496503496503497
1 0.9308300395256917 0.2902097902097902 0.025691699604743084 0.038461538461538464
1 0.424901185770751 0.3951048951048951 0.04743083003952569 0.06293706293706294
1 0.383399209486166 0.38461538461538464 0.045454545454545456 0.08041958041958042
1 0.3339920948616601 0.38461538461538464 0.04940711462450593 0.07692307692307693
1 0.233201581027668 0.3776223776223776 0.021739130434782608 0.07692307692307693
1 0.16600790513833993 0.34615384615384615 0.017786561264822136 0.06643356643356643
1 0.16798418972332016 0.3041958041958042 0.019762845849802372 0.04195804195804196
1 0.14031620553359683 0.2972027972027972 0.025691699604743084 0.06993006993006994
1 0.11462450592885376 0.34265734265734266 0.023715415019762844 0.055944055944055944
1 0.10869565217391304 0.32867132867132864 0.015810276679841896 0.04895104895104895
1 0.08695652173913043 0.3146853146853147 0.019762845849802372 0.06293706293706294
1 0.06521739130434782 0.36013986013986016 0.021739130434782608 0.06293706293706294
1 0.33201581027667987 0.27972027972027974 0.019762845849802372 0.04195804195804196
1 0.34980237154150196 0.2867132867132867 0.023715415019762844 0.03496503496503497
1 0.3675889328063241 0.25524475524475526 0.02766798418972332 0.03496503496503497
1 0.22332015810276679 0.25874125874125875 0.015810276679841896 0.03146853146853147
1 0.1857707509881423 0.26223776223776224 0.019762845849802372 0.027972027972027972
1 0.14031620553359683 0.24475524475524477 0.021739130434782608 0.038461538461538464
1 0.045454545454545456 0.26573426573426573 0.021739130434782608 0.03496503496503497
2 0.007905138339920948 0.7727272727272727 0.12648221343873517 0.20279720279720279
2 0.6047430830039525 0.44405594405594406 0.07509881422924901 0.08391608391608392
2 0.7075098814229249 0.36713286713286714 0.06719367588932806 0.08391608391608392
2 0.4209486166007905 0.28321678321678323 0.05138339920948617 0.027972027972027972
2 0.2707509881422925 0.2902097902097902 0.05533596837944664 0.038461538461538464
2 0.07114624505928854 0.2692307692307692 0.025691699604743084 0.038461538461538464
2 0.07312252964426877 0.23426573426573427 0.021739130434782608 0.03146853146853147
2 0.043478260869565216 0.22377622377622378 0.017786561264822136 0.027972027972027972
2 0.5395256916996047 0.2692307692307692 0.043478260869565216 0.04195804195804196
2 0.7569169960474308 0.25524475524475526 0.045454545454545456 0.04195804195804196
