1 0.7608695652173914 0.8146853146853147 0.13438735177865613 0.17832167832167833
1 0.5553359683794467 0.6608391608391608 0.10869565217391304 0.22377622377622378
1 0.5158102766798419 0.7482517482517482 0.11264822134387352 0.24125874125874125
1 0.3932806324110672 0.5874125874125874 0.09288537549407115 0.21678321678321677
1 0.18972332015810275 0.5 0.06324110671936758 0.1993006993006993
1 0.06719367588932806 0.3776223776223776 0.05928853754940711 0.15384615384615385
1 0.1541501976284585 0.3916083916083916 0.0533596837944664 0.13636363636363635
2 0.2450592885375494 0.26223776223776224 0.17193675889328064 0.17832167832167833
2 0.13438735177865613 0.2972027972027972 0.16996047430830039 0.20279720279720279
1 0.8715415019762845 0.16083916083916083 0.03162055335968379 0.0979020979020979
1 0.924901185770751 0.13986013986013987 0.023715415019762844 0.07342657342657342
