1 0.4189723320158103 0.5804195804195804 0.09090909090909091 0.1993006993006993
1 0.7490118577075099 0.8356643356643356 0.15217391304347827 0.15734265734265734
1 0.26679841897233203 0.6013986013986014 0.08498023715415019 0.2202797202797203
1 0.21541501976284586 0.479020979020979 0.06521739130434782 0.15384615384615385
1 0.23122529644268774 0.4195804195804196 0.05731225296442688 0.16083916083916083
1 0.16205533596837945 0.36363636363636365 0.0533596837944664 0.13636363636363635
1 0.08498023715415019 0.3916083916083916 0.05533596837944664 0.15034965034965034
1 0.08498023715415019 0.3041958041958042 0.045454545454545456 0.1048951048951049
1 0.0691699604743083 0.3356643356643357 0.03557312252964427 0.08741258741258741
2 0.4505928853754941 0.3006993006993007 0.18972332015810275 0.13636363636363635
2 0.22727272727272727 0.2972027972027972 0.2015810276679842 0.20279720279720279
2 0.15612648221343872 0.22377622377622378 0.1442687747035573 0.12237762237762238
2 0.03557312252964427 0.17482517482517482 0.10276679841897234 0.11888111888111888
1 0.5118577075098815 0.25524475524475526 0.023715415019762844 0.045454545454545456
1 0.4762845849802372 0.25524475524475526 0.021739130434782608 0.06643356643356643
1 0.9110671936758893 0.10139860139860139 0.015810276679841896 0.06293706293706294
0 0.6996047430830039 0.0944055944055944 0.017786561264822136 0.05944055944055944
