1 0.16403162055335968 0.6608391608391608 0.07707509881422925 0.22727272727272727
1 0.2648221343873518 0.6258741258741258 0.06324110671936758 0.19230769230769232
1 0.35968379446640314 0.5979020979020979 0.06126482213438735 0.17132867132867133
1 0.43478260869565216 0.47202797202797203 0.041501976284584984 0.16083916083916083
1 0.48616600790513836 0.5524475524475524 0.039525691699604744 0.16783216783216784
1 0.42292490118577075 0.43006993006993005 0.03359683794466403 0.13636363636363635
1 0.0533596837944664 0.32867132867132864 0.029644268774703556 0.0979020979020979
1 0.4723320158102767 0.3916083916083916 0.02766798418972332 0.11188811188811189
1 0.424901185770751 0.35664335664335667 0.05731225296442688 0.0979020979020979
1 0.5454545454545454 0.36713286713286714 0.05731225296442688 0.0979020979020979
1 0.525691699604743 0.33916083916083917 0.045454545454545456 0.07692307692307693
1 0.49209486166007904 0.3041958041958042 0.029644268774703556 0.08041958041958042
1 0.44664031620553357 0.3006993006993007 0.03557312252964427 0.08041958041958042
1 0.7924901185770751 0.3881118881118881 0.06324110671936758 0.10139860139860139
1 0.9407114624505929 0.42657342657342656 0.05533596837944664 0.10839160839160839
1 0.08695652173913043 0.24825174825174826 0.029644268774703556 0.07342657342657342
1 0.13043478260869565 0.26573426573426573 0.023715415019762844 0.06293706293706294
1 0.16996047430830039 0.2902097902097902 0.023715415019762844 0.06993006993006994
1 0.21146245059288538 0.2972027972027972 0.025691699604743084 0.08391608391608392
1 0.025691699604743084 0.23776223776223776 0.019762845849802372 0.05944055944055944
1 0.043478260869565216 0.22727272727272727 0.021739130434782608 0.055944055944055944
1 0.3201581027667984 0.26223776223776224 0.023715415019762844 0.06293706293706294
1 0.233201581027668 0.26223776223776224 0.023715415019762844 0.07692307692307693
2 0.037549407114624504 0.20279720279720279 0.06126482213438735 0.055944055944055944
2 0.3102766798418972 0.22727272727272727 0.07707509881422925 0.06993006993006994
2 0.16403162055335968 0.21678321678321677 0.07707509881422925 0.06643356643356643
2 0.20355731225296442 0.19230769230769232 0.05928853754940711 0.04895104895104895
2 0.274703557312253 0.1853146853146853 0.06126482213438735 0.045454545454545456
2 0.3814229249011858 0.25874125874125875 0.07905138339920949 0.06643356643356643
2 0.4051383399209486 0.1993006993006993 0.04743083003952569 0.05244755244755245
2 0.44664031620553357 0.17832167832167833 0.03359683794466403 0.04895104895104895
2 0.48221343873517786 0.24825174825174826 0.04940711462450593 0.0979020979020979
2 0.4426877470355731 0.23076923076923078 0.04940711462450593 0.08391608391608392
2 0.5177865612648221 0.24475524475524477 0.03359683794466403 0.06643356643356643
2 0.4683794466403162 0.2062937062937063 0.06719367588932806 0.045454545454545456
2 0.5513833992094862 0.2727272727272727 0.05731225296442688 0.1048951048951049
2 0.6324110671936759 0.3356643356643357 0.09683794466403162 0.11888111888111888
2 0.5237154150197628 0.1853146853146853 0.05533596837944664 0.045454545454545456
2 0.6600790513833992 0.21328671328671328 0.06126482213438735 0.038461538461538464
2 0.2648221343873518 0.27972027972027974 0.06719367588932806 0.07692307692307693
3 0.22727272727272727 0.3706293706293706 0.14031620553359683 0.2867132867132867
1 0.8715415019762845 0.3776223776223776 0.06324110671936758 0.10839160839160839
1 0.6086956521739131 0.1958041958041958 0.029644268774703556 0.06293706293706294
1 0.3932806324110672 0.17832167832167833 0.017786561264822136 0.04195804195804196
