1 0.9357707509881423 0.5821678321678322 0.1067193675889328 0.17482517482517482
1 0.8517786561264822 0.6153846153846154 0.11264822134387352 0.16433566433566432
1 0.7371541501976284 0.701048951048951 0.1324110671936759 0.18181818181818182
1 0.6195652173913043 0.5874125874125874 0.10276679841897234 0.16433566433566432
1 0.516798418972332 0.5856643356643356 0.09881422924901186 0.16783216783216784
1 0.6432806324110671 0.479020979020979 0.08695652173913043 0.15034965034965034
1 0.658102766798419 0.42832167832167833 0.08102766798418973 0.13286713286713286
1 0.5405138339920948 0.5 0.08695652173913043 0.15034965034965034
1 0.475296442687747 0.42482517482517484 0.07114624505928854 0.13286713286713286
1 0.5207509881422925 0.40034965034965037 0.06324110671936758 0.11188811188811189
1 0.42391304347826086 0.486013986013986 0.07905138339920949 0.14335664335664336
1 0.36561264822134387 0.5244755244755245 0.07707509881422925 0.15734265734265734
1 0.3715415019762846 0.40734265734265734 0.07312252964426877 0.1258741258741259
1 0.3310276679841897 0.36538461538461536 0.05138339920948617 0.11188811188811189
1 0.3221343873517787 0.32517482517482516 0.045454545454545456 0.10139860139860139
1 0.1432806324110672 0.42657342657342656 0.05928853754940711 0.12237762237762238
1 0.7104743083003953 0.26573426573426573 0.04743083003952569 0.12237762237762238
1 0.8913043478260869 0.29895104895104896 0.03359683794466403 0.13286713286713286
1 0.7677865612648221 0.21678321678321677 0.023715415019762844 0.0944055944055944
1 0.24802371541501977 0.4370629370629371 0.043478260869565216 0.08741258741258741
1 0.30237154150197626 0.4458041958041958 0.0533596837944664 0.1258741258741259
1 0.08399209486166008 0.3793706293706294 0.05138339920948617 0.1258741258741259
2 0.14525691699604742 0.8094405594405595 0.2766798418972332 0.34965034965034963
2 0.22826086956521738 0.5716783216783217 0.1857707509881423 0.20279720279720279
2 0.7954545454545454 0.8828671328671329 0.391304347826087 0.2097902097902098
2 0.924901185770751 0.229020979020979 0.06521739130434782 0.11188811188811189
2 0.8191699604743083 0.2395104895104895 0.09486166007905138 0.13286713286713286
2 0.8646245059288538 0.1853146853146853 0.05138339920948617 0.07342657342657342
2 0.8794466403162056 0.13111888111888112 0.04940711462450593 0.06993006993006994
2 0.8952569169960475 0.09090909090909091 0.0533596837944664 0.05244755244755245
2 0.9496047430830039 0.1590909090909091 0.05533596837944664 0.0979020979020979
2 0.9723320158102767 0.08566433566433566 0.045454545454545456 0.06293706293706294
1 0.18675889328063242 0.3339160839160839 0.05138339920948617 0.11188811188811189
1 0.25592885375494073 0.32867132867132864 0.04743083003952569 0.08741258741258741
