1 0.525691699604743 0.31993006993006995 0.037549407114624504 0.1258741258741259
1 0.3092885375494071 0.3269230769230769 0.05138339920948617 0.1258741258741259
1 0.2727272727272727 0.3776223776223776 0.05731225296442688 0.12237762237762238
1 0.24703557312252963 0.48426573426573427 0.06521739130434782 0.14685314685314685
1 0.14031620553359683 0.40734265734265734 0.05731225296442688 0.13986013986013987
1 0.16897233201581027 0.36538461538461536 0.043478260869565216 0.13286713286713286
1 0.09387351778656126 0.3513986013986014 0.043478260869565216 0.11888111888111888
1 0.12450592885375494 0.26223776223776224 0.037549407114624504 0.0944055944055944
1 0.18675889328063242 0.2762237762237762 0.043478260869565216 0.10839160839160839
1 0.18873517786561264 0.3374125874125874 0.039525691699604744 0.11188811188811189
1 0.2341897233201581 0.31993006993006995 0.043478260869565216 0.0979020979020979
1 0.817193675889328 0.2867132867132867 0.03162055335968379 0.11538461538461539
1 0.775691699604743 0.24125874125874125 0.03162055335968379 0.0944055944055944
1 0.7470355731225297 0.23251748251748253 0.025691699604743084 0.0979020979020979
1 0.7282608695652174 0.23076923076923078 0.019762845849802372 0.10139860139860139
1 0.708498023715415 0.22202797202797203 0.023715415019762844 0.0979020979020979
1 0.8932806324110671 0.19055944055944055 0.021739130434782608 0.09090909090909091
1 0.5306324110671937 0.26223776223776224 0.03162055335968379 0.08741258741258741
2 0.7737154150197628 0.6433566433566433 0.30434782608695654 0.2902097902097902
2 0.5632411067193676 0.7465034965034965 0.32608695652173914 0.34265734265734266
2 0.21442687747035574 0.8356643356643356 0.2648221343873518 0.3111888111888112
2 0.8448616600790514 0.22727272727272727 0.07509881422924901 0.11538461538461539
2 0.8547430830039525 0.14335664335664336 0.05928853754940711 0.08741258741258741
2 0.924901185770751 0.04895104895104895 0.03359683794466403 0.05944055944055944
2 0.9644268774703557 0.40734265734265734 0.001976284584980237 0.006993006993006993
2 0.9515810276679841 0.13286713286713286 0.04743083003952569 0.045454545454545456
2 0.9565217391304348 0.0979020979020979 0.041501976284584984 0.038461538461538464
3 0.9278656126482213 0.2202797202797203 0.08300395256916997 0.17132867132867133
3 0.045454545454545456 0.3531468531468531 0.07707509881422925 0.21328671328671328
