1 0.44861660079051385 0.541958041958042 0.06521739130434782 0.2062937062937063
1 0.5098814229249012 0.40559440559440557 0.037549407114624504 0.16783216783216784
1 0.5 0.3146853146853147 0.0533596837944664 0.13636363636363635
1 0.758893280632411 0.2517482517482518 0.029644268774703556 0.0944055944055944
1 0.7094861660079052 0.1958041958041958 0.037549407114624504 0.09090909090909091
1 0.7252964426877471 0.24475524475524477 0.029644268774703556 0.08741258741258741
1 0.041501976284584984 0.18181818181818182 0.037549407114624504 0.0944055944055944
1 0.41106719367588934 0.42657342657342656 0.08102766798418973 0.16433566433566432
0 0.3458498023715415 0.4125874125874126 0.041501976284584984 0.17132867132867133
2 0.8043478260869565 0.20279720279720279 0.07114624505928854 0.1258741258741259
2 0.8142292490118577 0.12237762237762238 0.0691699604743083 0.08741258741258741
2 0.8992094861660079 0.1258741258741259 0.07114624505928854 0.11188811188811189
2 0.9288537549407114 0.07692307692307693 0.0533596837944664 0.07342657342657342
2 0.9367588932806324 0.03496503496503497 0.04743083003952569 0.06643356643356643
2 0.8952569169960475 0.03146853146853147 0.041501976284584984 0.05244755244755245
2 0.6086956521739131 0.2727272727272727 0.14624505928853754 0.15384615384615385
4 0.6047430830039525 0.3076923076923077 0.29446640316205536 0.6818181818181818
2 0.8537549407114624 0.06643356643356643 0.045454545454545456 0.06993006993006994
