2 0.7233201581027668 0.33916083916083917 0.116600790513834 0.16783216783216784
2 0.15019762845849802 0.7062937062937062 0.32806324110671936 0.28321678321678323
2 0.7312252964426877 0.1888111888111888 0.07509881422924901 0.0979020979020979
2 0.8320158102766798 0.1853146853146853 0.07114624505928854 0.0979020979020979
2 0.8794466403162056 0.055944055944055944 0.03162055335968379 0.04895104895104895
2 0.09486166007905138 0.1993006993006993 0.06521739130434782 0.08391608391608392
1 0.6205533596837944 0.3356643356643357 0.037549407114624504 0.14335664335664336
1 0.7747035573122529 0.6713286713286714 0.05731225296442688 0.21678321678321677
1 0.6284584980237155 0.7762237762237763 0.07905138339920949 0.21678321678321677
1 0.8557312252964426 0.46853146853146854 0.04940711462450593 0.17132867132867133
1 0.8754940711462451 0.34265734265734266 0.03359683794466403 0.1258741258741259
1 0.8913043478260869 0.2902097902097902 0.03359683794466403 0.08741258741258741
1 0.9110671936758893 0.21678321678321677 0.025691699604743084 0.08741258741258741
1 0.9426877470355731 0.19230769230769232 0.03162055335968379 0.08741258741258741
1 0.9051383399209486 0.12237762237762238 0.021739130434782608 0.07342657342657342
1 0.9466403162055336 0.15034965034965034 0.023715415019762844 0.04895104895104895
1 0.9466403162055336 0.10839160839160839 0.021739130434782608 0.045454545454545456
1 0.9229249011857708 0.10839160839160839 0.019762845849802372 0.05244755244755245
1 0.9387351778656127 0.06643356643356643 0.017786561264822136 0.04195804195804196
1 0.9624505928853755 0.07692307692307693 0.015810276679841896 0.038461538461538464
1 0.958498023715415 0.055944055944055944 0.011857707509881422 0.038461538461538464
1 0.8774703557312253 0.08041958041958042 0.023715415019762844 0.06293706293706294
1 0.22924901185770752 0.1258741258741259 0.04743083003952569 0.07342657342657342
1 0.116600790513834 0.24125874125874125 0.04743083003952569 0.1048951048951049
1 0.07312252964426877 0.2692307692307692 0.04743083003952569 0.09090909090909091
