1 0.21146245059288538 0.6223776223776224 0.037549407114624504 0.12237762237762238
1 0.2598814229249012 0.5909090909090909 0.043478260869565216 0.12937062937062938
1 0.35968379446640314 0.5944055944055944 0.041501976284584984 0.12937062937062938
1 0.29545454545454547 0.5297202797202797 0.03557312252964427 0.0979020979020979
1 0.2598814229249012 0.48426573426573427 0.03162055335968379 0.09090909090909091
1 0.19367588932806323 0.5367132867132867 0.037549407114624504 0.09090909090909091
1 0.2974308300395257 0.4562937062937063 0.023715415019762844 0.06293706293706294
1 0.21047430830039526 0.4597902097902098 0.03557312252964427 0.09090909090909091
1 0.1857707509881423 0.43006993006993005 0.025691699604743084 0.07342657342657342
1 0.10375494071146245 0.44405594405594406 0.023715415019762844 0.08741258741258741
1 0.08300395256916997 0.42657342657342656 0.021739130434782608 0.08741258741258741
1 0.058300395256917 0.4318181818181818 0.019762845849802372 0.07692307692307693
1 0.2509881422924901 0.9423076923076923 0.0533596837944664 0.0979020979020979
1 0.4891304347826087 0.958041958041958 0.08300395256916997 0.07342657342657342
1 0.5553359683794467 0.8199300699300699 0.06521739130434782 0.13986013986013987
1 0.6007905138339921 0.8601398601398601 0.07707509881422925 0.16433566433566432
1 0.8646245059288538 0.9248251748251748 0.09090909090909091 0.1258741258741259
1 0.4990118577075099 0.5559440559440559 0.039525691699604744 0.10139860139860139
1 0.5523715415019763 0.5192307692307693 0.043478260869565216 0.0979020979020979
1 0.650197628458498 0.6013986013986014 0.05731225296442688 0.11538461538461539
1 0.5780632411067194 0.43356643356643354 0.043478260869565216 0.08041958041958042
1 0.7154150197628458 0.46678321678321677 0.041501976284584984 0.09090909090909091
1 0.6739130434782609 0.5087412587412588 0.04940711462450593 0.08391608391608392
1 0.8695652173913043 0.5699300699300699 0.03359683794466403 0.10839160839160839
1 0.817193675889328 0.44405594405594406 0.03162055335968379 0.07342657342657342
1 0.8715415019762845 0.4423076923076923 0.037549407114624504 0.06993006993006994
1 0.7519762845849802 0.38986013986013984 0.019762845849802372 0.055944055944055944
1 0.7391304347826086 0.36363636363636365 0.017786561264822136 0.05944055944055944
1 0.8181818181818182 0.36713286713286714 0.021739130434782608 0.05244755244755245
1 0.825098814229249 0.34265734265734266 0.023715415019762844 0.05244755244755245
1 0.8507905138339921 0.3479020979020979 0.023715415019762844 0.04895104895104895
1 0.9189723320158103 0.3793706293706294 0.021739130434782608 0.04895104895104895
1 0.9654150197628458 0.4090909090909091 0.019762845849802372 0.05944055944055944
1 0.9575098814229249 0.35664335664335667 0.019762845849802372 0.05244755244755245
1 0.9802371541501976 0.3548951048951049 0.01383399209486166 0.04895104895104895
1 0.6798418972332015 0.32342657342657344 0.017786561264822136 0.04195804195804196
1 0.13537549407114624 0.4125874125874126 0.015810276679841896 0.06643356643356643
1 0.08992094861660078 0.3321678321678322 0.019762845849802372 0.05244755244755245
1 0.07608695652173914 0.30244755244755245 0.015810276679841896 0.03496503496503497
1 0.16403162055335968 0.3618881118881119 0.01383399209486166 0.06293706293706294
1 0.14525691699604742 0.36013986013986016 0.015810276679841896 0.05244755244755245
1 0.2994071146245059 0.3129370629370629 0.023715415019762844 0.04195804195804196
1 0.3142292490118577 0.29895104895104896 0.021739130434782608 0.04195804195804196
1 0.34189723320158105 0.291958041958042 0.021739130434782608 0.03496503496503497
2 0.4397233201581028 0.4405594405594406 0.11462450592885376 0.08741258741258741
2 0.6818181818181818 0.43356643356643354 0.10474308300395258 0.07342657342657342
2 0.5978260869565217 0.29895104895104896 0.04743083003952569 0.03496503496503497
2 0.6719367588932806 0.3006993006993007 0.06126482213438735 0.045454545454545456
2 0.8547430830039525 0.31643356643356646 0.06324110671936758 0.04195804195804196
2 0.9407114624505929 0.3339160839160839 0.045454545454545456 0.04195804195804196
2 0.3922924901185771 0.29545454545454547 0.06324110671936758 0.04195804195804196
2 0.29051383399209485 0.2692307692307692 0.037549407114624504 0.03146853146853147
2 0.12450592885375494 0.38286713286713286 0.045454545454545456 0.06293706293706294
2 0.20948616600790515 0.3479020979020979 0.029644268774703556 0.055944055944055944
2 0.06027667984189723 0.3986013986013986 0.04743083003952569 0.08041958041958042
2 0.05138339920948617 0.3479020979020979 0.041501976284584984 0.055944055944055944
2 0.0741106719367589 0.26223776223776224 0.023715415019762844 0.045454545454545456
2 0.09090909090909091 0.24825174825174826 0.021739130434782608 0.038461538461538464
2 0.11363636363636363 0.26048951048951047 0.023715415019762844 0.04195804195804196
2 0.1482213438735178 0.2744755244755245 0.029644268774703556 0.04895104895104895
