1 0.7470355731225297 0.6958041958041958 0.1422924901185771 0.21678321678321677
1 0.8893280632411067 0.6468531468531469 0.10474308300395258 0.19230769230769232
1 0.8043478260869565 0.5104895104895105 0.116600790513834 0.16083916083916083
1 0.8952569169960475 0.479020979020979 0.07509881422924901 0.15734265734265734
1 0.6996047430830039 0.3881118881118881 0.08300395256916997 0.15034965034965034
1 0.5948616600790514 0.44755244755244755 0.09090909090909091 0.15384615384615385
1 0.541501976284585 0.3776223776223776 0.07905138339920949 0.13286713286713286
1 0.7035573122529645 0.2097902097902098 0.03162055335968379 0.11538461538461539
1 0.6857707509881423 0.1888111888111888 0.029644268774703556 0.11538461538461539
1 0.8478260869565217 0.2692307692307692 0.07114624505928854 0.11888111888111888
1 0.5237154150197628 0.26573426573426573 0.0533596837944664 0.11538461538461539
1 0.5237154150197628 0.1993006993006993 0.02766798418972332 0.1048951048951049
1 0.39920948616600793 0.34265734265734266 0.07312252964426877 0.13636363636363635
1 0.4881422924901186 0.506993006993007 0.07509881422924901 0.17132867132867133
1 0.32806324110671936 0.3776223776223776 0.07114624505928854 0.12937062937062938
1 0.34980237154150196 0.2867132867132867 0.05928853754940711 0.11188811188811189
1 0.2549407114624506 0.26223776223776224 0.037549407114624504 0.09090909090909091
1 0.274703557312253 0.2867132867132867 0.039525691699604744 0.10139860139860139
1 0.2865612648221344 0.3146853146853147 0.03359683794466403 0.10139860139860139
1 0.2964426877470356 0.34615384615384615 0.04743083003952569 0.1048951048951049
1 0.24703557312252963 0.3986013986013986 0.06719367588932806 0.11888111888111888
1 0.20948616600790515 0.5454545454545454 0.06719367588932806 0.17482517482517482
1 0.11462450592885376 0.5034965034965035 0.06521739130434782 0.13636363636363635
1 0.019762845849802372 0.46503496503496505 0.045454545454545456 0.15384615384615385
1 0.1422924901185771 0.27972027972027974 0.041501976284584984 0.11538461538461539
1 0.07509881422924901 0.2972027972027972 0.039525691699604744 0.08741258741258741
1 0.19367588932806323 0.26573426573426573 0.03557312252964427 0.0979020979020979
1 0.20553359683794467 0.32517482517482516 0.041501976284584984 0.15034965034965034
1 0.041501976284584984 0.25874125874125875 0.03359683794466403 0.08741258741258741
1 0.07707509881422925 0.2202797202797203 0.03359683794466403 0.08741258741258741
3 0.8478260869565217 0.04195804195804196 0.1442687747035573 0.3041958041958042
2 0.22924901185770752 0.7307692307692307 0.3932806324110672 0.26223776223776224
2 0.25296442687747034 0.5 0.2628458498023715 0.25874125874125875
2 0.007905138339920948 0.583916083916084 0.23517786561264822 0.32167832167832167
2 0.03162055335968379 0.36363636363636365 0.18379446640316205 0.17482517482517482
2 0.741106719367589 0.14685314685314685 0.06719367588932806 0.13286713286713286
2 0.8241106719367589 0.13636363636363635 0.045454545454545456 0.1048951048951049
2 0.8537549407114624 0.07342657342657342 0.045454545454545456 0.06643356643356643
