1 0.7806324110671937 0.5786713286713286 0.116600790513834 0.16783216783216784
1 0.8330039525691699 0.5297202797202797 0.07114624505928854 0.15384615384615385
1 0.9288537549407114 0.7290209790209791 0.12845849802371542 0.1888111888111888
1 0.3932806324110672 0.5104895104895105 0.08102766798418973 0.15734265734265734
1 0.532608695652174 0.44755244755244755 0.07905138339920949 0.14335664335664336
1 0.48122529644268774 0.39335664335664333 0.06719367588932806 0.11888111888111888
1 0.7213438735177866 0.24825174825174826 0.025691699604743084 0.10839160839160839
1 0.8201581027667985 0.2534965034965035 0.029644268774703556 0.11188811188811189
1 0.782608695652174 0.26223776223776224 0.025691699604743084 0.10839160839160839
1 0.7628458498023716 0.24825174825174826 0.025691699604743084 0.10139860139860139
1 0.7569169960474308 0.16433566433566432 0.021739130434782608 0.0944055944055944
1 0.7598814229249012 0.21328671328671328 0.02766798418972332 0.0944055944055944
1 0.8053359683794467 0.13286713286713286 0.023715415019762844 0.08041958041958042
1 0.9436758893280632 0.3531468531468531 0.043478260869565216 0.12937062937062938
2 0.6719367588932806 0.8129370629370629 0.32608695652173914 0.32167832167832167
2 0.09090909090909091 0.43356643356643354 0.1600790513833992 0.19230769230769232
2 0.9288537549407114 0.21853146853146854 0.0691699604743083 0.1258741258741259
2 0.9426877470355731 0.13986013986013987 0.06126482213438735 0.12237762237762238
2 0.3468379446640316 0.9020979020979021 0.3794466403162055 0.17832167832167833
4 0.8448616600790514 0.1486013986013986 0.08300395256916997 0.16083916083916083
2 0.043478260869565216 0.5751748251748252 0.07312252964426877 0.17482517482517482
3 0.26877470355731226 0.3269230769230769 0.3300395256916996 0.3146853146853147
