1 0.06324110671936758 0.3513986013986014 0.04940711462450593 0.11888111888111888
1 0.09486166007905138 0.3006993006993007 0.041501976284584984 0.10839160839160839
1 0.1551383399209486 0.36363636363636365 0.05138339920948617 0.10839160839160839
1 0.13142292490118576 0.3269230769230769 0.03162055335968379 0.09090909090909091
1 0.07015810276679842 0.4965034965034965 0.05928853754940711 0.14335664335664336
1 0.023715415019762844 0.40559440559440557 0.03359683794466403 0.12237762237762238
1 0.03162055335968379 0.30244755244755245 0.029644268774703556 0.09090909090909091
1 0.42391304347826086 0.49475524475524474 0.08300395256916997 0.14685314685314685
1 0.475296442687747 0.45104895104895104 0.07114624505928854 0.13636363636363635
1 0.4090909090909091 0.34440559440559443 0.07312252964426877 0.11888111888111888
1 0.36462450592885376 0.4405594405594406 0.07114624505928854 0.12937062937062938
1 0.31620553359683795 0.3881118881118881 0.045454545454545456 0.10139860139860139
1 0.22924901185770752 0.34965034965034963 0.0533596837944664 0.08741258741258741
1 0.6630434782608695 0.26223776223776224 0.03162055335968379 0.10139860139860139
1 0.532608695652174 0.2517482517482518 0.03162055335968379 0.10139860139860139
1 0.5009881422924901 0.2062937062937063 0.03557312252964427 0.07342657342657342
1 0.7490118577075099 0.30244755244755245 0.03359683794466403 0.11188811188811189
1 0.7430830039525692 0.22552447552447552 0.025691699604743084 0.09090909090909091
1 0.941699604743083 0.5891608391608392 0.1067193675889328 0.13986013986013987
1 0.9061264822134387 0.7657342657342657 0.1383399209486166 0.19230769230769232
1 0.8636363636363636 0.8286713286713286 0.1442687747035573 0.21328671328671328
1 0.8152173913043478 0.6590909090909091 0.11857707509881422 0.16783216783216784
1 0.7677865612648221 0.5716783216783217 0.11067193675889328 0.14685314685314685
1 0.6541501976284585 0.6048951048951049 0.06126482213438735 0.17132867132867133
1 0.5820158102766798 0.6136363636363636 0.07905138339920949 0.13986013986013987
1 0.6768774703557312 0.479020979020979 0.08695652173913043 0.15034965034965034
1 0.5820158102766798 0.47202797202797203 0.07114624505928854 0.11538461538461539
2 0.808300395256917 0.229020979020979 0.07707509881422925 0.11188811188811189
2 0.857707509881423 0.17832167832167833 0.05731225296442688 0.10839160839160839
2 0.8814229249011858 0.11888111888111888 0.045454545454545456 0.08741258741258741
2 0.4733201581027668 0.7202797202797203 0.2924901185770751 0.3041958041958042
2 0.11857707509881422 0.7290209790209791 0.22332015810276679 0.3146853146853147
2 0.2450592885375494 0.47027972027972026 0.191699604743083 0.18181818181818182
2 0.21442687747035574 0.3006993006993007 0.14624505928853754 0.12237762237762238
2 0.9209486166007905 0.21503496503496503 0.08102766798418973 0.13986013986013987
2 0.9436758893280632 0.13986013986013987 0.05138339920948617 0.08041958041958042
