2 0.26877470355731226 0.48951048951048953 0.11264822134387352 0.14685314685314685
2 0.18181818181818182 0.4370629370629371 0.08893280632411067 0.0979020979020979
2 0.2134387351778656 0.3006993006993007 0.06126482213438735 0.05944055944055944
2 0.2964426877470356 0.2867132867132867 0.05138339920948617 0.04195804195804196
2 0.04743083003952569 0.3181818181818182 0.05533596837944664 0.06643356643356643
2 0.09288537549407115 0.2972027972027972 0.029644268774703556 0.045454545454545456
2 0.12648221343873517 0.27972027972027974 0.03557312252964427 0.045454545454545456
2 0.17588932806324112 0.27972027972027974 0.025691699604743084 0.05244755244755245
2 0.4051383399209486 0.26573426573426573 0.05533596837944664 0.04195804195804196
2 0.08102766798418973 0.23776223776223776 0.023715415019762844 0.03146853146853147
2 0.6482213438735178 0.38461538461538464 0.09486166007905138 0.08041958041958042
2 0.7430830039525692 0.36713286713286714 0.07509881422924901 0.06293706293706294
2 0.6600790513833992 0.3006993006993007 0.05731225296442688 0.04195804195804196
2 0.6086956521739131 0.3006993006993007 0.05138339920948617 0.03496503496503497
2 0.541501976284585 0.2867132867132867 0.043478260869565216 0.03146853146853147
2 0.5770750988142292 0.2762237762237762 0.029644268774703556 0.038461538461538464
2 0.758893280632411 0.2902097902097902 0.06324110671936758 0.04895104895104895
2 0.8320158102766798 0.2902097902097902 0.0533596837944664 0.045454545454545456
2 0.7648221343873518 0.26223776223776224 0.043478260869565216 0.03146853146853147
2 0.7055335968379447 0.25524475524475526 0.04940711462450593 0.027972027972027972
2 0.642292490118577 0.6398601398601399 0.2391304347826087 0.2727272727272727
1 0.14624505928853754 0.6818181818181818 0.0533596837944664 0.17132867132867133
1 0.24308300395256918 0.7097902097902098 0.043478260869565216 0.15384615384615385
1 0.2490118577075099 0.8041958041958042 0.06521739130434782 0.17832167832167833
1 0.30237154150197626 0.6608391608391608 0.029644268774703556 0.16783216783216784
1 0.3438735177865613 0.6328671328671329 0.041501976284584984 0.13986013986013987
1 0.36561264822134387 0.6993006993006993 0.06719367588932806 0.15384615384615385
1 0.4189723320158103 0.7342657342657343 0.06719367588932806 0.15034965034965034
1 0.4841897233201581 0.7272727272727273 0.05138339920948617 0.16433566433566432
1 0.48221343873517786 0.5979020979020979 0.05731225296442688 0.12237762237762238
1 0.5355731225296443 0.5384615384615384 0.045454545454545456 0.10139860139860139
1 0.5434782608695652 0.6713286713286714 0.05533596837944664 0.13286713286713286
1 0.5632411067193676 0.7412587412587412 0.041501976284584984 0.13286713286713286
1 0.5335968379446641 0.8321678321678322 0.07905138339920949 0.14335664335664336
1 0.466403162055336 0.9405594405594405 0.045454545454545456 0.05244755244755245
1 0.6264822134387352 0.8076923076923077 0.05533596837944664 0.18181818181818182
1 0.7312252964426877 0.8426573426573427 0.1007905138339921 0.15034965034965034
1 0.6778656126482213 0.4230769230769231 0.04940711462450593 0.07692307692307693
1 0.7648221343873518 0.4160839160839161 0.023715415019762844 0.06993006993006994
1 0.8162055335968379 0.43006993006993005 0.03162055335968379 0.07692307692307693
1 0.8636363636363636 0.479020979020979 0.02766798418972332 0.08391608391608392
1 0.8675889328063241 0.534965034965035 0.02766798418972332 0.0979020979020979
1 0.9130434782608695 0.506993006993007 0.025691699604743084 0.08741258741258741
1 0.9268774703557312 0.5594405594405595 0.03557312252964427 0.11888111888111888
1 0.9387351778656127 0.44405594405594406 0.02766798418972332 0.08741258741258741
1 0.8458498023715415 0.3916083916083916 0.025691699604743084 0.06293706293706294
1 0.8379446640316206 0.3531468531468531 0.021739130434782608 0.04895104895104895
1 0.8142292490118577 0.3321678321678322 0.019762845849802372 0.04895104895104895
1 0.8735177865612648 0.36363636363636365 0.019762845849802372 0.055944055944055944
1 0.8774703557312253 0.34265734265734266 0.025691699604743084 0.04895104895104895
1 0.9347826086956522 0.34965034965034963 0.03557312252964427 0.05944055944055944
1 0.974308300395257 0.34265734265734266 0.017786561264822136 0.04195804195804196
1 0.7490118577075099 0.3146853146853147 0.025691699604743084 0.04895104895104895
3 0.5059288537549407 0.23426573426573427 0.08300395256916997 0.05944055944055944
1 0.039525691699604744 0.36013986013986016 0.029644268774703556 0.05244755244755245
1 0.1007905138339921 0.3881118881118881 0.025691699604743084 0.06993006993006994
1 0.18181818181818182 0.3811188811188811 0.019762845849802372 0.05944055944055944
1 0.18972332015810275 0.33916083916083917 0.019762845849802372 0.06293706293706294
1 0.23122529644268774 0.34265734265734266 0.01383399209486166 0.06993006993006994
1 0.2134387351778656 0.3951048951048951 0.025691699604743084 0.045454545454545456
1 0.274703557312253 0.3706293706293706 0.021739130434782608 0.055944055944055944
1 0.2964426877470356 0.3811188811188811 0.025691699604743084 0.06643356643356643
1 0.13636363636363635 0.3531468531468531 0.01383399209486166 0.06643356643356643
1 0.15019762845849802 0.36713286713286714 0.023715415019762844 0.06993006993006994
1 0.3577075098814229 0.27972027972027974 0.015810276679841896 0.038461538461538464
1 0.37549407114624506 0.27972027972027974 0.01383399209486166 0.038461538461538464
1 0.20355731225296442 0.23776223776223776 0.017786561264822136 0.038461538461538464
1 0.17588932806324112 0.24475524475524477 0.01383399209486166 0.027972027972027972
1 0.15810276679841898 0.23776223776223776 0.01383399209486166 0.03496503496503497
1 0.007905138339920948 0.34265734265734266 0.01383399209486166 0.055944055944055944
3 0.3102766798418972 0.40559440559440557 0.10474308300395258 0.14335664335664336
