1 0.045454545454545456 0.6555944055944056 0.06126482213438735 0.1888111888111888
1 0.23517786561264822 0.4632867132867133 0.029644268774703556 0.13286713286713286
1 0.3824110671936759 0.5751748251748252 0.06324110671936758 0.14685314685314685
1 0.45849802371541504 0.527972027972028 0.041501976284584984 0.15034965034965034
1 0.48122529644268774 0.506993006993007 0.02766798418972332 0.13636363636363635
1 0.325098814229249 0.3881118881118881 0.03557312252964427 0.10839160839160839
1 0.21739130434782608 0.36713286713286714 0.025691699604743084 0.08741258741258741
1 0.2519762845849802 0.36363636363636365 0.03162055335968379 0.0944055944055944
1 0.3715415019762846 0.3916083916083916 0.04940711462450593 0.10139860139860139
1 0.3942687747035573 0.3811188811188811 0.03162055335968379 0.08741258741258741
1 0.516798418972332 0.4178321678321678 0.023715415019762844 0.1048951048951049
1 0.5069169960474308 0.34265734265734266 0.019762845849802372 0.08741258741258741
1 0.5523715415019763 0.534965034965035 0.05533596837944664 0.12937062937062938
1 0.5948616600790514 0.5192307692307693 0.05731225296442688 0.11888111888111888
1 0.6324110671936759 0.4755244755244755 0.029644268774703556 0.12237762237762238
1 0.6679841897233202 0.5576923076923077 0.08102766798418973 0.13986013986013987
1 0.7183794466403162 0.534965034965035 0.07509881422924901 0.12937062937062938
1 0.7559288537549407 0.6171328671328671 0.08695652173913043 0.1258741258741259
1 0.7944664031620553 0.7062937062937062 0.10474308300395258 0.17132867132867133
1 0.8715415019762845 0.6083916083916084 0.08498023715415019 0.12937062937062938
1 0.8843873517786561 0.5734265734265734 0.07114624505928854 0.12237762237762238
1 0.8863636363636364 0.5087412587412588 0.05533596837944664 0.09090909090909091
1 0.9130434782608695 0.493006993006993 0.06126482213438735 0.0944055944055944
1 0.9476284584980237 0.5437062937062938 0.05533596837944664 0.1048951048951049
1 0.9792490118577075 0.548951048951049 0.02766798418972332 0.07342657342657342
2 0.14624505928853754 0.3968531468531469 0.1007905138339921 0.13286713286713286
2 0.039525691699604744 0.24825174825174826 0.06521739130434782 0.07342657342657342
2 0.1067193675889328 0.24825174825174826 0.06126482213438735 0.06643356643356643
2 0.16205533596837945 0.30594405594405594 0.05731225296442688 0.07692307692307693
2 0.20553359683794467 0.2692307692307692 0.06521739130434782 0.05244755244755245
2 0.16600790513833993 0.24475524475524477 0.037549407114624504 0.045454545454545456
2 0.36264822134387353 0.3304195804195804 0.1067193675889328 0.0979020979020979
2 0.25395256916996045 0.3006993006993007 0.08695652173913043 0.06643356643356643
2 0.30533596837944665 0.27972027972027974 0.05533596837944664 0.06643356643356643
2 0.23616600790513834 0.2534965034965035 0.05533596837944664 0.04895104895104895
2 0.40019762845849804 0.25874125874125875 0.05138339920948617 0.06643356643356643
2 0.4624505928853755 0.4125874125874126 0.0533596837944664 0.11538461538461539
2 0.5652173913043478 0.46153846153846156 0.0691699604743083 0.12937062937062938
2 0.5652173913043478 0.3758741258741259 0.08498023715415019 0.1258741258741259
2 0.5859683794466403 0.24475524475524477 0.05138339920948617 0.05244755244755245
2 0.4031620553359684 0.21153846153846154 0.06521739130434782 0.04895104895104895
2 0.642292490118577 0.22202797202797203 0.06521739130434782 0.04895104895104895
1 0.2025691699604743 0.20454545454545456 0.023715415019762844 0.04895104895104895
1 0.3577075098814229 0.22552447552447552 0.017786561264822136 0.055944055944055944
1 0.3448616600790514 0.21503496503496503 0.019762845849802372 0.055944055944055944
