1 0.8715415019762845 0.8811188811188811 0.021739130434782608 0.09090909090909091
1 0.9258893280632411 0.9038461538461539 0.019762845849802372 0.07692307692307693
1 0.9496047430830039 0.9318181818181818 0.019762845849802372 0.08741258741258741
1 0.06324110671936758 0.24475524475524477 0.0533596837944664 0.12937062937062938
2 0.16798418972332016 0.35664335664335667 0.1324110671936759 0.14685314685314685
3 0.26976284584980237 0.4125874125874126 0.18181818181818182 0.2097902097902098
2 0.8300395256916996 0.8286713286713286 0.05731225296442688 0.07342657342657342
2 0.9061264822134387 0.8741258741258742 0.04743083003952569 0.06643356643356643
2 0.8814229249011858 0.8199300699300699 0.037549407114624504 0.05244755244755245
2 0.9288537549407114 0.8583916083916084 0.029644268774703556 0.038461538461538464
1 0.2490118577075099 0.3006993006993007 0.029644268774703556 0.04895104895104895
