1 0.44861660079051385 0.8199300699300699 0.12055335968379446 0.2062937062937063
1 0.6175889328063241 1.0367132867132867 0.15019762845849802 0.14335664335664336
1 0.2608695652173913 0.5821678321678322 0.10474308300395258 0.20279720279720279
1 0.6057312252964426 0.763986013986014 0.07905138339920949 0.1258741258741259
1 0.66600790513834 0.8513986013986014 0.09288537549407115 0.14685314685314685
1 0.7598814229249012 0.9335664335664335 0.09486166007905138 0.16433566433566432
1 0.908102766798419 1.0891608391608392 0.11067193675889328 0.13986013986013987
1 0.9041501976284585 1.1258741258741258 0.1225296442687747 0.15734265734265734
1 0.733201581027668 0.9632867132867133 0.116600790513834 0.17132867132867133
1 0.9604743083003953 1.243006993006993 0.06521739130434782 0.11188811188811189
1 0.9614624505928854 1.201048951048951 0.06719367588932806 0.0944055944055944
1 0.45652173913043476 0.6136363636363636 0.06521739130434782 0.1258741258741259
1 0.7509881422924901 0.7709790209790209 0.03359683794466403 0.10839160839160839
1 0.7934782608695652 0.7709790209790209 0.019762845849802372 0.07692307692307693
1 0.7727272727272727 0.7534965034965035 0.025691699604743084 0.07342657342657342
1 0.4051383399209486 0.5646853146853147 0.045454545454545456 0.11538461538461539
1 0.48616600790513836 0.5629370629370629 0.045454545454545456 0.10839160839160839
1 0.3300395256916996 0.46503496503496505 0.06126482213438735 0.11538461538461539
1 0.2845849802371542 0.4405594405594406 0.05731225296442688 0.11538461538461539
1 0.24110671936758893 0.3758741258741259 0.041501976284584984 0.10139860139860139
1 0.19960474308300397 0.34965034965034963 0.045454545454545456 0.11188811188811189
1 0.17193675889328064 0.2972027972027972 0.041501976284584984 0.0979020979020979
1 0.116600790513834 0.2465034965034965 0.04940711462450593 0.10139860139860139
1 0.08102766798418973 0.22552447552447552 0.04940711462450593 0.10839160839160839
1 0.041501976284584984 0.17132867132867133 0.041501976284584984 0.0979020979020979
2 0.19466403162055335 0.49125874125874125 0.22134387351778656 0.23426573426573427
2 0.35079051383399207 0.6101398601398601 0.20553359683794467 0.20279720279720279
2 0.8547430830039525 1.270979020979021 0.2766798418972332 0.2062937062937063
2 0.8369565217391305 0.8444055944055944 0.08300395256916997 0.1258741258741259
2 0.9347826086956522 0.9230769230769231 0.07312252964426877 0.12237762237762238
2 0.9436758893280632 0.8986013986013986 0.05928853754940711 0.09090909090909091
2 0.8705533596837944 0.8356643356643356 0.05928853754940711 0.09090909090909091
2 0.8972332015810277 0.833916083916084 0.037549407114624504 0.06643356643356643
