1 0.08893280632411067 0.486013986013986 0.037549407114624504 0.15384615384615385
1 0.17588932806324112 0.3951048951048951 0.03359683794466403 0.1258741258741259
1 0.1067193675889328 0.3881118881118881 0.03359683794466403 0.11188811188811189
1 0.1324110671936759 0.32167832167832167 0.023715415019762844 0.10139860139860139
1 0.116600790513834 0.3076923076923077 0.019762845849802372 0.08391608391608392
1 0.05533596837944664 0.2517482517482518 0.021739130434782608 0.07692307692307693
1 0.07509881422924901 0.24125874125874125 0.019762845849802372 0.06993006993006994
1 0.11857707509881422 0.25524475524475526 0.025691699604743084 0.07342657342657342
1 0.13043478260869565 0.23076923076923078 0.019762845849802372 0.06993006993006994
1 0.20948616600790515 0.2762237762237762 0.03557312252964427 0.08741258741258741
1 0.24110671936758893 0.36013986013986016 0.02766798418972332 0.11188811188811189
1 0.2924901185770751 0.34965034965034963 0.023715415019762844 0.10139860139860139
1 0.2766798418972332 0.3181818181818182 0.02766798418972332 0.08741258741258741
1 0.31620553359683795 0.3181818181818182 0.023715415019762844 0.08741258741258741
1 0.34189723320158105 0.32867132867132864 0.021739130434782608 0.09090909090909091
1 0.391304347826087 0.4020979020979021 0.06324110671936758 0.11888111888111888
1 0.38537549407114624 0.3776223776223776 0.0533596837944664 0.09090909090909091
1 0.4723320158102767 0.40559440559440557 0.05731225296442688 0.1258741258741259
1 0.4209486166007905 0.34265734265734266 0.043478260869565216 0.0944055944055944
1 0.38735177865612647 0.32167832167832167 0.019762845849802372 0.08391608391608392
1 0.40118577075098816 0.2692307692307692 0.01383399209486166 0.055944055944055944
1 0.567193675889328 0.46503496503496505 0.06521739130434782 0.11888111888111888
1 0.6106719367588933 0.45454545454545453 0.05731225296442688 0.11188811188811189
1 0.7845849802371542 0.5559440559440559 0.09881422924901186 0.17132867132867133
1 0.5790513833992095 0.4125874125874126 0.06324110671936758 0.0979020979020979
1 0.6304347826086957 0.3986013986013986 0.05138339920948617 0.1048951048951049
1 0.6936758893280632 0.3811188811188811 0.023715415019762844 0.0979020979020979
1 0.6996047430830039 0.458041958041958 0.0691699604743083 0.11538461538461539
1 0.7450592885375494 0.43006993006993005 0.06521739130434782 0.11188811188811189
1 0.758893280632411 0.4125874125874126 0.05731225296442688 0.0979020979020979
1 0.808300395256917 0.40559440559440557 0.05928853754940711 0.0979020979020979
1 0.9407114624505929 0.4090909090909091 0.0533596837944664 0.0944055944055944
1 0.4426877470355731 0.26223776223776224 0.03557312252964427 0.06643356643356643
1 0.41699604743083 0.27972027972027974 0.023715415019762844 0.07692307692307693
1 0.5474308300395256 0.2727272727272727 0.02766798418972332 0.07342657342657342
2 0.037549407114624504 0.34965034965034963 0.0691699604743083 0.11538461538461539
2 0.19960474308300397 0.2097902097902098 0.10474308300395258 0.11538461538461539
2 0.2826086956521739 0.22727272727272727 0.07312252964426877 0.05944055944055944
2 0.3142292490118577 0.26223776223776224 0.07114624505928854 0.07342657342657342
2 0.44861660079051385 0.34265734265734266 0.11462450592885376 0.0979020979020979
2 0.5079051383399209 0.2867132867132867 0.041501976284584984 0.08391608391608392
2 0.4367588932806324 0.21678321678321677 0.025691699604743084 0.05244755244755245
2 0.46047430830039526 0.20279720279720279 0.06324110671936758 0.04895104895104895
2 0.541501976284585 0.21328671328671328 0.05731225296442688 0.05944055944055944
2 0.37351778656126483 0.18181818181818182 0.023715415019762844 0.05244755244755245
3 0.33201581027667987 0.17832167832167833 0.043478260869565216 0.07692307692307693
3 0.7075098814229249 0.17132867132867133 0.12450592885375494 0.07342657342657342
1 0.037549407114624504 0.23426573426573427 0.023715415019762844 0.06643356643356643
1 0.025691699604743084 0.20279720279720279 0.021739130434782608 0.06993006993006994
1 0.6245059288537549 0.20279720279720279 0.019762845849802372 0.04895104895104895
