1 0.9011857707509882 0.7709790209790209 0.1600790513833992 0.1888111888111888
1 0.9011857707509882 0.6241258741258742 0.12450592885375494 0.16783216783216784
1 0.83399209486166 0.5314685314685315 0.1007905138339921 0.15034965034965034
1 0.7687747035573123 0.6188811188811189 0.116600790513834 0.17832167832167833
1 0.7114624505928854 0.5192307692307693 0.09683794466403162 0.15384615384615385
1 0.5434782608695652 0.5034965034965035 0.08102766798418973 0.15734265734265734
1 0.5 0.44755244755244755 0.06126482213438735 0.12237762237762238
1 0.45553359683794464 0.5052447552447552 0.08695652173913043 0.14685314685314685
1 0.4525691699604743 0.38461538461538464 0.07312252964426877 0.12237762237762238
1 0.3616600790513834 0.42482517482517484 0.06126482213438735 0.13986013986013987
1 0.31225296442687744 0.45454545454545453 0.07707509881422925 0.12237762237762238
1 0.24604743083003952 0.4965034965034965 0.07905138339920949 0.14335664335664336
1 0.22134387351778656 0.4493006993006993 0.045454545454545456 0.11888111888111888
1 0.24604743083003952 0.32342657342657344 0.05533596837944664 0.11888111888111888
1 0.32608695652173914 0.3531468531468531 0.04940711462450593 0.10839160839160839
1 0.29545454545454547 0.3706293706293706 0.05533596837944664 0.10139860139860139
1 0.13438735177865613 0.2674825174825175 0.037549407114624504 0.11188811188811189
1 0.09189723320158102 0.3094405594405594 0.05533596837944664 0.09090909090909091
1 0.05533596837944664 0.24475524475524477 0.03359683794466403 0.11538461538461539
2 0.782608695652174 0.22727272727272727 0.1007905138339921 0.13636363636363635
2 0.8389328063241107 0.1520979020979021 0.05928853754940711 0.1048951048951049
2 0.9169960474308301 0.2534965034965035 0.07707509881422925 0.11888111888111888
2 0.8725296442687747 0.050699300699300696 0.039525691699604744 0.055944055944055944
2 0.900197628458498 0.07692307692307693 0.043478260869565216 0.05244755244755245
2 0.8873517786561265 0.1258741258741259 0.04940711462450593 0.08741258741258741
2 0.24110671936758893 0.6783216783216783 0.25889328063241107 0.24125874125874125
2 0.09288537549407115 0.44405594405594406 0.1600790513833992 0.17832167832167833
2 0.9515810276679841 0.9283216783216783 0.08300395256916997 0.11888111888111888
2 0.4782608695652174 0.6520979020979021 0.001976284584980237 0.006993006993006993
