1 0.8962450592885376 0.9143356643356644 0.023715415019762844 0.0944055944055944
1 0.8893280632411067 0.8933566433566433 0.021739130434782608 0.09090909090909091
1 0.7687747035573123 0.8216783216783217 0.045454545454545456 0.09090909090909091
1 0.7638339920948617 0.833916083916084 0.04743083003952569 0.1048951048951049
1 0.5335968379446641 0.8548951048951049 0.10869565217391304 0.2202797202797203
1 0.44664031620553357 0.7937062937062938 0.09683794466403162 0.24125874125874125
1 0.30533596837944665 0.5786713286713286 0.07509881422924901 0.19230769230769232
1 0.24703557312252963 0.46153846153846156 0.06126482213438735 0.15734265734265734
1 0.14130434782608695 0.36363636363636365 0.05533596837944664 0.15734265734265734
2 0.5019762845849802 0.756993006993007 0.24308300395256918 0.27972027972027974
2 0.4199604743083004 0.5926573426573427 0.18181818181818182 0.16783216783216784
2 0.06422924901185771 0.21328671328671328 0.08695652173913043 0.11888111888111888
4 0.10375494071146245 0.19405594405594406 0.10276679841897234 0.18181818181818182
