1 0.2826086956521739 0.5472027972027972 0.041501976284584984 0.13986013986013987
1 0.1551383399209486 0.5034965034965035 0.039525691699604744 0.12937062937062938
1 0.040513833992094864 0.5367132867132867 0.043478260869565216 0.08391608391608392
1 0.24308300395256918 0.4632867132867133 0.037549407114624504 0.13286713286713286
1 0.1482213438735178 0.3706293706293706 0.025691699604743084 0.0944055944055944
1 0.1324110671936759 0.3076923076923077 0.029644268774703556 0.07342657342657342
1 0.24604743083003952 0.36713286713286714 0.03557312252964427 0.08741258741258741
1 0.191699604743083 0.34265734265734266 0.025691699604743084 0.08741258741258741
1 0.29545454545454547 0.36013986013986016 0.03162055335968379 0.0944055944055944
1 0.3577075098814229 0.3618881118881119 0.04940711462450593 0.08391608391608392
1 0.43774703557312256 0.36013986013986016 0.043478260869565216 0.08741258741258741
1 0.32806324110671936 0.3269230769230769 0.029644268774703556 0.07692307692307693
1 0.2885375494071146 0.2972027972027972 0.037549407114624504 0.06643356643356643
1 0.38636363636363635 0.3513986013986014 0.03162055335968379 0.08391608391608392
1 0.46936758893280633 0.2517482517482518 0.019762845849802372 0.05944055944055944
1 0.49407114624505927 0.27972027972027974 0.017786561264822136 0.06643356643356643
1 0.5711462450592886 0.26048951048951047 0.021739130434782608 0.06293706293706294
1 0.26778656126482214 0.2062937062937063 0.039525691699604744 0.05244755244755245
1 0.08794466403162056 0.2534965034965035 0.02766798418972332 0.06993006993006994
1 0.037549407114624504 0.24125874125874125 0.029644268774703556 0.05944055944055944
1 0.06225296442687747 0.24125874125874125 0.023715415019762844 0.07342657342657342
1 0.1590909090909091 0.19230769230769232 0.023715415019762844 0.05244755244755245
1 0.22035573122529645 0.33916083916083917 0.019762845849802372 0.08741258741258741
1 0.2519762845849802 0.2972027972027972 0.023715415019762844 0.06643356643356643
1 0.21047430830039526 0.2744755244755245 0.02766798418972332 0.06293706293706294
1 0.17292490118577075 0.3111888111888112 0.023715415019762844 0.07342657342657342
2 0.07213438735177866 0.6958041958041958 0.13438735177865613 0.3041958041958042
2 0.8043478260869565 0.5052447552447552 0.1442687747035573 0.13986013986013987
2 0.7855731225296443 0.4143356643356643 0.1383399209486166 0.11888111888111888
2 0.5484189723320159 0.3723776223776224 0.05533596837944664 0.1258741258741259
2 0.9654150197628458 0.44405594405594406 0.05533596837944664 0.10139860139860139
2 0.4258893280632411 0.31993006993006995 0.09486166007905138 0.07692307692307693
3 0.5247035573122529 0.2727272727272727 0.05138339920948617 0.10139860139860139
3 0.5800395256916996 0.23251748251748253 0.06719367588932806 0.07692307692307693
2 0.11561264822134387 0.229020979020979 0.07114624505928854 0.055944055944055944
2 0.6492094861660079 0.21328671328671328 0.04743083003952569 0.05244755244755245
2 0.7272727272727273 0.2202797202797203 0.045454545454545456 0.045454545454545456
3 0.3774703557312253 0.2395104895104895 0.16798418972332016 0.13286713286713286
