1 0.36363636363636365 0.5804195804195804 0.037549407114624504 0.15034965034965034
1 0.07905138339920949 0.4318181818181818 0.03359683794466403 0.11188811188811189
1 0.07806324110671936 0.3269230769230769 0.023715415019762844 0.08391608391608392
1 0.13932806324110672 0.42132867132867136 0.03162055335968379 0.11188811188811189
1 0.1274703557312253 0.3304195804195804 0.02766798418972332 0.09090909090909091
1 0.1492094861660079 0.29895104895104896 0.019762845849802372 0.07692307692307693
1 0.10474308300395258 0.28321678321678323 0.021739130434782608 0.06643356643356643
1 0.2391304347826087 0.4195804195804196 0.03359683794466403 0.11538461538461539
1 0.2391304347826087 0.3513986013986014 0.029644268774703556 0.08391608391608392
1 0.1976284584980237 0.31993006993006995 0.021739130434782608 0.08391608391608392
1 0.2974308300395257 0.48426573426573427 0.04743083003952569 0.11188811188811189
1 0.30335968379446643 0.4405594405594406 0.04743083003952569 0.12237762237762238
1 0.39723320158102765 0.4527972027972028 0.04940711462450593 0.11888111888111888
1 0.4189723320158103 0.42132867132867136 0.04940711462450593 0.11188811188811189
1 0.45849802371541504 0.49475524475524474 0.0691699604743083 0.11888111888111888
1 0.5434782608695652 0.4562937062937063 0.06521739130434782 0.1048951048951049
1 0.6037549407114624 0.42832167832167833 0.04743083003952569 0.0979020979020979
1 0.6324110671936759 0.4160839160839161 0.041501976284584984 0.10139860139860139
1 0.6818181818181818 0.4562937062937063 0.04940711462450593 0.11188811188811189
1 0.8142292490118577 0.5 0.0691699604743083 0.12237762237762238
1 0.9357707509881423 0.5192307692307693 0.07114624505928854 0.11888111888111888
1 0.8211462450592886 0.42132867132867136 0.06719367588932806 0.0979020979020979
1 0.5247035573122529 0.3374125874125874 0.019762845849802372 0.07692307692307693
1 0.5029644268774703 0.2727272727272727 0.015810276679841896 0.06643356643356643
1 0.3922924901185771 0.36013986013986016 0.023715415019762844 0.08041958041958042
1 0.29051383399209485 0.36713286713286714 0.017786561264822136 0.05944055944055944
1 0.4357707509881423 0.2744755244755245 0.015810276679841896 0.06293706293706294
1 0.233201581027668 0.26223776223776224 0.017786561264822136 0.06643356643356643
1 0.5375494071146245 0.26048951048951047 0.021739130434782608 0.06993006993006994
2 0.5790513833992095 0.6328671328671329 0.09683794466403162 0.21328671328671328
2 0.12450592885375494 0.8391608391608392 0.23122529644268774 0.2972027972027972
2 0.06719367588932806 0.26573426573426573 0.06521739130434782 0.06643356643356643
2 0.2816205533596838 0.2867132867132867 0.06324110671936758 0.06643356643356643
2 0.24110671936758893 0.20804195804195805 0.07312252964426877 0.04895104895104895
2 0.4733201581027668 0.3951048951048951 0.13438735177865613 0.11538461538461539
2 0.4723320158102767 0.3129370629370629 0.037549407114624504 0.06293706293706294
2 0.5830039525691699 0.32517482517482516 0.06521739130434782 0.0944055944055944
2 0.6877470355731226 0.3793706293706294 0.1324110671936759 0.1258741258741259
2 0.4871541501976285 0.22202797202797203 0.05928853754940711 0.04895104895104895
2 0.6482213438735178 0.23076923076923078 0.06521739130434782 0.045454545454545456
4 0.16106719367588934 0.2465034965034965 0.08695652173913043 0.1048951048951049
3 0.358695652173913 0.27972027972027974 0.10276679841897234 0.17132867132867133
4 0.44664031620553357 0.17307692307692307 0.041501976284584984 0.06993006993006994
