1 0.1007905138339921 0.3881118881118881 0.05731225296442688 0.16083916083916083
1 0.12450592885375494 0.3548951048951049 0.041501976284584984 0.14685314685314685
1 0.19861660079051383 0.4125874125874126 0.043478260869565216 0.14685314685314685
1 0.3132411067193676 0.5104895104895105 0.03557312252964427 0.12237762237762238
1 0.25592885375494073 0.4318181818181818 0.03162055335968379 0.11888111888111888
1 0.23715415019762845 0.40734265734265734 0.037549407114624504 0.1048951048951049
1 0.08695652173913043 0.24475524475524477 0.029644268774703556 0.0944055944055944
1 0.030632411067193676 0.16083916083916083 0.019762845849802372 0.07692307692307693
1 0.03162055335968379 0.14335664335664336 0.021739130434782608 0.06293706293706294
1 0.10375494071146245 0.22552447552447552 0.02766798418972332 0.06993006993006994
1 0.13142292490118576 0.243006993006993 0.03162055335968379 0.05244755244755245
1 0.16699604743083005 0.28496503496503495 0.02766798418972332 0.06293706293706294
1 0.19367588932806323 0.30594405594405594 0.025691699604743084 0.06993006993006994
1 0.23715415019762845 0.36013986013986016 0.021739130434782608 0.06993006993006994
1 0.26877470355731226 0.3968531468531469 0.03359683794466403 0.08391608391608392
1 0.3201581027667984 0.4562937062937063 0.021739130434782608 0.08741258741258741
1 0.37351778656126483 0.5087412587412588 0.029644268774703556 0.10839160839160839
1 0.3092885375494071 0.4318181818181818 0.03557312252964427 0.07692307692307693
1 0.32806324110671936 0.44405594405594406 0.029644268774703556 0.07692307692307693
1 0.4160079051383399 0.5437062937062938 0.023715415019762844 0.09090909090909091
1 0.45553359683794464 0.5891608391608392 0.023715415019762844 0.10139860139860139
1 0.44960474308300397 0.5646853146853147 0.023715415019762844 0.07692307692307693
1 0.3952569169960474 0.48426573426573427 0.021739130434782608 0.06643356643356643
1 0.22727272727272727 0.30594405594405594 0.025691699604743084 0.05244755244755245
1 0.19268774703557312 0.27797202797202797 0.023715415019762844 0.03496503496503497
1 0.2608695652173913 0.3356643356643357 0.025691699604743084 0.05244755244755245
1 0.3092885375494071 0.3741258741258741 0.023715415019762844 0.045454545454545456
1 0.3339920948616601 0.3968531468531469 0.025691699604743084 0.045454545454545456
1 0.5108695652173914 0.5961538461538461 0.015810276679841896 0.06643356643356643
1 0.4525691699604743 0.527972027972028 0.017786561264822136 0.06293706293706294
1 0.4624505928853755 0.5297202797202797 0.01383399209486166 0.05944055944055944
1 0.5049407114624506 0.5664335664335665 0.015810276679841896 0.05944055944055944
1 0.5306324110671937 0.6013986013986014 0.015810276679841896 0.06293706293706294
1 0.6679841897233202 0.7709790209790209 0.0533596837944664 0.08391608391608392
1 0.5563241106719368 0.6153846153846154 0.015810276679841896 0.06643356643356643
1 0.9486166007905138 1.082167832167832 0.0691699604743083 0.10839160839160839
2 0.30632411067193677 0.40559440559440557 0.041501976284584984 0.05244755244755245
2 0.3883399209486166 0.47027972027972026 0.07114624505928854 0.055944055944055944
2 0.5859683794466403 0.6451048951048951 0.05533596837944664 0.06643356643356643
2 0.8063241106719368 0.9807692307692307 0.1600790513833992 0.11188811188811189
2 0.7875494071146245 0.9318181818181818 0.15810276679841898 0.10839160839160839
2 0.7114624505928854 0.756993006993007 0.06126482213438735 0.04195804195804196
2 0.7766798418972332 0.8111888111888111 0.05731225296442688 0.038461538461538464
2 0.7924901185770751 0.8129370629370629 0.04940711462450593 0.038461538461538464
2 0.4505928853754941 0.48951048951048953 0.029644268774703556 0.04195804195804196
4 0.9407114624505929 0.9737762237762237 0.10474308300395258 0.06643356643356643
