1 0.4723320158102767 0.7062937062937062 0.11857707509881422 0.25524475524475526
1 0.3794466403162055 0.5209790209790209 0.09090909090909091 0.19230769230769232
1 0.4308300395256917 0.43356643356643354 0.09486166007905138 0.16433566433566432
1 0.17984189723320157 0.2517482517482518 0.05533596837944664 0.0979020979020979
1 0.9011857707509882 0.08741258741258741 0.015810276679841896 0.05244755244755245
1 0.9268774703557312 0.09090909090909091 0.019762845849802372 0.05944055944055944
2 0.7213438735177866 0.22727272727272727 0.11067193675889328 0.10839160839160839
2 0.424901185770751 0.27972027972027974 0.1383399209486166 0.12237762237762238
2 0.16600790513833993 0.33916083916083917 0.16403162055335968 0.17482517482517482
2 0.05533596837944664 0.2097902097902098 0.11264822134387352 0.1048951048951049
1 0.233201581027668 0.13286713286713286 0.045454545454545456 0.055944055944055944
