2 0.40810276679841895 0.6678321678321678 0.1067193675889328 0.13286713286713286
2 0.5790513833992095 0.8304195804195804 0.14031620553359683 0.13636363636363635
2 0.7282608695652174 0.8828671328671329 0.07509881422924901 0.07692307692307693
2 0.7480237154150198 0.8653846153846154 0.05138339920948617 0.06643356643356643
2 0.8053359683794467 0.9300699300699301 0.05138339920948617 0.06643356643356643
2 0.8863636363636364 0.9982517482517482 0.04743083003952569 0.08041958041958042
2 0.9150197628458498 1.006993006993007 0.03359683794466403 0.06643356643356643
2 0.808300395256917 0.9073426573426573 0.03359683794466403 0.045454545454545456
2 0.7984189723320159 0.8951048951048951 0.04940711462450593 0.045454545454545456
2 0.775691699604743 0.8636363636363636 0.04743083003952569 0.038461538461538464
2 0.7984189723320159 0.8723776223776224 0.04940711462450593 0.045454545454545456
2 0.7065217391304348 0.8041958041958042 0.05533596837944664 0.05244755244755245
2 0.7470355731225297 0.8216783216783217 0.045454545454545456 0.04195804195804196
2 0.6403162055335968 0.7377622377622378 0.05731225296442688 0.038461538461538464
2 0.5988142292490118 0.6923076923076923 0.05731225296442688 0.045454545454545456
2 0.44664031620553357 0.5506993006993007 0.041501976284584984 0.027972027972027972
2 0.9258893280632411 1.284965034965035 0.13438735177865613 0.1853146853146853
2 0.15810276679841898 0.3986013986013986 0.08102766798418973 0.0979020979020979
2 0.30533596837944665 0.4965034965034965 0.08300395256916997 0.0979020979020979
2 0.045454545454545456 0.26573426573426573 0.07312252964426877 0.10139860139860139
2 0.09881422924901186 0.27972027972027974 0.037549407114624504 0.06293706293706294
2 0.14525691699604742 0.3041958041958042 0.03162055335968379 0.055944055944055944
2 0.20454545454545456 0.36363636363636365 0.039525691699604744 0.05244755244755245
2 0.23616600790513834 0.3811188811188811 0.04743083003952569 0.055944055944055944
2 0.2826086956521739 0.4195804195804196 0.0533596837944664 0.045454545454545456
2 0.3616600790513834 0.4807692307692308 0.05731225296442688 0.045454545454545456
2 0.3458498023715415 0.45104895104895104 0.041501976284584984 0.03496503496503497
2 0.24209486166007904 0.3583916083916084 0.043478260869565216 0.03146853146853147
2 0.1432806324110672 0.25524475524475526 0.02766798418972332 0.027972027972027972
2 0.08794466403162056 0.22202797202797203 0.02766798418972332 0.04195804195804196
2 0.08300395256916997 0.24825174825174826 0.03359683794466403 0.04895104895104895
2 0.21936758893280633 0.42657342657342656 0.08498023715415019 0.10139860139860139
1 0.02766798418972332 0.43356643356643354 0.045454545454545456 0.1993006993006993
1 0.12154150197628459 0.4737762237762238 0.043478260869565216 0.16783216783216784
1 0.13537549407114624 0.6188811188811189 0.09881422924901186 0.08041958041958042
1 0.18478260869565216 0.5629370629370629 0.07114624505928854 0.16433566433566432
1 0.13537549407114624 0.4562937062937063 0.04743083003952569 0.13636363636363635
1 0.07509881422924901 0.31993006993006995 0.025691699604743084 0.09090909090909091
1 0.022727272727272728 0.2762237762237762 0.03162055335968379 0.10139860139860139
1 0.09189723320158102 0.30594405594405594 0.03162055335968379 0.0979020979020979
1 0.15019762845849802 0.3304195804195804 0.021739130434782608 0.06643356643356643
1 0.1324110671936759 0.29895104895104896 0.01383399209486166 0.06993006993006994
1 0.24802371541501977 0.6311188811188811 0.06719367588932806 0.19230769230769232
1 0.27964426877470355 0.6381118881118881 0.05533596837944664 0.17482517482517482
1 0.3191699604743083 0.6625874125874126 0.05928853754940711 0.17832167832167833
1 0.424901185770751 0.8461538461538461 0.08498023715415019 0.1258741258741259
1 0.5662055335968379 0.9265734265734266 0.09090909090909091 0.16083916083916083
1 0.6096837944664032 0.9178321678321678 0.06719367588932806 0.13286713286713286
1 0.66600790513834 0.9335664335664335 0.05731225296442688 0.14335664335664336
1 0.7302371541501976 0.9737762237762237 0.04743083003952569 0.13636363636363635
1 0.7134387351778656 0.9265734265734266 0.037549407114624504 0.11888111888111888
1 0.6798418972332015 0.8513986013986014 0.029644268774703556 0.0944055944055944
1 0.45948616600790515 0.6520979020979021 0.05533596837944664 0.08741258741258741
1 0.5770750988142292 0.7412587412587412 0.04940711462450593 0.08041958041958042
1 0.5533596837944664 0.7132867132867133 0.04940711462450593 0.06293706293706294
1 0.7322134387351779 0.8951048951048951 0.04743083003952569 0.08741258741258741
1 0.7618577075098815 0.9125874125874126 0.039525691699604744 0.07342657342657342
1 0.8092885375494071 0.965034965034965 0.05533596837944664 0.08391608391608392
1 0.841897233201581 1.020979020979021 0.041501976284584984 0.11188811188811189
1 0.9061264822134387 1.0506993006993006 0.04743083003952569 0.09090909090909091
1 0.9782608695652174 1.0944055944055944 0.025691699604743084 0.08041958041958042
1 0.17687747035573123 0.32867132867132864 0.019762845849802372 0.06643356643356643
1 0.8557312252964426 0.9300699300699301 0.025691699604743084 0.04195804195804196
1 0.9476284584980237 1.0314685314685315 0.023715415019762844 0.055944055944055944
