2 0.2865612648221344 0.5192307692307693 0.116600790513834 0.15384615384615385
2 0.4268774703557312 0.722027972027972 0.19960474308300397 0.1888111888111888
2 0.49209486166007904 0.4493006993006993 0.116600790513834 0.07692307692307693
2 0.1590909090909091 0.38986013986013984 0.043478260869565216 0.06993006993006994
2 0.29545454545454547 0.2744755244755245 0.039525691699604744 0.04195804195804196
2 0.6185770750988142 0.3111888111888112 0.045454545454545456 0.038461538461538464
2 0.8152173913043478 0.3688811188811189 0.043478260869565216 0.055944055944055944
2 0.908102766798419 0.3916083916083916 0.07905138339920949 0.05244755244755245
4 0.06324110671936758 0.3111888111888112 0.045454545454545456 0.08041958041958042
4 0.2075098814229249 0.3339160839160839 0.0533596837944664 0.0979020979020979
1 0.0691699604743083 0.41083916083916083 0.017786561264822136 0.06993006993006994
1 0.08992094861660078 0.38986013986013984 0.011857707509881422 0.06993006993006994
1 0.3824110671936759 0.9440559440559441 0.07509881422924901 0.08741258741258741
1 0.5543478260869565 0.9248251748251748 0.08300395256916997 0.1258741258741259
1 0.5652173913043478 0.7412587412587412 0.05731225296442688 0.15034965034965034
1 0.7559288537549407 0.9458041958041958 0.08300395256916997 0.09090909090909091
1 0.8814229249011858 0.8951048951048951 0.06126482213438735 0.1853146853146853
1 0.4990118577075099 0.47027972027972026 0.05138339920948617 0.07692307692307693
1 0.4041501976284585 0.42132867132867136 0.043478260869565216 0.07692307692307693
1 0.24802371541501977 0.3181818181818182 0.023715415019762844 0.05244755244755245
1 0.12944664031620554 0.3706293706293706 0.019762845849802372 0.06643356643356643
1 0.03458498023715415 0.3479020979020979 0.019762845849802372 0.055944055944055944
1 0.10474308300395258 0.34265734265734266 0.01383399209486166 0.05944055944055944
1 0.21640316205533597 0.256993006993007 0.015810276679841896 0.04195804195804196
1 0.8013833992094862 0.4020979020979021 0.03162055335968379 0.05244755244755245
1 0.8379446640316206 0.40734265734265734 0.025691699604743084 0.06293706293706294
1 0.8764822134387352 0.41083916083916083 0.02766798418972332 0.06293706293706294
1 0.9169960474308301 0.41083916083916083 0.03359683794466403 0.06293706293706294
1 0.9683794466403162 0.40734265734265734 0.041501976284584984 0.06293706293706294
1 0.8883399209486166 0.33916083916083917 0.03162055335968379 0.045454545454545456
1 0.7302371541501976 0.34615384615384615 0.015810276679841896 0.05244755244755245
1 0.7618577075098815 0.3321678321678322 0.019762845849802372 0.05244755244755245
1 0.7816205533596838 0.34265734265734266 0.023715415019762844 0.045454545454545456
1 0.6571146245059288 0.3146853146853147 0.019762845849802372 0.038461538461538464
1 0.7065217391304348 0.32342657342657344 0.023715415019762844 0.04195804195804196
1 0.8488142292490118 0.3531468531468531 0.023715415019762844 0.038461538461538464
1 0.2875494071146245 0.30244755244755245 0.023715415019762844 0.03496503496503497
1 0.3448616600790514 0.2972027972027972 0.02766798418972332 0.045454545454545456
1 0.3685770750988142 0.29895104895104896 0.019762845849802372 0.04195804195804196
1 0.42391304347826086 0.2762237762237762 0.019762845849802372 0.038461538461538464
1 0.791501976284585 0.2937062937062937 0.02766798418972332 0.038461538461538464
1 0.8478260869565217 0.30244755244755245 0.021739130434782608 0.04195804195804196
4 0.7371541501976284 0.28146853146853146 0.0691699604743083 0.055944055944055944
3 0.9654150197628458 0.3146853146853147 0.05138339920948617 0.08041958041958042
