1 0.20454545454545456 0.541958041958042 0.07509881422924901 0.13286713286713286
1 0.22035573122529645 0.4562937062937063 0.02766798418972332 0.11188811188811189
1 0.2025691699604743 0.40384615384615385 0.02766798418972332 0.08041958041958042
1 0.16106719367588934 0.3409090909090909 0.019762845849802372 0.08041958041958042
1 0.058300395256917 0.2727272727272727 0.023715415019762844 0.08391608391608392
1 0.06719367588932806 0.23601398601398602 0.021739130434782608 0.05944055944055944
1 0.07213438735177866 0.22202797202797203 0.019762845849802372 0.04195804195804196
1 0.10770750988142293 0.256993006993007 0.015810276679841896 0.045454545454545456
1 0.13043478260869565 0.2762237762237762 0.01383399209486166 0.027972027972027972
1 0.15711462450592886 0.29545454545454547 0.015810276679841896 0.05244755244755245
1 0.24604743083003952 0.42657342657342656 0.03162055335968379 0.06643356643356643
1 0.2855731225296443 0.45454545454545453 0.03557312252964427 0.07342657342657342
1 0.3883399209486166 0.5576923076923077 0.04743083003952569 0.07342657342657342
1 0.17885375494071146 0.31643356643356646 0.015810276679841896 0.05944055944055944
1 0.19960474308300397 0.3339160839160839 0.021739130434782608 0.045454545454545456
1 0.233201581027668 0.36713286713286714 0.017786561264822136 0.06293706293706294
1 0.3221343873517787 0.4405594405594406 0.029644268774703556 0.04195804195804196
1 0.36264822134387353 0.47202797202797203 0.02766798418972332 0.038461538461538464
1 0.383399209486166 0.8024475524475524 0.08102766798418973 0.13636363636363635
1 0.4762845849802372 0.7587412587412588 0.04940711462450593 0.13286713286713286
1 0.5148221343873518 0.8758741258741258 0.06324110671936758 0.1853146853146853
1 0.5988142292490118 0.8828671328671329 0.06126482213438735 0.1258741258741259
1 0.6057312252964426 0.9493006993006993 0.06719367588932806 0.1888111888111888
1 0.7786561264822134 1.0506993006993006 0.07707509881422925 0.15734265734265734
1 0.7569169960474308 0.8653846153846154 0.025691699604743084 0.06993006993006994
1 0.7628458498023716 0.8426573426573427 0.017786561264822136 0.055944055944055944
1 0.7341897233201581 0.8146853146853147 0.019762845849802372 0.04895104895104895
1 0.7114624505928854 0.7884615384615384 0.017786561264822136 0.05944055944055944
1 0.6857707509881423 0.7657342657342657 0.017786561264822136 0.04195804195804196
1 0.6640316205533597 0.7482517482517482 0.021739130434782608 0.03496503496503497
1 0.8112648221343873 0.8898601398601399 0.02766798418972332 0.038461538461538464
1 0.83399209486166 0.9300699300699301 0.025691699604743084 0.055944055944055944
1 0.857707509881423 0.9562937062937062 0.025691699604743084 0.055944055944055944
1 0.8774703557312253 0.9597902097902098 0.021739130434782608 0.04195804195804196
1 0.9061264822134387 0.9877622377622378 0.023715415019762844 0.03496503496503497
1 0.9169960474308301 1.006993006993007 0.021739130434782608 0.05944055944055944
1 0.9258893280632411 1.034965034965035 0.019762845849802372 0.08391608391608392
1 0.9476284584980237 1.0297202797202798 0.015810276679841896 0.04895104895104895
1 0.9822134387351779 1.0594405594405594 0.021739130434782608 0.05944055944055944
1 0.9752964426877471 1.0384615384615385 0.019762845849802372 0.045454545454545456
1 0.9397233201581028 1.0034965034965035 0.015810276679841896 0.04895104895104895
1 0.9565217391304348 1.027972027972028 0.017786561264822136 0.045454545454545456
1 0.8359683794466403 0.9038461538461539 0.017786561264822136 0.045454545454545456
1 0.9318181818181818 0.9790209790209791 0.02766798418972332 0.038461538461538464
2 0.26778656126482214 0.7272727272727273 0.2648221343873518 0.24125874125874125
2 0.4140316205533597 0.722027972027972 0.1541501976284585 0.17132867132867133
2 0.09980237154150198 0.23251748251748253 0.03162055335968379 0.05244755244755245
2 0.6274703557312253 0.7202797202797203 0.05138339920948617 0.04195804195804196
2 0.5938735177865613 0.6853146853146853 0.04743083003952569 0.027972027972027972
2 0.775691699604743 0.8321678321678322 0.043478260869565216 0.03496503496503497
2 0.8705533596837944 0.9388111888111889 0.05138339920948617 0.04195804195804196
3 0.4535573122529644 0.5576923076923077 0.09486166007905138 0.06643356643356643
