1 0.4505928853754941 0.6870629370629371 0.0533596837944664 0.1048951048951049
1 0.5444664031620553 0.8059440559440559 0.05138339920948617 0.12937062937062938
1 0.5820158102766798 0.8741258741258742 0.06324110671936758 0.13986013986013987
1 0.3132411067193676 0.5017482517482518 0.023715415019762844 0.09090909090909091
1 0.2727272727272727 0.46503496503496505 0.021739130434782608 0.08741258741258741
1 0.308300395256917 0.4755244755244755 0.025691699604743084 0.07692307692307693
1 0.40711462450592883 0.5996503496503497 0.037549407114624504 0.09090909090909091
1 0.6976284584980237 1.0227272727272727 0.05731225296442688 0.17132867132867133
1 0.717391304347826 0.958041958041958 0.045454545454545456 0.12937062937062938
1 0.6146245059288538 0.833916083916084 0.037549407114624504 0.11538461538461539
1 0.6007905138339921 0.798951048951049 0.041501976284584984 0.09090909090909091
1 0.7203557312252964 0.9038461538461539 0.03162055335968379 0.0979020979020979
1 0.642292490118577 0.777972027972028 0.03359683794466403 0.07342657342657342
1 0.7875494071146245 0.8916083916083916 0.015810276679841896 0.06293706293706294
1 0.8537549407114624 0.9737762237762237 0.025691699604743084 0.06993006993006994
1 0.7391304347826086 0.8216783216783217 0.021739130434782608 0.04895104895104895
1 0.8656126482213439 0.951048951048951 0.03359683794466403 0.04895104895104895
1 0.691699604743083 0.7709790209790209 0.025691699604743084 0.045454545454545456
1 0.6037549407114624 0.6818181818181818 0.023715415019762844 0.03146853146853147
1 0.6640316205533597 0.7290209790209791 0.021739130434782608 0.045454545454545456
1 0.8300395256916996 0.8811188811188811 0.01383399209486166 0.04195804195804196
1 0.424901185770751 0.513986013986014 0.021739130434782608 0.04195804195804196
1 0.03260869565217391 0.2465034965034965 0.023715415019762844 0.07692307692307693
1 0.08102766798418973 0.2674825174825175 0.01383399209486166 0.05944055944055944
1 0.11561264822134387 0.3076923076923077 0.015810276679841896 0.05244755244755245
1 0.06324110671936758 0.25524475524475526 0.017786561264822136 0.07342657342657342
2 0.029644268774703556 0.3041958041958042 0.04940711462450593 0.15034965034965034
2 0.1492094861660079 0.43006993006993005 0.11857707509881422 0.15384615384615385
2 0.308300395256917 0.6835664335664335 0.21541501976284586 0.2062937062937063
2 0.22529644268774704 0.4195804195804196 0.0691699604743083 0.08041958041958042
2 0.11857707509881422 0.27797202797202797 0.037549407114624504 0.06993006993006994
2 0.09288537549407115 0.24825174825174826 0.025691699604743084 0.05244755244755245
2 0.1541501976284585 0.3269230769230769 0.0533596837944664 0.06293706293706294
2 0.20059288537549408 0.34965034965034963 0.039525691699604744 0.06293706293706294
2 0.13636363636363635 0.26573426573426573 0.025691699604743084 0.04195804195804196
2 0.18181818181818182 0.3146853146853147 0.021739130434782608 0.038461538461538464
2 0.22727272727272727 0.3548951048951049 0.03359683794466403 0.045454545454545456
2 0.3211462450592885 0.45104895104895104 0.05928853754940711 0.03496503496503497
2 0.5266798418972332 0.7447552447552448 0.11067193675889328 0.10139860139860139
2 0.8903162055335968 0.9737762237762237 0.05138339920948617 0.05244755244755245
3 0.15217391304347827 0.36013986013986016 0.08102766798418973 0.13286713286713286
