1 0.5138339920948617 0.4020979020979021 0.0533596837944664 0.16083916083916083
1 0.5731225296442688 0.4160839160839161 0.041501976284584984 0.1958041958041958
1 0.541501976284585 0.32167832167832167 0.037549407114624504 0.11188811188811189
1 0.5237154150197628 0.3531468531468531 0.03359683794466403 0.0979020979020979
1 0.6086956521739131 0.35664335664335667 0.037549407114624504 0.17482517482517482
1 0.6482213438735178 0.3916083916083916 0.041501976284584984 0.17482517482517482
1 0.6877470355731226 0.36013986013986016 0.03359683794466403 0.15384615384615385
1 0.6600790513833992 0.2972027972027972 0.03557312252964427 0.11888111888111888
1 0.6304347826086957 0.24475524475524477 0.037549407114624504 0.11538461538461539
1 0.8162055335968379 0.42657342657342656 0.04940711462450593 0.16783216783216784
1 0.8359683794466403 0.5629370629370629 0.06324110671936758 0.19230769230769232
1 0.8972332015810277 0.46853146853146854 0.0533596837944664 0.18181818181818182
1 0.8873517786561265 0.2727272727272727 0.039525691699604744 0.13986013986013987
1 0.83399209486166 0.3041958041958042 0.03359683794466403 0.12937062937062938
1 0.7905138339920948 0.2727272727272727 0.03162055335968379 0.1258741258741259
1 0.7569169960474308 0.2902097902097902 0.029644268774703556 0.12237762237762238
1 0.733201581027668 0.32517482517482516 0.029644268774703556 0.12237762237762238
1 0.6936758893280632 0.2517482517482518 0.03359683794466403 0.10839160839160839
1 0.7371541501976284 0.16433566433566432 0.029644268774703556 0.10139860139860139
1 0.8063241106719368 0.1993006993006993 0.025691699604743084 0.07692307692307693
1 0.8300395256916996 0.12237762237762238 0.023715415019762844 0.08041958041958042
1 0.8063241106719368 0.1048951048951049 0.023715415019762844 0.06643356643356643
1 0.3616600790513834 0.3146853146853147 0.06126482213438735 0.12237762237762238
1 0.2964426877470356 0.3146853146853147 0.06521739130434782 0.11888111888111888
1 0.23122529644268774 0.3006993006993007 0.06126482213438735 0.12237762237762238
1 0.19960474308300397 0.34265734265734266 0.05138339920948617 0.13286713286713286
1 0.16996047430830039 0.36713286713286714 0.05533596837944664 0.11888111888111888
1 0.02766798418972332 0.21328671328671328 0.041501976284584984 0.10139860139860139
1 0.04940711462450593 0.1888111888111888 0.03557312252964427 0.08391608391608392
1 0.015810276679841896 0.1853146853146853 0.023715415019762844 0.0944055944055944
1 0.18379446640316205 0.2972027972027972 0.03162055335968379 0.07692307692307693
1 0.8320158102766798 0.05944055944055944 0.017786561264822136 0.06993006993006994
2 0.15810276679841898 0.46153846153846156 0.23715415019762845 0.2517482517482518
2 0.02766798418972332 0.3881118881118881 0.1482213438735178 0.16783216783216784
2 0.03162055335968379 0.2972027972027972 0.1442687747035573 0.11888111888111888
2 0.691699604743083 0.44755244755244755 0.11462450592885376 0.2867132867132867
2 0.38537549407114624 0.6118881118881119 0.32608695652173914 0.34265734265734266
2 0.005928853754940711 0.6258741258741258 0.16600790513833993 0.28321678321678323
2 0.8794466403162056 0.16433566433566432 0.07114624505928854 0.1258741258741259
2 0.924901185770751 0.12937062937062938 0.045454545454545456 0.08391608391608392
1 0.1976284584980237 0.23076923076923078 0.043478260869565216 0.10139860139860139
2 0.9367588932806324 0.06643356643356643 0.037549407114624504 0.06643356643356643
