1 0.7984189723320159 1.0506993006993006 0.12845849802371542 0.17132867132867133
1 0.9407114624505929 1.1381118881118881 0.10474308300395258 0.16433566433566432
1 0.7460474308300395 0.9353146853146853 0.10276679841897234 0.16083916083916083
1 0.6847826086956522 0.8321678321678322 0.08300395256916997 0.13986013986013987
1 0.6126482213438735 0.8041958041958042 0.08102766798418973 0.14335664335664336
1 0.5731225296442688 0.7255244755244755 0.07312252964426877 0.12937062937062938
1 0.5306324110671937 0.7395104895104895 0.08695652173913043 0.15034965034965034
1 0.45454545454545453 0.6206293706293706 0.06521739130434782 0.13286713286713286
1 0.7183794466403162 0.7447552447552448 0.02766798418972332 0.10839160839160839
1 0.7549407114624506 0.7657342657342657 0.029644268774703556 0.12937062937062938
1 0.3942687747035573 0.5384615384615384 0.06324110671936758 0.11538461538461539
1 0.3409090909090909 0.5104895104895105 0.05928853754940711 0.12237762237762238
1 0.28952569169960474 0.42132867132867136 0.05928853754940711 0.10839160839160839
1 0.16304347826086957 0.27797202797202797 0.039525691699604744 0.0979020979020979
1 0.08992094861660078 0.20804195804195805 0.039525691699604744 0.0979020979020979
1 0.06521739130434782 0.2062937062937063 0.041501976284584984 0.0979020979020979
1 0.03162055335968379 0.14160839160839161 0.025691699604743084 0.09090909090909091
1 0.017786561264822136 0.256993006993007 0.021739130434782608 0.14335664335664336
2 0.9189723320158103 0.9265734265734266 0.07707509881422925 0.13636363636363635
2 0.8270750988142292 0.8479020979020979 0.08695652173913043 0.14335664335664336
2 0.866600790513834 0.8391608391608392 0.05928853754940711 0.11888111888111888
2 0.9367588932806324 0.9108391608391608 0.04940711462450593 0.0979020979020979
2 0.9604743083003953 0.916083916083916 0.045454545454545456 0.08041958041958042
2 0.9100790513833992 0.8479020979020979 0.043478260869565216 0.06643356643356643
2 0.3774703557312253 0.6818181818181818 0.2391304347826087 0.24825174825174826
2 0.14723320158102768 0.3793706293706294 0.1857707509881423 0.20279720279720279
2 0.8428853754940712 1.2465034965034965 0.30039525691699603 0.25524475524475526
2 0.5059288537549407 1.0192307692307692 0.30237154150197626 0.11888111888111888
