1 0.13043478260869565 0.7832167832167832 0.041501976284584984 0.16433566433566432
1 0.22430830039525693 0.5437062937062938 0.02766798418972332 0.1048951048951049
1 0.18181818181818182 0.458041958041958 0.021739130434782608 0.08741258741258741
1 0.09288537549407115 0.4370629370629371 0.021739130434782608 0.08041958041958042
1 0.040513833992094864 0.3916083916083916 0.019762845849802372 0.05944055944055944
1 0.08893280632411067 0.3688811188811189 0.017786561264822136 0.06293706293706294
1 0.046442687747035576 0.3146853146853147 0.015810276679841896 0.05244755244755245
1 0.18774703557312253 0.3618881118881119 0.021739130434782608 0.06293706293706294
1 0.1650197628458498 0.3094405594405594 0.023715415019762844 0.04195804195804196
1 0.20553359683794467 0.3129370629370629 0.025691699604743084 0.04895104895104895
1 0.3893280632411067 0.527972027972028 0.045454545454545456 0.10839160839160839
1 0.4041501976284585 0.486013986013986 0.03557312252964427 0.0944055944055944
1 0.4990118577075099 0.6241258741258742 0.05138339920948617 0.11888111888111888
1 0.5375494071146245 0.6940559440559441 0.06521739130434782 0.13986013986013987
1 0.3695652173913043 0.9143356643356644 0.08893280632411067 0.15384615384615385
1 0.7213438735177866 0.8933566433566433 0.10869565217391304 0.1888111888111888
1 0.7608695652173914 0.6101398601398601 0.029644268774703556 0.11188811188811189
1 0.5128458498023716 0.4160839160839161 0.03557312252964427 0.06643356643356643
1 0.6887351778656127 0.4405594405594406 0.023715415019762844 0.07342657342657342
1 0.6689723320158103 0.40384615384615385 0.023715415019762844 0.06993006993006994
1 0.7737154150197628 0.4125874125874126 0.023715415019762844 0.07342657342657342
1 0.8507905138339921 0.42657342657342656 0.019762845849802372 0.07342657342657342
1 0.8754940711462451 0.4423076923076923 0.017786561264822136 0.06993006993006994
1 0.27865612648221344 0.3129370629370629 0.025691699604743084 0.04895104895104895
1 0.30335968379446643 0.3041958041958042 0.023715415019762844 0.045454545454545456
1 0.3359683794466403 0.28321678321678323 0.017786561264822136 0.05244755244755245
1 0.7213438735177866 0.32167832167832167 0.025691699604743084 0.045454545454545456
1 0.758893280632411 0.3321678321678322 0.025691699604743084 0.05244755244755245
1 0.6561264822134387 0.3181818181818182 0.021739130434782608 0.045454545454545456
1 0.6897233201581028 0.3129370629370629 0.025691699604743084 0.04895104895104895
2 0.1432806324110672 0.38636363636363635 0.06324110671936758 0.07692307692307693
2 0.12648221343873517 0.3321678321678322 0.041501976284584984 0.045454545454545456
2 0.07806324110671936 0.3304195804195804 0.03162055335968379 0.04895104895104895
2 0.6630434782608695 0.5734265734265734 0.12648221343873517 0.12237762237762238
2 0.7292490118577075 0.40034965034965037 0.0691699604743083 0.07692307692307693
2 0.3181818181818182 0.2692307692307692 0.041501976284584984 0.038461538461538464
2 0.45454545454545453 0.27972027972027974 0.041501976284584984 0.038461538461538464
2 0.7786561264822134 0.3111888111888112 0.06521739130434782 0.045454545454545456
4 0.8053359683794467 0.3531468531468531 0.07114624505928854 0.10139860139860139
3 0.9130434782608695 0.4020979020979021 0.0533596837944664 0.10839160839160839
2 0.8705533596837944 0.3094405594405594 0.05533596837944664 0.03496503496503497
2 0.974308300395257 0.44755244755244755 0.037549407114624504 0.05944055944055944
2 0.9683794466403162 0.4020979020979021 0.0533596837944664 0.05244755244755245
2 0.9664031620553359 0.3618881118881119 0.0533596837944664 0.04895104895104895
2 0.9357707509881423 0.30594405594405594 0.06324110671936758 0.04195804195804196
4 0.6235177865612648 0.2902097902097902 0.07114624505928854 0.05244755244755245
3 0.5395256916996047 0.28496503496503495 0.06521739130434782 0.04895104895104895
2 0.22826086956521738 0.26223776223776224 0.039525691699604744 0.038461538461538464
3 0.11067193675889328 0.26223776223776224 0.03359683794466403 0.05244755244755245
3 0.5928853754940712 0.45454545454545453 0.10869565217391304 0.12937062937062938
4 0.8201581027667985 0.527972027972028 0.1324110671936759 0.15034965034965034
