1 0.19960474308300397 0.38986013986013984 0.06521739130434782 0.12237762237762238
1 0.37351778656126483 0.5594405594405595 0.07707509881422925 0.13636363636363635
1 0.4841897233201581 0.6538461538461539 0.05731225296442688 0.11888111888111888
1 0.516798418972332 0.7255244755244755 0.08695652173913043 0.12237762237762238
1 0.5484189723320159 0.7884615384615384 0.09881422924901186 0.16783216783216784
1 0.6037549407114624 0.7972027972027972 0.08300395256916997 0.15034965034965034
1 0.66600790513834 0.8968531468531469 0.1007905138339921 0.17132867132867133
1 0.7391304347826086 0.9353146853146853 0.1007905138339921 0.15034965034965034
1 0.7065217391304348 0.8741258741258742 0.08695652173913043 0.1258741258741259
1 0.775691699604743 1.0576923076923077 0.13438735177865613 0.14685314685314685
1 0.8705533596837944 1.0926573426573427 0.10276679841897234 0.17132867132867133
1 0.9446640316205533 1.1293706293706294 0.09683794466403162 0.15734265734265734
1 0.9545454545454546 1.2237762237762237 0.07707509881422925 0.11888111888111888
1 0.5405138339920948 0.6503496503496503 0.07509881422924901 0.11188811188811189
1 0.6808300395256917 0.736013986013986 0.039525691699604744 0.10839160839160839
1 0.7203557312252964 0.7307692307692307 0.023715415019762844 0.0979020979020979
1 0.7401185770750988 0.7587412587412588 0.02766798418972332 0.0979020979020979
1 0.7638339920948617 0.7657342657342657 0.02766798418972332 0.1048951048951049
1 0.41798418972332013 0.5681818181818182 0.05533596837944664 0.12937062937062938
1 0.3359683794466403 0.4737762237762238 0.0691699604743083 0.12237762237762238
1 0.5187747035573123 0.5646853146853147 0.039525691699604744 0.0979020979020979
1 0.5484189723320159 0.5961538461538461 0.02766798418972332 0.0979020979020979
2 0.8013833992094862 1.2465034965034965 0.383399209486166 0.25524475524475526
2 0.9219367588932806 0.9353146853146853 0.07905138339920949 0.13986013986013987
2 0.9545454545454546 0.9230769230769231 0.0533596837944664 0.11888111888111888
2 0.8241106719367589 0.8356643356643356 0.08102766798418973 0.16083916083916083
2 0.8764822134387352 0.8548951048951049 0.039525691699604744 0.07692307692307693
2 0.3675889328063241 0.6573426573426573 0.15612648221343872 0.24125874125874125
2 0.8488142292490118 0.7797202797202797 0.043478260869565216 0.055944055944055944
4 0.17984189723320157 0.5332167832167832 0.34980237154150196 0.5454545454545454
3 0.10968379446640317 0.2517482517482518 0.2015810276679842 0.2727272727272727
