1 0.0958498023715415 0.8199300699300699 0.06719367588932806 0.23776223776223776
1 0.15316205533596838 0.5192307692307693 0.03557312252964427 0.13986013986013987
1 0.2440711462450593 0.46153846153846156 0.03557312252964427 0.12937062937062938
1 0.22233201581027667 0.3741258741258741 0.019762845849802372 0.0944055944055944
1 0.27964426877470355 0.3741258741258741 0.02766798418972332 0.10139860139860139
1 0.2648221343873518 0.3076923076923077 0.029644268774703556 0.07342657342657342
1 0.2183794466403162 0.28146853146853146 0.03162055335968379 0.07692307692307693
1 0.045454545454545456 0.26573426573426573 0.021739130434782608 0.05944055944055944
1 0.3092885375494071 0.2937062937062937 0.019762845849802372 0.08041958041958042
1 0.40810276679841895 0.4423076923076923 0.05928853754940711 0.13286713286713286
1 0.43280632411067194 0.40384615384615385 0.04940711462450593 0.0979020979020979
1 0.48616600790513836 0.42482517482517484 0.04940711462450593 0.0979020979020979
1 0.516798418972332 0.479020979020979 0.03557312252964427 0.13636363636363635
1 0.607707509881423 0.47202797202797203 0.02766798418972332 0.12937062937062938
1 0.5513833992094862 0.42657342657342656 0.04940711462450593 0.10139860139860139
1 0.5079051383399209 0.40034965034965037 0.037549407114624504 0.08391608391608392
1 0.3784584980237154 0.21678321678321677 0.019762845849802372 0.045454545454545456
1 0.40711462450592883 0.22552447552447552 0.021739130434782608 0.055944055944055944
1 0.4357707509881423 0.25874125874125875 0.019762845849802372 0.05944055944055944
2 0.05138339920948617 0.5576923076923077 0.08893280632411067 0.17482517482517482
2 0.5395256916996047 0.5716783216783217 0.08498023715415019 0.16783216783216784
2 0.5474308300395256 0.38636363636363635 0.1324110671936759 0.11888111888111888
2 0.43478260869565216 0.3269230769230769 0.04940711462450593 0.07692307692307693
2 0.3774703557312253 0.28846153846153844 0.08893280632411067 0.08391608391608392
2 0.5098814229249012 0.3111888111888112 0.05731225296442688 0.06643356643356643
2 0.5335968379446641 0.2972027972027972 0.037549407114624504 0.07342657342657342
2 0.5454545454545454 0.25874125874125875 0.0533596837944664 0.05944055944055944
2 0.08695652173913043 0.2517482517482518 0.0691699604743083 0.06643356643356643
2 0.17885375494071146 0.25524475524475526 0.07509881422924901 0.05944055944055944
3 0.3300395256916996 0.23426573426573427 0.09288537549407115 0.0944055944055944
3 0.43280632411067194 0.18181818181818182 0.045454545454545456 0.05244755244755245
2 0.15810276679841898 0.2202797202797203 0.08498023715415019 0.05944055944055944
4 0.1383399209486166 0.3723776223776224 0.1007905138339921 0.1888111888111888
3 0.9367588932806324 0.21503496503496503 0.116600790513834 0.08391608391608392
