1 0.5118577075098815 0.5297202797202797 0.09288537549407115 0.13986013986013987
1 0.7371541501976284 0.5209790209790209 0.1007905138339921 0.15734265734265734
1 0.6996047430830039 0.4423076923076923 0.08498023715415019 0.1258741258741259
1 0.5503952569169961 0.3706293706293706 0.06324110671936758 0.12937062937062938
1 0.8586956521739131 0.2762237762237762 0.03557312252964427 0.10839160839160839
1 0.7707509881422925 0.2202797202797203 0.029644268774703556 0.10839160839160839
1 0.4743083003952569 0.4143356643356643 0.0533596837944664 0.1258741258741259
1 0.4298418972332016 0.43006993006993005 0.06719367588932806 0.12237762237762238
1 0.383399209486166 0.3706293706293706 0.06126482213438735 0.12237762237762238
1 0.34881422924901184 0.46153846153846156 0.07509881422924901 0.15034965034965034
1 0.3073122529644269 0.38636363636363635 0.06719367588932806 0.11188811188811189
1 0.22826086956521738 0.3741258741258741 0.039525691699604744 0.12237762237762238
1 0.19268774703557312 0.3968531468531469 0.05138339920948617 0.1048951048951049
1 0.208498023715415 0.3076923076923077 0.039525691699604744 0.10139860139860139
1 0.1650197628458498 0.3304195804195804 0.039525691699604744 0.0979020979020979
1 0.1274703557312253 0.28846153846153844 0.039525691699604744 0.09090909090909091
1 0.0691699604743083 0.3409090909090909 0.041501976284584984 0.0979020979020979
2 0.825098814229249 0.2097902097902098 0.08695652173913043 0.13636363636363635
2 0.9239130434782609 0.20454545454545456 0.07509881422924901 0.11888111888111888
2 0.8913043478260869 0.12762237762237763 0.0533596837944664 0.07692307692307693
2 0.892292490118577 0.06293706293706294 0.04743083003952569 0.05944055944055944
2 0.6551383399209486 0.7202797202797203 0.32806324110671936 0.3181818181818182
2 0.18675889328063242 0.548951048951049 0.2134387351778656 0.2202797202797203
2 0.08201581027667984 0.7325174825174825 0.15019762845849802 0.32167832167832167
2 0.042490118577075096 0.40559440559440557 0.07114624505928854 0.15734265734265734
2 0.8409090909090909 0.9318181818181818 0.30434782608695654 0.11188811188811189
2 0.9496047430830039 0.1346153846153846 0.04743083003952569 0.0979020979020979
