2 0.8320158102766798 0.32167832167832167 0.10276679841897234 0.19230769230769232
2 0.4901185770750988 0.2762237762237762 0.17193675889328064 0.15034965034965034
2 0.005928853754940711 0.2692307692307692 0.1225296442687747 0.15734265734265734
2 0.29446640316205536 0.6153846153846154 0.30039525691699603 0.3811188811188811
2 0.5869565217391305 0.6818181818181818 0.21936758893280633 0.3111888111888112
2 0.7806324110671937 0.18181818181818182 0.07707509881422925 0.11538461538461539
2 0.8774703557312253 0.04195804195804196 0.05138339920948617 0.08041958041958042
2 0.950592885375494 0.024475524475524476 0.041501976284584984 0.05944055944055944
1 0.6699604743083004 0.506993006993007 0.05138339920948617 0.1958041958041958
1 0.5948616600790514 0.4160839160839161 0.04743083003952569 0.16783216783216784
1 0.3300395256916996 0.5454545454545454 0.07707509881422925 0.2202797202797203
1 0.6936758893280632 0.2902097902097902 0.037549407114624504 0.12937062937062938
1 0.6897233201581028 0.21678321678321677 0.02766798418972332 0.0979020979020979
1 0.7252964426877471 0.17832167832167833 0.02766798418972332 0.09090909090909091
1 0.766798418972332 0.15384615384615385 0.023715415019762844 0.0944055944055944
1 0.758893280632411 0.11538461538461539 0.019762845849802372 0.08741258741258741
1 0.7924901185770751 0.13986013986013987 0.023715415019762844 0.08041958041958042
1 0.8201581027667985 0.13286713286713286 0.021739130434782608 0.06643356643356643
1 0.7964426877470355 0.10139860139860139 0.017786561264822136 0.06293706293706294
1 0.8458498023715415 0.12237762237762238 0.021739130434782608 0.06993006993006994
4 0.8972332015810277 0.10839160839160839 0.08300395256916997 0.15734265734265734
