2 0.39723320158102765 0.7937062937062938 0.2865612648221344 0.3951048951048951
2 0.11561264822134387 0.256993006993007 0.10276679841897234 0.1048951048951049
2 0.8428853754940712 0.1346153846153846 0.05928853754940711 0.07692307692307693
1 0.8804347826086957 0.6311188811188811 0.05533596837944664 0.17482517482517482
1 0.8952569169960475 0.9125874125874126 0.0691699604743083 0.15734265734265734
1 0.924901185770751 0.40734265734265734 0.037549407114624504 0.13286713286713286
1 0.9476284584980237 0.2937062937062937 0.03162055335968379 0.10139860139860139
1 0.8794466403162056 0.32867132867132864 0.03359683794466403 0.10839160839160839
1 0.8142292490118577 0.32167832167832167 0.03359683794466403 0.11538461538461539
1 0.7905138339920948 0.22552447552447552 0.029644268774703556 0.09090909090909091
1 0.8379446640316206 0.2202797202797203 0.029644268774703556 0.10139860139860139
1 0.8804347826086957 0.19230769230769232 0.019762845849802372 0.08741258741258741
1 0.9021739130434783 0.22202797202797203 0.023715415019762844 0.08391608391608392
1 0.941699604743083 0.17832167832167833 0.019762845849802372 0.07342657342657342
1 0.9575098814229249 0.14685314685314685 0.019762845849802372 0.07342657342657342
1 0.9713438735177866 0.09265734265734266 0.015810276679841896 0.06293706293706294
1 0.9347826086956522 0.12237762237762238 0.017786561264822136 0.06643356643356643
1 0.9140316205533597 0.13986013986013987 0.015810276679841896 0.06643356643356643
1 0.908102766798419 0.06293706293706294 0.011857707509881422 0.05244755244755245
1 0.8903162055335968 0.08566433566433566 0.019762845849802372 0.055944055944055944
1 0.8893280632411067 0.13111888111888112 0.021739130434782608 0.055944055944055944
1 0.9308300395256917 0.07517482517482517 0.021739130434782608 0.04895104895104895
1 0.12351778656126482 0.29545454545454547 0.05138339920948617 0.1048951048951049
1 0.08102766798418973 0.3129370629370629 0.037549407114624504 0.09090909090909091
1 0.06818181818181818 0.3479020979020979 0.039525691699604744 0.08391608391608392
1 0.036561264822134384 0.3758741258741259 0.03557312252964427 0.07692307692307693
1 0.2509881422924901 0.16258741258741258 0.04940711462450593 0.07692307692307693
