3 0.029644268774703556 0.34615384615384615 0.06719367588932806 0.14335664335664336
3 0.10869565217391304 0.2727272727272727 0.04940711462450593 0.11538461538461539
3 0.029644268774703556 0.5454545454545454 0.35375494071146246 0.45104895104895104
3 0.36363636363636365 0.23426573426573427 0.08498023715415019 0.04895104895104895
2 0.1442687747035573 0.42657342657342656 0.07312252964426877 0.09090909090909091
2 0.2885375494071146 0.3776223776223776 0.10276679841897234 0.09090909090909091
2 0.2134387351778656 0.3006993006993007 0.041501976284584984 0.055944055944055944
2 0.5869565217391305 0.4125874125874126 0.07312252964426877 0.08741258741258741
2 0.8636363636363636 0.33916083916083917 0.039525691699604744 0.05944055944055944
2 0.7569169960474308 0.3146853146853147 0.06126482213438735 0.06293706293706294
2 0.5158102766798419 0.2692307692307692 0.05138339920948617 0.038461538461538464
2 0.5810276679841897 0.2762237762237762 0.037549407114624504 0.04195804195804196
2 0.6462450592885376 0.2867132867132867 0.037549407114624504 0.04195804195804196
2 0.6758893280632411 0.2937062937062937 0.05138339920948617 0.04895104895104895
4 0.47035573122529645 0.527972027972028 0.23715415019762845 0.35664335664335667
4 0.4683794466403162 0.43006993006993005 0.1600790513833992 0.17132867132867133
4 0.7351778656126482 0.43006993006993005 0.11264822134387352 0.18181818181818182
4 0.11857707509881422 0.23076923076923078 0.03557312252964427 0.045454545454545456
2 0.26877470355731226 0.26223776223776224 0.04940711462450593 0.04195804195804196
1 0.25296442687747034 0.534965034965035 0.03162055335968379 0.0979020979020979
1 0.34980237154150196 0.479020979020979 0.029644268774703556 0.0944055944055944
1 0.33201581027667987 0.6048951048951049 0.045454545454545456 0.13636363636363635
1 0.33992094861660077 0.5524475524475524 0.041501976284584984 0.11888111888111888
1 0.6086956521739131 0.7622377622377622 0.05928853754940711 0.17132867132867133
1 0.6936758893280632 0.7307692307692307 0.04940711462450593 0.16433566433566432
1 0.8616600790513834 0.6188811188811189 0.037549407114624504 0.13286713286713286
1 0.9545454545454546 0.6538461538461539 0.041501976284584984 0.13986013986013987
1 0.8517786561264822 0.3811188811188811 0.023715415019762844 0.05944055944055944
1 0.8241106719367589 0.3321678321678322 0.017786561264822136 0.055944055944055944
1 0.9209486166007905 0.38461538461538464 0.02766798418972332 0.05944055944055944
1 0.9130434782608695 0.32167832167832167 0.017786561264822136 0.055944055944055944
1 0.8478260869565217 0.2937062937062937 0.019762845849802372 0.05244755244755245
1 0.932806324110672 0.3356643356643357 0.015810276679841896 0.045454545454545456
1 0.958498023715415 0.36013986013986016 0.023715415019762844 0.06293706293706294
1 0.9683794466403162 0.3146853146853147 0.019762845849802372 0.04195804195804196
1 0.18972332015810275 0.34265734265734266 0.021739130434782608 0.06643356643356643
1 0.16600790513833993 0.36013986013986016 0.017786561264822136 0.06643356643356643
2 0.3221343873517787 0.2517482517482518 0.043478260869565216 0.038461538461538464
4 0.8873517786561265 0.26573426573426573 0.07509881422924901 0.055944055944055944
2 0.07905138339920949 0.2902097902097902 0.023715415019762844 0.04195804195804196
2 0.3774703557312253 0.2692307692307692 0.045454545454545456 0.03146853146853147
