2 0.4367588932806324 0.3531468531468531 0.21936758893280633 0.23776223776223776
2 0.06126482213438735 0.19230769230769232 0.08695652173913043 0.11888111888111888
1 0.642292490118577 0.24475524475524477 0.05533596837944664 0.11188811188811189
1 0.22529644268774704 0.2692307692307692 0.06126482213438735 0.11188811188811189
1 0.11264822134387352 0.32867132867132864 0.05533596837944664 0.13636363636363635
1 0.0533596837944664 0.28321678321678323 0.03557312252964427 0.07692307692307693
1 0.03162055335968379 0.2902097902097902 0.03359683794466403 0.08041958041958042
1 0.5237154150197628 0.6118881118881119 0.09486166007905138 0.21328671328671328
1 0.7272727272727273 0.8671328671328671 0.116600790513834 0.1258741258741259
1 0.6126482213438735 0.9090909090909091 0.07312252964426877 0.08041958041958042
1 0.4644268774703557 0.26573426573426573 0.06324110671936758 0.0979020979020979
