1 0.11067193675889328 0.3916083916083916 0.05731225296442688 0.17132867132867133
1 0.036561264822134384 0.3006993006993007 0.05138339920948617 0.13986013986013987
1 0.12351778656126482 0.34440559440559443 0.039525691699604744 0.1258741258741259
1 0.13339920948616601 0.3688811188811189 0.03557312252964427 0.1258741258741259
1 0.18280632411067194 0.40034965034965037 0.03162055335968379 0.14335664335664336
1 0.233201581027668 0.42482517482517484 0.029644268774703556 0.0944055944055944
1 0.3409090909090909 0.5524475524475524 0.043478260869565216 0.13986013986013987
1 0.25395256916996045 0.42482517482517484 0.023715415019762844 0.10139860139860139
1 0.3359683794466403 0.493006993006993 0.025691699604743084 0.1048951048951049
1 0.3191699604743083 0.46153846153846156 0.019762845849802372 0.10139860139860139
1 0.3201581027667984 0.44405594405594406 0.021739130434782608 0.07692307692307693
1 0.366600790513834 0.49475524475524474 0.019762845849802372 0.08741258741258741
1 0.3932806324110672 0.5034965034965035 0.017786561264822136 0.09090909090909091
1 0.42292490118577075 0.5576923076923077 0.021739130434782608 0.10139860139860139
1 0.41304347826086957 0.5052447552447552 0.01383399209486166 0.06643356643356643
1 0.48122529644268774 0.6136363636363636 0.019762845849802372 0.10139860139860139
1 0.5889328063241107 0.7255244755244755 0.0533596837944664 0.0944055944055944
1 0.5039525691699605 0.6048951048951049 0.021739130434782608 0.08741258741258741
1 0.7065217391304348 0.8583916083916084 0.05138339920948617 0.12237762237762238
1 0.6986166007905138 0.8146853146853147 0.05138339920948617 0.0944055944055944
1 0.8557312252964426 1.201048951048951 0.12845849802371542 0.1888111888111888
1 0.7766798418972332 0.9755244755244755 0.08102766798418973 0.11888111888111888
1 0.8043478260869565 0.9755244755244755 0.0533596837944664 0.1048951048951049
1 0.8527667984189723 1.034965034965035 0.07509881422924901 0.12937062937062938
1 0.8458498023715415 1.0052447552447552 0.0533596837944664 0.0944055944055944
1 0.9041501976284585 1.0576923076923077 0.06324110671936758 0.10839160839160839
1 0.9594861660079052 1.1695804195804196 0.07114624505928854 0.13286713286713286
1 0.950592885375494 1.1223776223776223 0.07312252964426877 0.12237762237762238
1 0.3705533596837945 0.4493006993006993 0.023715415019762844 0.06293706293706294
1 0.1383399209486166 0.2465034965034965 0.017786561264822136 0.06293706293706294
1 0.13142292490118576 0.23251748251748253 0.019762845849802372 0.05244755244755245
1 0.01383399209486166 0.13986013986013987 0.017786561264822136 0.07692307692307693
1 0.030632411067193676 0.1486013986013986 0.019762845849802372 0.06293706293706294
2 0.21936758893280633 0.493006993006993 0.11264822134387352 0.20279720279720279
2 0.08102766798418973 0.22202797202797203 0.06521739130434782 0.06293706293706294
2 0.25395256916996045 0.4090909090909091 0.09881422924901186 0.07342657342657342
2 0.3290513833992095 0.45454545454545453 0.08300395256916997 0.05944055944055944
2 0.5454545454545454 0.6258741258741258 0.041501976284584984 0.06993006993006994
2 0.5434782608695652 0.6486013986013986 0.045454545454545456 0.08041958041958042
2 0.7895256916996047 0.9527972027972028 0.13438735177865613 0.11538461538461539
2 0.27865612648221344 0.3776223776223776 0.07312252964426877 0.055944055944055944
2 0.1857707509881423 0.2972027972027972 0.0691699604743083 0.045454545454545456
2 0.3705533596837945 0.4458041958041958 0.05138339920948617 0.045454545454545456
2 0.4950592885375494 0.5629370629370629 0.06719367588932806 0.045454545454545456
2 0.5721343873517787 0.6416083916083916 0.05533596837944664 0.05244755244755245
2 0.6225296442687747 0.6783216783216783 0.06126482213438735 0.04895104895104895
2 0.6897233201581028 0.7412587412587412 0.0691699604743083 0.045454545454545456
2 0.7964426877470355 0.8234265734265734 0.04940711462450593 0.04195804195804196
4 0.22035573122529645 0.40034965034965037 0.08300395256916997 0.10139860139860139
2 0.9575098814229249 0.986013986013986 0.07114624505928854 0.045454545454545456
