2 0.16106719367588934 0.39335664335664333 0.05138339920948617 0.07692307692307693
2 0.1551383399209486 0.3479020979020979 0.039525691699604744 0.04195804195804196
2 0.21442687747035574 0.3479020979020979 0.04743083003952569 0.06993006993006994
2 0.07509881422924901 0.3513986013986014 0.037549407114624504 0.06293706293706294
2 0.5158102766798419 0.8653846153846154 0.22727272727272727 0.2517482517482518
2 0.6600790513833992 0.5122377622377622 0.1007905138339921 0.11188811188811189
2 0.7144268774703557 0.4230769230769231 0.05533596837944664 0.06643356643356643
2 0.7529644268774703 0.3706293706293706 0.03359683794466403 0.07342657342657342
2 0.8300395256916996 0.3688811188811189 0.041501976284584984 0.06293706293706294
2 0.9367588932806324 0.4597902097902098 0.07707509881422925 0.0979020979020979
2 0.9644268774703557 0.4160839160839161 0.05731225296442688 0.06643356643356643
2 0.2707509881422925 0.30594405594405594 0.06126482213438735 0.04895104895104895
2 0.33300395256917 0.3006993006993007 0.05928853754940711 0.045454545454545456
2 0.3952569169960474 0.2762237762237762 0.037549407114624504 0.03146853146853147
2 0.44367588932806323 0.2902097902097902 0.043478260869565216 0.045454545454545456
2 0.6136363636363636 0.30594405594405594 0.05928853754940711 0.03496503496503497
2 0.32707509881422925 0.43006993006993005 0.1067193675889328 0.08041958041958042
2 0.6857707509881423 0.3111888111888112 0.037549407114624504 0.045454545454545456
2 0.7341897233201581 0.32167832167832167 0.02766798418972332 0.038461538461538464
2 0.7796442687747036 0.27797202797202797 0.04743083003952569 0.03496503496503497
2 0.8132411067193676 0.3041958041958042 0.043478260869565216 0.038461538461538464
2 0.19466403162055335 0.29545454545454547 0.03162055335968379 0.04195804195804196
2 0.14723320158102768 0.31643356643356646 0.03557312252964427 0.027972027972027972
2 0.07707509881422925 0.2867132867132867 0.029644268774703556 0.038461538461538464
1 0.3221343873517787 0.8181818181818182 0.05731225296442688 0.15734265734265734
1 0.2875494071146245 0.5751748251748252 0.04743083003952569 0.0979020979020979
1 0.391304347826087 0.541958041958042 0.06521739130434782 0.10139860139860139
1 0.383399209486166 0.6923076923076923 0.04940711462450593 0.15034965034965034
1 0.41205533596837945 0.6643356643356644 0.05138339920948617 0.13636363636363635
1 0.6067193675889329 0.6958041958041958 0.06521739130434782 0.14335664335664336
1 0.7233201581027668 0.8951048951048951 0.1007905138339921 0.1853146853146853
1 0.7183794466403162 0.541958041958042 0.03557312252964427 0.10839160839160839
1 0.9387351778656127 0.6101398601398601 0.037549407114624504 0.11188811188811189
1 0.8478260869565217 0.458041958041958 0.029644268774703556 0.08041958041958042
1 0.8073122529644269 0.43006993006993005 0.023715415019762844 0.07342657342657342
1 0.7579051383399209 0.4423076923076923 0.023715415019762844 0.06993006993006994
1 0.7855731225296443 0.3951048951048951 0.02766798418972332 0.05944055944055944
1 0.8616600790513834 0.4405594405594406 0.021739130434782608 0.06643356643356643
1 0.8774703557312253 0.36363636363636365 0.021739130434782608 0.038461538461538464
1 0.9051383399209486 0.40034965034965037 0.021739130434782608 0.06293706293706294
1 0.6877470355731226 0.4405594405594406 0.045454545454545456 0.06643356643356643
1 0.607707509881423 0.4405594405594406 0.039525691699604744 0.06643356643356643
1 0.5079051383399209 0.4370629370629371 0.045454545454545456 0.07342657342657342
1 0.4782608695652174 0.44755244755244755 0.05731225296442688 0.08041958041958042
1 0.13932806324110672 0.5087412587412588 0.02766798418972332 0.0979020979020979
1 0.12055335968379446 0.4405594405594406 0.017786561264822136 0.08041958041958042
1 0.09980237154150198 0.4195804195804196 0.019762845849802372 0.07342657342657342
1 0.06521739130434782 0.44755244755244755 0.025691699604743084 0.08741258741258741
1 0.06818181818181818 0.3986013986013986 0.019762845849802372 0.05944055944055944
1 0.030632411067193676 0.3583916083916084 0.019762845849802372 0.06293706293706294
1 0.039525691699604744 0.3513986013986014 0.017786561264822136 0.06293706293706294
1 0.015810276679841896 0.35664335664335667 0.017786561264822136 0.05244755244755245
3 0.8774703557312253 0.3356643356643357 0.116600790513834 0.0944055944055944
3 0.6353754940711462 0.2727272727272727 0.09090909090909091 0.045454545454545456
2 0.16996047430830039 0.24825174825174826 0.03359683794466403 0.038461538461538464
