1 0.7509881422924901 0.9020979020979021 0.12450592885375494 0.17832167832167833
1 0.575098814229249 0.8881118881118881 0.116600790513834 0.1993006993006993
1 0.22134387351778656 0.47202797202797203 0.0691699604743083 0.16433566433566432
1 0.15118577075098813 0.5611888111888111 0.05533596837944664 0.16783216783216784
1 0.08992094861660078 0.3758741258741259 0.05138339920948617 0.11888111888111888
1 0.09486166007905138 0.3321678321678322 0.041501976284584984 0.0944055944055944
2 0.6215415019762845 0.3321678321678322 0.17391304347826086 0.13636363636363635
2 0.4367588932806324 0.493006993006993 0.21541501976284586 0.26223776223776224
2 0.2756916996047431 0.3076923076923077 0.15019762845849802 0.14335664335664336
1 0.9140316205533597 0.1660839160839161 0.019762845849802372 0.07692307692307693
1 0.9397233201581028 0.14335664335664336 0.023715415019762844 0.07342657342657342
1 0.8982213438735178 0.13636363636363635 0.015810276679841896 0.05944055944055944
