1 0.441699604743083 0.6975524475524476 0.05138339920948617 0.2097902097902098
1 0.366600790513834 0.548951048951049 0.043478260869565216 0.17482517482517482
1 0.5039525691699605 0.6730769230769231 0.04940711462450593 0.16433566433566432
1 0.5731225296442688 0.7674825174825175 0.08498023715415019 0.22377622377622378
1 0.5513833992094862 0.6608391608391608 0.04940711462450593 0.12937062937062938
1 0.58399209486166 0.7097902097902098 0.039525691699604744 0.13636363636363635
1 0.6126482213438735 0.7534965034965035 0.03359683794466403 0.12237762237762238
1 0.6482213438735178 0.763986013986014 0.03359683794466403 0.13986013986013987
1 0.6294466403162056 0.701048951048951 0.04743083003952569 0.11188811188811189
1 0.6679841897233202 0.743006993006993 0.03359683794466403 0.10839160839160839
1 0.7025691699604744 0.743006993006993 0.03162055335968379 0.10839160839160839
1 0.7312252964426877 0.7797202797202797 0.03359683794466403 0.11538461538461539
1 0.7490118577075099 0.7709790209790209 0.025691699604743084 0.08041958041958042
1 0.7737154150197628 0.7674825174825175 0.023715415019762844 0.08391608391608392
1 0.07905138339920949 0.19055944055944055 0.037549407114624504 0.08741258741258741
1 0.07015810276679842 0.3986013986013986 0.11462450592885376 0.1853146853146853
1 0.37549407114624506 0.5961538461538461 0.037549407114624504 0.2062937062937063
2 0.17391304347826086 0.4458041958041958 0.16798418972332016 0.2097902097902098
2 0.2648221343873518 0.4527972027972028 0.18774703557312253 0.13636363636363635
2 0.037549407114624504 0.229020979020979 0.06521739130434782 0.15734265734265734
2 0.02766798418972332 0.1520979020979021 0.041501976284584984 0.1048951048951049
2 0.191699604743083 0.6520979020979021 0.27865612648221344 0.2762237762237762
2 0.7381422924901185 1.1031468531468531 0.233201581027668 0.3006993006993007
2 0.6976284584980237 0.8706293706293706 0.1442687747035573 0.2972027972027972
2 0.8636363636363636 0.9632867132867133 0.12055335968379446 0.27972027972027974
2 0.9021739130434783 0.9265734265734266 0.08300395256916997 0.14335664335664336
2 0.7776679841897233 0.8566433566433567 0.09881422924901186 0.1888111888111888
2 0.8270750988142292 0.8479020979020979 0.07114624505928854 0.10839160839160839
2 0.8280632411067194 0.8041958041958042 0.07312252964426877 0.1048951048951049
2 0.8754940711462451 0.8234265734265734 0.045454545454545456 0.06993006993006994
2 0.9169960474308301 0.8409090909090909 0.041501976284584984 0.055944055944055944
2 0.9337944664031621 0.9125874125874126 0.05533596837944664 0.08741258741258741
2 0.967391304347826 0.8968531468531469 0.039525691699604744 0.07342657342657342
2 0.9515810276679841 0.9073426573426573 0.04743083003952569 0.08041958041958042
