1 0.04940711462450593 0.19230769230769232 0.021739130434782608 0.08041958041958042
1 0.025691699604743084 0.16433566433566432 0.017786561264822136 0.07342657342657342
1 0.08201581027667984 0.21853146853146854 0.019762845849802372 0.07342657342657342
1 0.0741106719367589 0.1958041958041958 0.023715415019762844 0.05944055944055944
1 0.02865612648221344 0.14160839160839161 0.023715415019762844 0.05944055944055944
1 0.29347826086956524 0.46678321678321677 0.03162055335968379 0.1048951048951049
1 0.3310276679841897 0.5157342657342657 0.03162055335968379 0.12237762237762238
1 0.30138339920948615 0.45104895104895104 0.02766798418972332 0.0979020979020979
1 0.33300395256917 0.4458041958041958 0.019762845849802372 0.08041958041958042
1 0.3142292490118577 0.4195804195804196 0.017786561264822136 0.07692307692307693
1 0.2826086956521739 0.38986013986013984 0.017786561264822136 0.06993006993006994
1 0.26976284584980237 0.36713286713286714 0.015810276679841896 0.07342657342657342
1 0.25691699604743085 0.3548951048951049 0.03359683794466403 0.06293706293706294
1 0.4298418972332016 0.5751748251748252 0.04743083003952569 0.09090909090909091
1 0.575098814229249 0.7027972027972028 0.037549407114624504 0.10139860139860139
1 0.5217391304347826 0.6451048951048951 0.045454545454545456 0.0944055944055944
1 0.5424901185770751 0.6608391608391608 0.03557312252964427 0.07692307692307693
1 0.4318181818181818 0.5541958041958042 0.039525691699604744 0.07342657342657342
1 0.4673913043478261 0.5769230769230769 0.03162055335968379 0.07692307692307693
1 0.44664031620553357 0.5227272727272727 0.01383399209486166 0.06293706293706294
1 0.46936758893280633 0.5454545454545454 0.015810276679841896 0.06293706293706294
1 0.3675889328063241 0.43006993006993005 0.025691699604743084 0.04195804195804196
1 0.3241106719367589 0.40034965034965037 0.025691699604743084 0.045454545454545456
1 0.29347826086956524 0.3688811188811189 0.02766798418972332 0.05244755244755245
1 0.5059288537549407 0.5926573426573427 0.017786561264822136 0.06293706293706294
2 0.2618577075098814 0.5087412587412588 0.11067193675889328 0.23776223776223776
2 0.7509881422924901 0.9108391608391608 0.15612648221343872 0.13636363636363635
2 0.8626482213438735 1.0017482517482517 0.15810276679841898 0.13286713286713286
2 0.5533596837944664 0.6625874125874126 0.0533596837944664 0.08041958041958042
2 0.4140316205533597 0.4965034965034965 0.07114624505928854 0.045454545454545456
2 0.541501976284585 0.6188811188811189 0.03359683794466403 0.055944055944055944
2 0.5602766798418972 0.6311188811188811 0.039525691699604744 0.045454545454545456
2 0.5652173913043478 0.6311188811188811 0.06126482213438735 0.045454545454545456
2 0.5098814229249012 0.5594405594405595 0.025691699604743084 0.04895104895104895
2 0.6116600790513834 0.6625874125874126 0.04743083003952569 0.04195804195804196
2 0.6600790513833992 0.7115384615384616 0.0533596837944664 0.03496503496503497
2 0.7638339920948617 0.8006993006993007 0.05533596837944664 0.038461538461538464
3 0.7381422924901185 0.7814685314685315 0.12648221343873517 0.08041958041958042
