2 0.5444664031620553 0.756993006993007 0.22529644268774704 0.24825174825174826
1 0.866600790513834 1.0104895104895104 0.09090909090909091 0.15384615384615385
1 0.6561264822134387 0.9597902097902098 0.10869565217391304 0.24825174825174826
1 0.44367588932806323 0.7447552447552448 0.09090909090909091 0.23076923076923078
1 0.6254940711462451 1.0454545454545454 0.10276679841897234 0.0979020979020979
1 0.8290513833992095 1.229020979020979 0.13043478260869565 0.11188811188811189
1 0.9723320158102767 1.2937062937062938 0.041501976284584984 0.15734265734265734
1 0.2717391304347826 0.5961538461538461 0.07509881422924901 0.2202797202797203
1 0.4150197628458498 0.6398601398601399 0.07707509881422925 0.17132867132867133
1 0.2924901185770751 0.4807692307692308 0.06126482213438735 0.14685314685314685
1 0.2519762845849802 0.40559440559440557 0.043478260869565216 0.11538461538461539
1 0.11264822134387352 0.2692307692307692 0.04940711462450593 0.10839160839160839
1 0.05039525691699605 0.2395104895104895 0.04743083003952569 0.11538461538461539
1 0.06324110671936758 0.23601398601398602 0.03359683794466403 0.06993006993006994
1 0.31225296442687744 0.38986013986013984 0.041501976284584984 0.08041958041958042
1 0.75 0.7744755244755245 0.02766798418972332 0.07692307692307693
1 0.9486166007905138 0.9073426573426573 0.021739130434782608 0.06993006993006994
1 0.900197628458498 0.8513986013986014 0.015810276679841896 0.06993006993006994
0 0.8369565217391305 0.916083916083916 0.03162055335968379 0.11888111888111888
