1 0.5 0.44755244755244755 0.037549407114624504 0.08741258741258741
1 0.5968379446640316 0.4090909090909091 0.043478260869565216 0.07692307692307693
1 0.6818181818181818 0.3881118881118881 0.03359683794466403 0.07342657342657342
1 0.7509881422924901 0.3776223776223776 0.011857707509881422 0.06293706293706294
1 0.7371541501976284 0.458041958041958 0.04940711462450593 0.08391608391608392
1 0.808300395256917 0.4195804195804196 0.019762845849802372 0.07342657342657342
1 0.8596837944664032 0.4125874125874126 0.025691699604743084 0.07692307692307693
1 0.9031620553359684 0.42657342657342656 0.025691699604743084 0.07342657342657342
1 0.950592885375494 0.4090909090909091 0.023715415019762844 0.06643356643356643
1 0.9169960474308301 0.3776223776223776 0.023715415019762844 0.055944055944055944
1 0.808300395256917 0.36013986013986016 0.023715415019762844 0.06643356643356643
1 0.525691699604743 0.7867132867132867 0.08695652173913043 0.17132867132867133
1 0.7747035573122529 0.6468531468531469 0.037549407114624504 0.14335664335664336
1 0.3675889328063241 0.7412587412587412 0.05928853754940711 0.12937062937062938
1 0.391304347826087 0.6188811188811189 0.05928853754940711 0.12937062937062938
1 0.308300395256917 0.4195804195804196 0.04743083003952569 0.07692307692307693
1 0.2826086956521739 0.4020979020979021 0.021739130434782608 0.07342657342657342
1 0.2549407114624506 0.3811188811188811 0.02766798418972332 0.06993006993006994
1 0.22529644268774704 0.34615384615384615 0.023715415019762844 0.08041958041958042
1 0.16205533596837945 0.4160839160839161 0.039525691699604744 0.07342657342657342
1 0.0533596837944664 0.4405594405594406 0.03162055335968379 0.07692307692307693
1 0.021739130434782608 0.506993006993007 0.025691699604743084 0.055944055944055944
1 0.06719367588932806 0.5384615384615384 0.03359683794466403 0.11188811188811189
1 0.017786561264822136 0.34965034965034963 0.019762845849802372 0.06293706293706294
1 0.039525691699604744 0.3321678321678322 0.021739130434782608 0.055944055944055944
1 0.11264822134387352 0.3706293706293706 0.019762845849802372 0.06293706293706294
1 0.10474308300395258 0.4125874125874126 0.011857707509881422 0.03496503496503497
1 0.2984189723320158 0.27972027972027974 0.019762845849802372 0.03496503496503497
1 0.30632411067193677 0.2972027972027972 0.021739130434782608 0.027972027972027972
1 0.22134387351778656 0.2902097902097902 0.019762845849802372 0.03146853146853147
1 0.7569169960474308 0.3146853146853147 0.021739130434782608 0.04195804195804196
1 0.9624505928853755 0.2867132867132867 0.019762845849802372 0.038461538461538464
2 0.2490118577075099 0.5944055944055944 0.15810276679841898 0.16433566433566432
2 0.5197628458498024 0.6888111888111889 0.20948616600790515 0.22727272727272727
2 0.07509881422924901 0.43356643356643354 0.08893280632411067 0.12237762237762238
2 0.15019762845849802 0.3041958041958042 0.029644268774703556 0.055944055944055944
2 0.6521739130434783 0.3041958041958042 0.04743083003952569 0.038461538461538464
2 0.6976284584980237 0.3041958041958042 0.04743083003952569 0.06293706293706294
2 0.7193675889328063 0.2937062937062937 0.039525691699604744 0.04895104895104895
2 0.8221343873517787 0.32867132867132864 0.06521739130434782 0.055944055944055944
2 0.8379446640316206 0.36363636363636365 0.0533596837944664 0.05244755244755245
2 0.9426877470355731 0.38461538461538464 0.05533596837944664 0.06293706293706294
2 0.782608695652174 0.2972027972027972 0.05928853754940711 0.04195804195804196
2 0.8992094861660079 0.2902097902097902 0.05928853754940711 0.04195804195804196
2 0.7687747035573123 0.25874125874125875 0.043478260869565216 0.03496503496503497
2 0.5968379446640316 0.27972027972027974 0.03557312252964427 0.03146853146853147
2 0.5276679841897233 0.26223776223776224 0.037549407114624504 0.03496503496503497
2 0.2885375494071146 0.25524475524475526 0.05138339920948617 0.03146853146853147
3 0.42292490118577075 0.26223776223776224 0.045454545454545456 0.04195804195804196
3 0.005928853754940711 0.527972027972028 0.09881422924901186 0.3356643356643357
2 0.043478260869565216 0.3776223776223776 0.07114624505928854 0.11188811188811189
3 0.642292490118577 0.26223776223776224 0.06719367588932806 0.04895104895104895
