1 0.08794466403162056 0.8444055944055944 0.043478260869565216 0.15384615384615385
1 0.22035573122529645 0.6800699300699301 0.03162055335968379 0.15384615384615385
1 0.2648221343873518 0.6206293706293706 0.03359683794466403 0.11888111888111888
1 0.31719367588932806 0.6276223776223776 0.03557312252964427 0.1258741258741259
1 0.35375494071146246 0.5979020979020979 0.041501976284584984 0.11538461538461539
1 0.3824110671936759 0.7832167832167832 0.07509881422924901 0.15034965034965034
1 0.4723320158102767 0.6783216783216783 0.06521739130434782 0.12937062937062938
1 0.44565217391304346 0.7972027972027972 0.07905138339920949 0.15034965034965034
1 0.4762845849802372 0.8793706293706294 0.08102766798418973 0.16783216783216784
1 0.775691699604743 0.5611888111888111 0.02766798418972332 0.1048951048951049
1 0.7104743083003953 0.4632867132867133 0.023715415019762844 0.08391608391608392
1 0.6363636363636364 0.43356643356643354 0.037549407114624504 0.07342657342657342
1 0.8745059288537549 0.5541958041958042 0.03162055335968379 0.0979020979020979
1 0.7944664031620553 0.3951048951048951 0.021739130434782608 0.06643356643356643
1 0.09387351778656126 0.4020979020979021 0.019762845849802372 0.07342657342657342
1 0.06818181818181818 0.41083916083916083 0.023715415019762844 0.07692307692307693
1 0.022727272727272728 0.4230769230769231 0.02766798418972332 0.07342657342657342
1 0.05237154150197629 0.3986013986013986 0.019762845849802372 0.06643356643356643
1 0.866600790513834 0.38461538461538464 0.019762845849802372 0.05944055944055944
1 0.7727272727272727 0.3583916083916084 0.01383399209486166 0.055944055944055944
1 0.7164031620553359 0.34615384615384615 0.015810276679841896 0.05244755244755245
1 0.8982213438735178 0.3986013986013986 0.03557312252964427 0.05944055944055944
1 0.21640316205533597 0.4160839160839161 0.039525691699604744 0.08741258741258741
1 0.4298418972332016 0.48426573426573427 0.05533596837944664 0.08391608391608392
1 0.40118577075098816 0.4632867132867133 0.041501976284584984 0.07692307692307693
1 0.308300395256917 0.3076923076923077 0.025691699604743084 0.045454545454545456
1 0.23023715415019763 0.31643356643356646 0.019762845849802372 0.04195804195804196
1 0.4268774703557312 0.291958041958042 0.029644268774703556 0.04195804195804196
1 0.8142292490118577 0.3688811188811189 0.021739130434782608 0.06293706293706294
1 0.9664031620553359 0.3951048951048951 0.01383399209486166 0.05944055944055944
2 0.25889328063241107 0.4825174825174825 0.10474308300395258 0.12237762237762238
2 0.3577075098814229 0.4230769230769231 0.116600790513834 0.08741258741258741
2 0.07608695652173914 0.32867132867132864 0.06324110671936758 0.05244755244755245
2 0.1976284584980237 0.34440559440559443 0.029644268774703556 0.055944055944055944
2 0.36462450592885376 0.29545454545454547 0.06719367588932806 0.04195804195804196
2 0.25790513833992096 0.32342657342657344 0.05138339920948617 0.04195804195804196
2 0.5770750988142292 0.2867132867132867 0.05731225296442688 0.038461538461538464
2 0.6571146245059288 0.29895104895104896 0.04743083003952569 0.03496503496503497
2 0.7371541501976284 0.3076923076923077 0.04940711462450593 0.038461538461538464
2 0.7124505928853755 0.33916083916083917 0.05138339920948617 0.045454545454545456
4 0.1541501976284585 0.3618881118881119 0.05731225296442688 0.11188811188811189
4 0.5701581027667985 0.5297202797202797 0.1541501976284585 0.2097902097902098
2 0.6986166007905138 0.4178321678321678 0.08695652173913043 0.07692307692307693
4 0.5721343873517787 0.5332167832167832 0.15810276679841898 0.2097902097902098
