1 0.024703557312252964 0.7692307692307693 0.043478260869565216 0.17832167832167833
1 0.7272727272727273 0.42657342657342656 0.06126482213438735 0.10139860139860139
1 0.4644268774703557 0.5017482517482518 0.05731225296442688 0.1258741258741259
1 0.02766798418972332 0.2517482517482518 0.025691699604743084 0.05944055944055944
1 0.07905138339920949 0.2517482517482518 0.025691699604743084 0.06643356643356643
1 0.15118577075098813 0.2674825174825175 0.02766798418972332 0.06293706293706294
1 0.13339920948616601 0.2762237762237762 0.023715415019762844 0.06643356643356643
1 0.05632411067193676 0.4772727272727273 0.043478260869565216 0.13986013986013987
1 0.22332015810276679 0.32867132867132864 0.029644268774703556 0.08041958041958042
1 0.2509881422924901 0.3548951048951049 0.03359683794466403 0.08391608391608392
1 0.17193675889328064 0.21153846153846154 0.01383399209486166 0.04895104895104895
1 0.9120553359683794 0.4370629370629371 0.06719367588932806 0.11538461538461539
1 0.883399209486166 0.5699300699300699 0.08498023715415019 0.13636363636363635
1 0.30632411067193677 0.22377622377622378 0.017786561264822136 0.05244755244755245
1 0.23023715415019763 0.28846153846153844 0.03162055335968379 0.06293706293706294
1 0.44565217391304346 0.3111888111888112 0.039525691699604744 0.07342657342657342
1 0.3448616600790514 0.3321678321678322 0.03557312252964427 0.08041958041958042
1 0.29446640316205536 0.34965034965034963 0.03359683794466403 0.08041958041958042
1 0.5148221343873518 0.23426573426573427 0.023715415019762844 0.05244755244755245
1 0.4901185770750988 0.2517482517482518 0.017786561264822136 0.05244755244755245
1 0.3824110671936759 0.20804195804195805 0.015810276679841896 0.04195804195804196
1 0.3675889328063241 0.21328671328671328 0.017786561264822136 0.045454545454545456
1 0.35177865612648224 0.22377622377622378 0.017786561264822136 0.045454545454545456
1 0.5207509881422925 0.17832167832167833 0.019762845849802372 0.038461538461538464
1 0.6719367588932806 0.22552447552447552 0.029644268774703556 0.04895104895104895
1 0.6096837944664032 0.21503496503496503 0.023715415019762844 0.06293706293706294
2 0.3181818181818182 0.6765734265734266 0.1482213438735178 0.2517482517482518
1 0.06126482213438735 0.23426573426573427 0.021739130434782608 0.05944055944055944
2 0.5316205533596838 0.30594405594405594 0.04940711462450593 0.08391608391608392
2 0.5790513833992095 0.3583916083916084 0.08102766798418973 0.11888111888111888
2 0.4209486166007905 0.36713286713286714 0.0691699604743083 0.12937062937062938
2 0.5632411067193676 0.24125874125874125 0.06521739130434782 0.06643356643356643
2 0.6284584980237155 0.21503496503496503 0.045454545454545456 0.04195804195804196
2 0.21936758893280633 0.2465034965034965 0.08102766798418973 0.06993006993006994
2 0.4288537549407115 0.21853146853146854 0.06126482213438735 0.04895104895104895
2 0.47035573122529645 0.22202797202797203 0.06126482213438735 0.04895104895104895
