2 0.8300395256916996 0.32342657342657344 0.10869565217391304 0.11888111888111888
2 0.599802371541502 0.6888111888111889 0.2648221343873518 0.2972027972027972
2 0.43280632411067194 0.38461538461538464 0.17588932806324112 0.1853146853146853
2 0.8853754940711462 0.13986013986013987 0.04940711462450593 0.07342657342657342
2 0.9387351778656127 0.08566433566433566 0.037549407114624504 0.055944055944055944
1 0.32806324110671936 0.5646853146853147 0.07312252964426877 0.17482517482517482
1 0.30138339920948615 0.6730769230769231 0.08300395256916997 0.20279720279720279
1 0.17391304347826086 0.5034965034965035 0.05731225296442688 0.15034965034965034
1 0.09782608695652174 0.43006993006993005 0.05533596837944664 0.13636363636363635
1 0.6798418972332015 0.3076923076923077 0.0533596837944664 0.10839160839160839
1 0.8260869565217391 0.2097902097902098 0.025691699604743084 0.07342657342657342
1 0.8804347826086957 0.20454545454545456 0.02766798418972332 0.08391608391608392
3 0.18280632411067194 0.3304195804195804 0.25691699604743085 0.3146853146853147
