1 0.8112648221343873 0.12762237762237763 0.023715415019762844 0.06993006993006994
1 0.8241106719367589 0.1958041958041958 0.021739130434782608 0.10139860139860139
1 0.7984189723320159 0.24125874125874125 0.029644268774703556 0.10839160839160839
1 0.7895256916996047 0.21153846153846154 0.023715415019762844 0.09090909090909091
1 0.7687747035573123 0.1993006993006993 0.025691699604743084 0.0944055944055944
1 0.782608695652174 0.5384615384615384 0.06126482213438735 0.15734265734265734
1 0.7529644268774703 0.5734265734265734 0.06126482213438735 0.16433566433566432
1 0.7292490118577075 0.6223776223776224 0.08498023715415019 0.1853146853146853
1 0.8952569169960475 0.9143356643356644 0.16403162055335968 0.15384615384615385
1 0.6946640316205533 0.9090909090909091 0.15019762845849802 0.16433566433566432
1 0.5790513833992095 0.9108391608391608 0.12450592885375494 0.16083916083916083
1 0.607707509881423 0.4388111888111888 0.08695652173913043 0.13286713286713286
1 0.7391304347826086 0.23426573426573427 0.029644268774703556 0.0944055944055944
1 0.5889328063241107 0.4825174825174825 0.06521739130434782 0.0944055944055944
1 0.4189723320158103 0.46153846153846156 0.07312252964426877 0.12237762237762238
1 0.391304347826087 0.40734265734265734 0.06521739130434782 0.11188811188811189
1 0.34980237154150196 0.36538461538461536 0.06126482213438735 0.11188811188811189
1 0.30237154150197626 0.42657342657342656 0.06521739130434782 0.13636363636363635
1 0.22332015810276679 0.3321678321678322 0.05731225296442688 0.11538461538461539
1 0.14031620553359683 0.26223776223776224 0.041501976284584984 0.0944055944055944
1 0.05237154150197629 0.4160839160839161 0.06324110671936758 0.12937062937062938
1 0.10177865612648221 0.3006993006993007 0.039525691699604744 0.10139860139860139
1 0.07707509881422925 0.2744755244755245 0.029644268774703556 0.0979020979020979
1 0.03557312252964427 0.3129370629370629 0.045454545454545456 0.1048951048951049
1 0.036561264822134384 0.23601398601398602 0.03557312252964427 0.09090909090909091
1 0.021739130434782608 0.5384615384615384 0.025691699604743084 0.12237762237762238
1 0.37648221343873517 0.28146853146853146 0.04743083003952569 0.055944055944055944
2 0.9061264822134387 0.23776223776223776 0.07114624505928854 0.11538461538461539
2 0.9308300395256917 0.1660839160839161 0.06521739130434782 0.11188811188811189
2 0.35968379446640314 0.8828671328671329 0.3616600790513834 0.21678321678321677
3 0.5177865612648221 0.6678321678321678 0.36561264822134387 0.4020979020979021
