1 0.5385375494071146 0.5332167832167832 0.09486166007905138 0.13986013986013987
1 0.7638339920948617 0.5874125874125874 0.11462450592885376 0.16433566433566432
1 0.8883399209486166 0.5856643356643356 0.1225296442687747 0.17482517482517482
1 0.4160079051383399 0.479020979020979 0.07905138339920949 0.14335664335664336
1 0.45652173913043476 0.3356643356643357 0.0691699604743083 0.11538461538461539
1 0.3685770750988142 0.38461538461538464 0.06719367588932806 0.12237762237762238
1 0.29347826086956524 0.4143356643356643 0.06324110671936758 0.1258741258741259
1 0.208498023715415 0.4090909090909091 0.05928853754940711 0.12237762237762238
1 0.28952569169960474 0.3513986013986014 0.04743083003952569 0.08391608391608392
1 0.2124505928853755 0.3129370629370629 0.039525691699604744 0.1048951048951049
1 0.16897233201581027 0.28321678321678323 0.039525691699604744 0.0944055944055944
1 0.8349802371541502 0.2517482517482518 0.02766798418972332 0.10139860139860139
1 0.7954545454545454 0.24125874125874125 0.023715415019762844 0.10139860139860139
1 0.7628458498023716 0.229020979020979 0.025691699604743084 0.1048951048951049
1 0.7361660079051383 0.21853146853146854 0.02766798418972332 0.11188811188811189
1 0.5464426877470355 0.23776223776223776 0.02766798418972332 0.12237762237762238
1 0.03260869565217391 0.4160839160839161 0.039525691699604744 0.12937062937062938
1 0.11363636363636363 0.3951048951048951 0.05928853754940711 0.11538461538461539
1 0.041501976284584984 0.22202797202797203 0.029644268774703556 0.07692307692307693
1 0.04940711462450593 0.28146853146853146 0.037549407114624504 0.08391608391608392
1 0.12648221343873517 0.2937062937062937 0.041501976284584984 0.10139860139860139
1 0.15118577075098813 0.1958041958041958 0.003952569169960474 0.01048951048951049
1 0.116600790513834 0.34615384615384615 0.041501976284584984 0.10139860139860139
1 0.3675889328063241 0.3269230769230769 0.04940711462450593 0.09090909090909091
1 0.3290513833992095 0.29545454545454547 0.05138339920948617 0.0979020979020979
2 0.658102766798419 0.75 0.32608695652173914 0.34265734265734266
2 0.13932806324110672 0.5821678321678322 0.2015810276679842 0.2097902097902098
2 0.5642292490118577 0.951048951048951 0.22924901185770752 0.07342657342657342
2 0.91600790513834 0.23426573426573427 0.07114624505928854 0.10839160839160839
2 0.8478260869565217 0.18006993006993008 0.06126482213438735 0.11188811188811189
2 0.9515810276679841 0.15384615384615385 0.05533596837944664 0.0944055944055944
2 0.8893280632411067 0.13286713286713286 0.037549407114624504 0.0944055944055944
