1 0.19466403162055335 0.763986013986014 0.08300395256916997 0.14685314685314685
1 0.34189723320158105 0.8234265734265734 0.06521739130434782 0.15384615384615385
1 0.38636363636363635 0.8566433566433567 0.07905138339920949 0.15734265734265734
1 0.48616600790513836 0.8986013986013986 0.08102766798418973 0.17832167832167833
1 0.5523715415019763 0.9055944055944056 0.06324110671936758 0.16433566433566432
1 0.40217391304347827 0.7062937062937062 0.07509881422924901 0.11538461538461539
1 0.43379446640316205 0.6486013986013986 0.05928853754940711 0.11188811188811189
1 0.5059288537549407 0.7115384615384616 0.0691699604743083 0.13286713286713286
1 0.5039525691699605 0.6136363636363636 0.06126482213438735 0.11188811188811189
1 0.25 0.6066433566433567 0.03557312252964427 0.11888111888111888
1 0.14525691699604742 0.5926573426573427 0.03557312252964427 0.1258741258741259
1 0.1383399209486166 0.534965034965035 0.025691699604743084 0.0944055944055944
1 0.2183794466403162 0.5506993006993007 0.04743083003952569 0.0979020979020979
1 0.11067193675889328 0.4965034965034965 0.029644268774703556 0.08741258741258741
1 0.22134387351778656 0.4772727272727273 0.037549407114624504 0.07692307692307693
1 0.2984189723320158 0.5104895104895105 0.03359683794466403 0.0944055944055944
1 0.2756916996047431 0.4597902097902098 0.039525691699604744 0.06993006993006994
1 0.3339920948616601 0.4195804195804196 0.037549407114624504 0.07342657342657342
1 0.3725296442687747 0.4353146853146853 0.043478260869565216 0.07692307692307693
1 0.4258893280632411 0.4807692307692308 0.03162055335968379 0.09090909090909091
1 0.4357707509881423 0.42832167832167833 0.039525691699604744 0.06993006993006994
1 0.11166007905138339 0.4405594405594406 0.023715415019762844 0.07342657342657342
1 0.08596837944664032 0.4090909090909091 0.015810276679841896 0.06643356643356643
1 0.07114624505928854 0.38461538461538464 0.017786561264822136 0.06643356643356643
1 0.058300395256917 0.3531468531468531 0.015810276679841896 0.07342657342657342
1 0.11462450592885376 0.38286713286713286 0.017786561264822136 0.04895104895104895
1 0.23122529644268774 0.3723776223776224 0.017786561264822136 0.06993006993006994
1 0.708498023715415 0.5 0.05138339920948617 0.0944055944055944
1 0.6739130434782609 0.42657342657342656 0.025691699604743084 0.08741258741258741
1 0.7322134387351779 0.4090909090909091 0.03162055335968379 0.06643356643356643
1 0.7420948616600791 0.3513986013986014 0.019762845849802372 0.055944055944055944
1 0.8201581027667985 0.4090909090909091 0.021739130434782608 0.06643356643356643
1 0.8359683794466403 0.38286713286713286 0.025691699604743084 0.06993006993006994
1 0.8794466403162056 0.3706293706293706 0.029644268774703556 0.05944055944055944
1 0.9140316205533597 0.36538461538461536 0.03162055335968379 0.04895104895104895
1 0.9288537549407114 0.34615384615384615 0.017786561264822136 0.045454545454545456
1 0.9693675889328063 0.3951048951048951 0.015810276679841896 0.05944055944055944
1 0.9575098814229249 0.3723776223776224 0.02766798418972332 0.04195804195804196
1 0.7885375494071146 0.32867132867132864 0.025691699604743084 0.045454545454545456
2 0.9555335968379447 0.9038461538461539 0.07905138339920949 0.17482517482517482
2 0.36264822134387353 0.5017482517482518 0.09486166007905138 0.0979020979020979
2 0.1976284584980237 0.4318181818181818 0.07707509881422925 0.0979020979020979
2 0.16205533596837945 0.3916083916083916 0.06126482213438735 0.08041958041958042
2 0.20059288537549408 0.34615384615384615 0.03162055335968379 0.05244755244755245
2 0.18774703557312253 0.30244755244755245 0.025691699604743084 0.03496503496503497
2 0.2075098814229249 0.3181818181818182 0.021739130434782608 0.038461538461538464
2 0.11561264822134387 0.29895104895104896 0.03162055335968379 0.04195804195804196
2 0.2766798418972332 0.3129370629370629 0.06521739130434782 0.04195804195804196
2 0.33893280632411066 0.3041958041958042 0.05138339920948617 0.038461538461538464
2 0.3142292490118577 0.2867132867132867 0.05731225296442688 0.038461538461538464
2 0.3705533596837945 0.28146853146853146 0.04743083003952569 0.03496503496503497
2 0.4318181818181818 0.28321678321678323 0.05138339920948617 0.038461538461538464
2 0.5424901185770751 0.2972027972027972 0.04743083003952569 0.038461538461538464
2 0.6363636363636364 0.3146853146853147 0.045454545454545456 0.045454545454545456
2 0.7134387351778656 0.3321678321678322 0.04940711462450593 0.05244755244755245
2 0.7707509881422925 0.3146853146853147 0.041501976284584984 0.038461538461538464
2 0.8152173913043478 0.31643356643356646 0.043478260869565216 0.03496503496503497
2 0.8814229249011858 0.3076923076923077 0.05731225296442688 0.038461538461538464
2 0.7766798418972332 0.2727272727272727 0.045454545454545456 0.038461538461538464
