2 0.7648221343873518 0.5 0.23122529644268774 0.3741258741258741
1 0.5988142292490118 0.6678321678321678 0.116600790513834 0.1888111888111888
1 0.658102766798419 0.7937062937062938 0.13438735177865613 0.1993006993006993
1 0.38735177865612647 0.5594405594405595 0.09090909090909091 0.1853146853146853
2 0.31620553359683795 0.4090909090909091 0.2015810276679842 0.21328671328671328
1 0.19960474308300397 0.4755244755244755 0.08102766798418973 0.18181818181818182
1 0.16798418972332016 0.3776223776223776 0.06126482213438735 0.13986013986013987
1 0.07905138339920949 0.35664335664335667 0.05928853754940711 0.13286713286713286
1 0.1442687747035573 0.2202797202797203 0.045454545454545456 0.10139860139860139
1 0.03162055335968379 0.3146853146853147 0.045454545454545456 0.1048951048951049
2 0.04940711462450593 0.25524475524475526 0.13043478260869565 0.15734265734265734
2 0.23715415019762845 0.2762237762237762 0.14624505928853754 0.13636363636363635
2 0.9110671936758893 0.055944055944055944 0.039525691699604744 0.05244755244755245
