1 0.10770750988142293 0.38636363636363635 0.05928853754940711 0.16083916083916083
1 0.21739130434782608 0.40734265734265734 0.03359683794466403 0.13986013986013987
1 0.022727272727272728 0.2465034965034965 0.03557312252964427 0.14335664335664336
1 0.0741106719367589 0.2727272727272727 0.03557312252964427 0.11888111888111888
1 0.09881422924901186 0.26048951048951047 0.029644268774703556 0.1048951048951049
1 0.0800395256916996 0.229020979020979 0.019762845849802372 0.08391608391608392
1 0.06818181818181818 0.2062937062937063 0.023715415019762844 0.07692307692307693
1 0.13636363636363635 0.3076923076923077 0.025691699604743084 0.0944055944055944
1 0.17687747035573123 0.31993006993006995 0.043478260869565216 0.09090909090909091
1 0.1808300395256917 0.3688811188811189 0.03557312252964427 0.12237762237762238
1 0.2124505928853755 0.3339160839160839 0.02766798418972332 0.06993006993006994
1 0.233201581027668 0.3916083916083916 0.041501976284584984 0.1048951048951049
1 0.28952569169960474 0.45454545454545453 0.03162055335968379 0.11188811188811189
1 0.2648221343873518 0.42132867132867136 0.037549407114624504 0.08391608391608392
1 0.26679841897233203 0.38461538461538464 0.029644268774703556 0.06993006993006994
1 0.233201581027668 0.36363636363636365 0.021739130434782608 0.055944055944055944
1 0.3725296442687747 0.5174825174825175 0.039525691699604744 0.09090909090909091
1 0.3073122529644269 0.4527972027972028 0.043478260869565216 0.09090909090909091
1 0.33794466403162055 0.46853146853146854 0.03359683794466403 0.08041958041958042
1 0.3606719367588933 0.5 0.043478260869565216 0.07342657342657342
1 0.7055335968379447 0.9248251748251748 0.08498023715415019 0.14685314685314685
1 0.8310276679841897 1.0192307692307692 0.07905138339920949 0.12937062937062938
1 0.8359683794466403 1.0034965034965035 0.07312252964426877 0.11538461538461539
1 0.6867588932806324 0.8304195804195804 0.06324110671936758 0.0944055944055944
1 0.6057312252964426 0.7517482517482518 0.05533596837944664 0.09090909090909091
1 0.6432806324110671 0.763986013986014 0.04743083003952569 0.08391608391608392
1 0.724308300395257 0.8321678321678322 0.03162055335968379 0.09090909090909091
1 0.516798418972332 0.6328671328671329 0.02766798418972332 0.08041958041958042
1 0.6027667984189723 0.6905594405594405 0.029644268774703556 0.08041958041958042
1 0.3092885375494071 0.38636363636363635 0.023715415019762844 0.06293706293706294
1 0.10474308300395258 0.21153846153846154 0.025691699604743084 0.07692307692307693
1 0.5079051383399209 0.5909090909090909 0.021739130434782608 0.06293706293706294
1 0.4189723320158103 0.49125874125874125 0.01383399209486166 0.055944055944055944
1 0.4041501976284585 0.4772727272727273 0.019762845849802372 0.06643356643356643
1 0.541501976284585 0.5961538461538461 0.017786561264822136 0.05244755244755245
2 0.1442687747035573 0.291958041958042 0.0691699604743083 0.08741258741258741
2 0.3547430830039526 0.46853146853146854 0.08300395256916997 0.08041958041958042
2 0.46047430830039526 0.6398601398601399 0.13636363636363635 0.11888111888111888
2 0.5760869565217391 0.8059440559440559 0.16205533596837945 0.13636363636363635
2 0.5563241106719368 0.6573426573426573 0.05533596837944664 0.1048951048951049
2 0.18873517786561264 0.28846153846153844 0.07114624505928854 0.055944055944055944
2 0.07213438735177866 0.18356643356643357 0.06719367588932806 0.04895104895104895
2 0.391304347826087 0.4632867132867133 0.045454545454545456 0.055944055944055944
2 0.6343873517786561 0.6835664335664335 0.05731225296442688 0.05244755244755245
4 0.45849802371541504 0.5367132867132867 0.07312252964426877 0.13286713286713286
