1 0.9130434782608695 0.6573426573426573 0.1324110671936759 0.17132867132867133
1 0.8023715415019763 0.527972027972028 0.10474308300395258 0.16433566433566432
1 0.8092885375494071 0.46503496503496505 0.09090909090909091 0.13636363636363635
1 0.7865612648221344 0.28846153846153844 0.037549407114624504 0.11188811188811189
1 0.7361660079051383 0.23076923076923078 0.023715415019762844 0.10139860139860139
1 0.7658102766798419 0.229020979020979 0.02766798418972332 0.1048951048951049
1 0.6768774703557312 0.3356643356643357 0.07509881422924901 0.11538461538461539
1 0.5632411067193676 0.42657342657342656 0.07707509881422925 0.14335664335664336
1 0.7905138339920948 0.14685314685314685 0.021739130434782608 0.08041958041958042
1 0.46936758893280633 0.42657342657342656 0.07114624505928854 0.13636363636363635
1 0.4199604743083004 0.5 0.07905138339920949 0.13636363636363635
1 0.3606719367588933 0.4090909090909091 0.05928853754940711 0.12237762237762238
1 0.22332015810276679 0.6800699300699301 0.09288537549407115 0.18181818181818182
1 0.2134387351778656 0.8024475524475524 0.09683794466403162 0.16783216783216784
1 0.20948616600790515 0.28496503496503495 0.0533596837944664 0.0979020979020979
1 0.09782608695652174 0.243006993006993 0.03162055335968379 0.06993006993006994
1 0.12154150197628459 0.263986013986014 0.02766798418972332 0.055944055944055944
1 0.044466403162055336 0.263986013986014 0.03162055335968379 0.055944055944055944
1 0.27964426877470355 0.33916083916083917 0.04743083003952569 0.10139860139860139
1 0.4140316205533597 0.2534965034965035 0.05533596837944664 0.1048951048951049
2 0.9189723320158103 0.229020979020979 0.0691699604743083 0.11888111888111888
2 0.9456521739130435 0.14335664335664336 0.06324110671936758 0.10839160839160839
2 0.8409090909090909 0.19230769230769232 0.07509881422924901 0.12937062937062938
2 0.8824110671936759 0.1381118881118881 0.05138339920948617 0.07692307692307693
2 0.9357707509881423 0.02972027972027972 0.03557312252964427 0.03496503496503497
2 0.7302371541501976 0.8251748251748252 0.3715415019762846 0.33916083916083917
3 0.1600790513833992 0.4423076923076923 0.30632411067193677 0.34265734265734266
