1 0.05434782608695652 0.4090909090909091 0.07114624505928854 0.19230769230769232
1 0.08300395256916997 0.2395104895104895 0.025691699604743084 0.08391608391608392
1 0.05039525691699605 0.19755244755244755 0.023715415019762844 0.08391608391608392
1 0.029644268774703556 0.1486013986013986 0.017786561264822136 0.07692307692307693
1 0.07114624505928854 0.19230769230769232 0.025691699604743084 0.07342657342657342
1 0.09881422924901186 0.20279720279720279 0.017786561264822136 0.05244755244755245
1 0.12351778656126482 0.2517482517482518 0.023715415019762844 0.06993006993006994
1 0.13339920948616601 0.28146853146853146 0.02766798418972332 0.08041958041958042
1 0.14031620553359683 0.3041958041958042 0.029644268774703556 0.11188811188811189
1 0.17094861660079053 0.30244755244755245 0.02766798418972332 0.08391608391608392
1 0.14723320158102768 0.25874125874125875 0.02766798418972332 0.06643356643356643
1 0.24011857707509882 0.3758741258741259 0.023715415019762844 0.08041958041958042
1 0.2618577075098814 0.40734265734265734 0.023715415019762844 0.09090909090909091
1 0.2826086956521739 0.4562937062937063 0.03359683794466403 0.11538461538461539
1 0.27865612648221344 0.40559440559440557 0.01383399209486166 0.08041958041958042
1 0.29446640316205536 0.4388111888111888 0.025691699604743084 0.07342657342657342
1 0.3300395256916996 0.46853146853146854 0.029644268774703556 0.10139860139860139
1 0.3952569169960474 0.5576923076923077 0.04940711462450593 0.10139860139860139
1 0.3804347826086957 0.4982517482517482 0.019762845849802372 0.08741258741258741
1 0.4031620553359684 0.527972027972028 0.025691699604743084 0.08041958041958042
1 0.4950592885375494 0.6590909090909091 0.05533596837944664 0.10839160839160839
1 0.5 0.6503496503496503 0.04940711462450593 0.0944055944055944
1 0.5958498023715415 0.7552447552447552 0.06324110671936758 0.10139860139860139
1 0.6017786561264822 0.7482517482517482 0.06324110671936758 0.0944055944055944
1 0.8112648221343873 0.9440559440559441 0.05928853754940711 0.0979020979020979
1 0.8270750988142292 0.9318181818181818 0.05533596837944664 0.09090909090909091
1 0.6669960474308301 0.7587412587412588 0.03557312252964427 0.08391608391608392
1 0.8903162055335968 1.0192307692307692 0.05533596837944664 0.10839160839160839
1 0.9683794466403162 1.0961538461538463 0.05731225296442688 0.10139860139860139
1 0.5563241106719368 0.6258741258741258 0.015810276679841896 0.06293706293706294
1 0.532608695652174 0.6136363636363636 0.023715415019762844 0.07342657342657342
3 0.208498023715415 0.3374125874125874 0.09486166007905138 0.0979020979020979
2 0.6600790513833992 0.9877622377622378 0.23122529644268774 0.3881118881118881
2 0.6768774703557312 0.8304195804195804 0.08300395256916997 0.1853146853146853
2 0.49407114624505927 0.6451048951048951 0.12055335968379446 0.10839160839160839
2 0.5513833992094862 0.6136363636363636 0.06126482213438735 0.05944055944055944
2 0.39624505928853754 0.486013986013986 0.05928853754940711 0.05944055944055944
2 0.38438735177865613 0.5174825174825175 0.08695652173913043 0.06643356643356643
2 0.3567193675889328 0.4405594405594406 0.04743083003952569 0.04895104895104895
2 0.4505928853754941 0.5209790209790209 0.0533596837944664 0.045454545454545456
3 0.633399209486166 0.6888111888111889 0.07905138339920949 0.06993006993006994
1 0.11956521739130435 0.2062937062937063 0.023715415019762844 0.04895104895104895
