1 0.7312252964426877 0.9335664335664335 0.10869565217391304 0.13286713286713286
1 0.7924901185770751 1.0227272727272727 0.116600790513834 0.14335664335664336
1 0.8102766798418972 1.0681818181818181 0.08498023715415019 0.09090909090909091
1 0.5691699604743083 0.8094405594405595 0.10474308300395258 0.15734265734265734
1 0.6383399209486166 0.8006993006993007 0.08893280632411067 0.15034965034965034
1 0.5484189723320159 0.6835664335664335 0.07509881422924901 0.13286713286713286
1 0.48221343873517786 0.6381118881118881 0.0691699604743083 0.12937062937062938
1 0.5217391304347826 0.7202797202797203 0.09288537549407115 0.15034965034965034
1 0.4209486166007905 0.6066433566433567 0.08102766798418973 0.14685314685314685
1 0.358695652173913 0.5262237762237763 0.07114624505928854 0.1258741258741259
1 0.34881422924901184 0.486013986013986 0.05138339920948617 0.0979020979020979
1 0.2766798418972332 0.42832167832167833 0.0533596837944664 0.1048951048951049
1 0.25 0.4143356643356643 0.04743083003952569 0.1048951048951049
1 0.18972332015810275 0.34265734265734266 0.0533596837944664 0.11538461538461539
1 0.17391304347826086 0.3006993006993007 0.037549407114624504 0.08741258741258741
1 0.1225296442687747 0.2762237762237762 0.04940711462450593 0.11188811188811189
1 0.10573122529644269 0.23076923076923078 0.03557312252964427 0.08741258741258741
1 0.046442687747035576 0.1888111888111888 0.039525691699604744 0.0979020979020979
1 0.6798418972332015 0.7482517482517482 0.037549407114624504 0.14335664335664336
1 0.6630434782608695 0.7185314685314685 0.03162055335968379 0.11188811188811189
1 0.7144268774703557 0.7692307692307693 0.03162055335968379 0.12237762237762238
1 0.700592885375494 0.7325174825174825 0.023715415019762844 0.0944055944055944
1 0.7391304347826086 0.7622377622377622 0.025691699604743084 0.10839160839160839
1 0.7786561264822134 0.7902097902097902 0.017786561264822136 0.07692307692307693
1 0.7618577075098815 0.777972027972028 0.019762845849802372 0.10839160839160839
1 0.8003952569169961 0.7744755244755245 0.017786561264822136 0.06993006993006994
1 0.7865612648221344 0.777972027972028 0.017786561264822136 0.08391608391608392
1 0.7687747035573123 0.756993006993007 0.017786561264822136 0.05944055944055944
1 0.274703557312253 0.3986013986013986 0.04940711462450593 0.08041958041958042
2 0.7618577075098815 0.8653846153846154 0.10276679841897234 0.17482517482517482
2 0.9011857707509882 0.9405594405594405 0.08893280632411067 0.17482517482517482
2 0.8448616600790514 0.8426573426573427 0.07509881422924901 0.1258741258741259
2 0.7065217391304348 1.1066433566433567 0.35177865612648224 0.33916083916083917
2 0.274703557312253 0.5716783216783217 0.2391304347826087 0.26223776223776224
2 0.037549407114624504 0.21328671328671328 0.06521739130434782 0.15734265734265734
2 0.03557312252964427 0.1346153846153846 0.05731225296442688 0.1048951048951049
2 0.9664031620553359 0.8933566433566433 0.041501976284584984 0.05944055944055944
2 0.9594861660079052 0.9195804195804196 0.043478260869565216 0.07342657342657342
3 0.9061264822134387 0.8391608391608392 0.07114624505928854 0.0979020979020979
