1 0.42292490118577075 0.2727272727272727 0.0691699604743083 0.1048951048951049
1 0.8003952569169961 0.2692307692307692 0.025691699604743084 0.11538461538461539
1 0.8241106719367589 0.2062937062937063 0.02766798418972332 0.0979020979020979
1 0.8438735177865613 0.32517482517482516 0.03359683794466403 0.12237762237762238
1 0.9090909090909091 0.24125874125874125 0.029644268774703556 0.1048951048951049
1 0.9347826086956522 0.2972027972027972 0.02766798418972332 0.10839160839160839
1 0.8735177865612648 0.16433566433566432 0.025691699604743084 0.08391608391608392
1 0.8853754940711462 0.11538461538461539 0.021739130434782608 0.055944055944055944
1 0.9209486166007905 0.08741258741258741 0.023715415019762844 0.05944055944055944
1 0.9545454545454546 0.08041958041958042 0.019762845849802372 0.04195804195804196
1 0.9703557312252964 0.0944055944055944 0.017786561264822136 0.08041958041958042
1 0.37549407114624506 0.6223776223776224 0.09288537549407115 0.2202797202797203
1 0.27865612648221344 0.46153846153846156 0.0691699604743083 0.16783216783216784
1 0.18972332015810275 0.4755244755244755 0.06126482213438735 0.18181818181818182
1 0.33201581027667987 0.3321678321678322 0.05731225296442688 0.13986013986013987
1 0.30237154150197626 0.2517482517482518 0.04940711462450593 0.10839160839160839
1 0.17984189723320157 0.34265734265734266 0.06521739130434782 0.13636363636363635
1 0.05731225296442688 0.34965034965034963 0.05928853754940711 0.14685314685314685
1 0.08300395256916997 0.28321678321678323 0.043478260869565216 0.11888111888111888
1 0.023715415019762844 0.32517482517482516 0.037549407114624504 0.09090909090909091
1 0.0533596837944664 0.2937062937062937 0.03557312252964427 0.0944055944055944
1 0.22924901185770752 0.12237762237762238 0.05138339920948617 0.06993006993006994
1 0.6403162055335968 0.1258741258741259 0.02766798418972332 0.07692307692307693
1 0.7905138339920948 0.04895104895104895 0.015810276679841896 0.055944055944055944
2 0.8675889328063241 0.06293706293706294 0.03162055335968379 0.05244755244755245
2 0.8754940711462451 0.03146853146853147 0.037549407114624504 0.05244755244755245
2 0.924901185770751 0.03496503496503497 0.03557312252964427 0.05244755244755245
2 0.09288537549407115 0.2062937062937063 0.13636363636363635 0.15384615384615385
2 0.04743083003952569 0.19230769230769232 0.045454545454545456 0.05244755244755245
