3 0.808300395256917 0.055944055944055944 0.17391304347826086 0.38461538461538464
3 0.8181818181818182 0.024475524475524476 0.09090909090909091 0.15034965034965034
2 0.7490118577075099 0.4160839160839161 0.14031620553359683 0.2692307692307692
2 0.7154150197628458 0.2202797202797203 0.09881422924901186 0.1853146853146853
2 0.10474308300395258 0.33916083916083917 0.1482213438735178 0.13286713286713286
2 0.1976284584980237 0.7412587412587412 0.4308300395256917 0.2517482517482518
1 0.642292490118577 0.4090909090909091 0.045454545454545456 0.17132867132867133
1 0.6620553359683794 0.3531468531468531 0.03162055335968379 0.11188811188811189
1 0.6818181818181818 0.21328671328671328 0.041501976284584984 0.1048951048951049
1 0.5869565217391305 0.34965034965034963 0.043478260869565216 0.13986013986013987
1 0.5217391304347826 0.43006993006993005 0.08695652173913043 0.15384615384615385
1 0.5316205533596838 0.3356643356643357 0.043478260869565216 0.14335664335664336
1 0.3774703557312253 0.45454545454545453 0.04743083003952569 0.17832167832167833
1 0.4031620553359684 0.35664335664335667 0.06126482213438735 0.13636363636363635
1 0.34980237154150196 0.4090909090909091 0.041501976284584984 0.1258741258741259
1 0.274703557312253 0.36363636363636365 0.06126482213438735 0.11888111888111888
1 0.3438735177865613 0.3006993006993007 0.05928853754940711 0.11888111888111888
1 0.30434782608695654 0.32517482517482516 0.03162055335968379 0.10839160839160839
1 0.1422924901185771 0.3986013986013986 0.07905138339920949 0.13636363636363635
1 0.05928853754940711 0.40559440559440557 0.07114624505928854 0.12937062937062938
1 0.233201581027668 0.25524475524475526 0.04743083003952569 0.1048951048951049
1 0.1007905138339921 0.2517482517482518 0.03557312252964427 0.1048951048951049
1 0.04940711462450593 0.24825174825174826 0.03162055335968379 0.10839160839160839
1 0.023715415019762844 0.34965034965034963 0.039525691699604744 0.11188811188811189
1 0.011857707509881422 0.32167832167832167 0.029644268774703556 0.10839160839160839
1 0.1383399209486166 0.2517482517482518 0.03557312252964427 0.08041958041958042
1 0.07905138339920949 0.19230769230769232 0.03557312252964427 0.08741258741258741
1 0.007905138339920948 0.24825174825174826 0.03359683794466403 0.07692307692307693
1 0.18181818181818182 0.2867132867132867 0.045454545454545456 0.06643356643356643
1 0.5889328063241107 0.2902097902097902 0.037549407114624504 0.0979020979020979
1 0.7430830039525692 0.16783216783216784 0.023715415019762844 0.06643356643356643
1 0.7648221343873518 0.13286713286713286 0.017786561264822136 0.06643356643356643
