2 0.1432806324110672 0.5332167832167832 0.22134387351778656 0.20279720279720279
2 0.4871541501976285 0.7534965034965035 0.1422924901185771 0.15034965034965034
2 0.6847826086956522 0.8811188811188811 0.09486166007905138 0.10139860139860139
2 0.7539525691699605 0.8513986013986014 0.03557312252964427 0.05944055944055944
2 0.7658102766798419 0.8531468531468531 0.02766798418972332 0.038461538461538464
2 0.8330039525691699 0.9458041958041958 0.07905138339920949 0.06643356643356643
2 0.8675889328063241 0.9615384615384616 0.06521739130434782 0.05244755244755245
2 0.9664031620553359 1.0524475524475525 0.05731225296442688 0.04895104895104895
2 0.3221343873517787 0.45104895104895104 0.06126482213438735 0.04195804195804196
2 0.42193675889328064 0.534965034965035 0.05533596837944664 0.03496503496503497
2 0.1966403162055336 0.3618881118881119 0.039525691699604744 0.06993006993006994
2 0.17588932806324112 0.32517482517482516 0.037549407114624504 0.055944055944055944
2 0.22826086956521738 0.3793706293706294 0.05928853754940711 0.04895104895104895
2 0.11166007905138339 0.24125874125874125 0.02766798418972332 0.03146853146853147
2 0.06521739130434782 0.21328671328671328 0.03359683794466403 0.045454545454545456
2 0.607707509881423 0.6958041958041958 0.05138339920948617 0.045454545454545456
2 0.674901185770751 0.7727272727272727 0.05533596837944664 0.04195804195804196
2 0.741106719367589 0.8356643356643356 0.06126482213438735 0.045454545454545456
2 0.7934782608695652 0.8741258741258742 0.05928853754940711 0.03146853146853147
2 0.9189723320158103 0.9807692307692307 0.0533596837944664 0.04195804195804196
2 0.967391304347826 1.0227272727272727 0.043478260869565216 0.03496503496503497
1 0.21047430830039526 0.43356643356643354 0.02766798418972332 0.0979020979020979
1 0.19960474308300397 0.40034965034965037 0.029644268774703556 0.0944055944055944
1 0.06324110671936758 0.2972027972027972 0.025691699604743084 0.09090909090909091
1 0.018774703557312252 0.22727272727272727 0.019762845849802372 0.07342657342657342
1 0.04743083003952569 0.23601398601398602 0.017786561264822136 0.07342657342657342
1 0.0691699604743083 0.2534965034965035 0.017786561264822136 0.06293706293706294
1 0.08596837944664032 0.27972027972027974 0.015810276679841896 0.07692307692307693
1 0.10474308300395258 0.3076923076923077 0.021739130434782608 0.08041958041958042
1 0.11956521739130435 0.3006993006993007 0.011857707509881422 0.07342657342657342
1 0.1482213438735178 0.32167832167832167 0.021739130434782608 0.06643356643356643
1 0.19367588932806323 0.3741258741258741 0.021739130434782608 0.06293706293706294
1 0.25592885375494073 0.42832167832167833 0.02766798418972332 0.07342657342657342
1 0.2717391304347826 0.4353146853146853 0.019762845849802372 0.06993006993006994
1 0.4189723320158103 0.6083916083916084 0.041501976284584984 0.08741258741258741
1 0.475296442687747 0.6555944055944056 0.05138339920948617 0.08741258741258741
1 0.4515810276679842 0.6101398601398601 0.043478260869565216 0.06993006993006994
1 0.3606719367588933 0.736013986013986 0.08695652173913043 0.13286713286713286
1 0.3577075098814229 0.7797202797202797 0.08893280632411067 0.13986013986013987
2 0.3310276679841897 0.5314685314685315 0.09881422924901186 0.08041958041958042
1 0.5009881422924901 0.8898601398601399 0.08695652173913043 0.17482517482517482
1 0.5484189723320159 0.8986013986013986 0.05928853754940711 0.18181818181818182
1 0.5207509881422925 0.8426573426573427 0.06719367588932806 0.14685314685314685
1 0.5454545454545454 0.8391608391608392 0.06521739130434782 0.14335664335664336
1 0.6709486166007905 1.0804195804195804 0.09486166007905138 0.10139860139860139
1 0.7401185770750988 1.0996503496503496 0.07905138339920949 0.16783216783216784
1 0.8409090909090909 1.0909090909090908 0.039525691699604744 0.13986013986013987
1 0.8705533596837944 1.0734265734265733 0.039525691699604744 0.12237762237762238
1 0.9189723320158103 1.2202797202797202 0.05731225296442688 0.17832167832167833
1 0.7648221343873518 0.9248251748251748 0.029644268774703556 0.1048951048951049
1 0.8211462450592886 0.9615384615384616 0.02766798418972332 0.09090909090909091
1 0.8320158102766798 1.0034965034965035 0.029644268774703556 0.10139860139860139
1 0.9298418972332015 1.0646853146853146 0.023715415019762844 0.08391608391608392
1 0.9594861660079052 1.0961538461538463 0.015810276679841896 0.08041958041958042
1 0.983201581027668 1.1363636363636365 0.019762845849802372 0.09090909090909091
1 0.9822134387351779 1.1013986013986015 0.017786561264822136 0.06993006993006994
1 0.9693675889328063 1.0524475524475525 0.019762845849802372 0.06643356643356643
1 0.9486166007905138 1.0262237762237763 0.017786561264822136 0.06643356643356643
1 0.9140316205533597 1.0052447552447552 0.023715415019762844 0.055944055944055944
1 0.8814229249011858 0.9772727272727273 0.021739130434782608 0.05944055944055944
1 0.7608695652173914 0.8688811188811189 0.01383399209486166 0.055944055944055944
1 0.717391304347826 0.8426573426573427 0.03359683794466403 0.06993006993006994
1 0.6996047430830039 0.8129370629370629 0.021739130434782608 0.06993006993006994
1 0.6768774703557312 0.8041958041958042 0.03162055335968379 0.06643356643356643
3 0.11462450592885376 0.2674825174825175 0.041501976284584984 0.08041958041958042
3 0.19861660079051383 0.3531468531468531 0.10276679841897234 0.055944055944055944
3 0.26877470355731226 0.3811188811188811 0.07312252964426877 0.055944055944055944
3 0.05632411067193676 0.17482517482517482 0.04743083003952569 0.05944055944055944
