1 0.06719367588932806 0.7832167832167832 0.0533596837944664 0.1853146853146853
1 0.12450592885375494 0.6730769230769231 0.03359683794466403 0.15384615384615385
1 0.16600790513833993 0.743006993006993 0.041501976284584984 0.16083916083916083
1 0.12549407114624506 0.4965034965034965 0.02766798418972332 0.0944055944055944
1 0.044466403162055336 0.45104895104895104 0.03162055335968379 0.0944055944055944
1 0.06521739130434782 0.4090909090909091 0.021739130434782608 0.06643356643356643
1 0.03458498023715415 0.3339160839160839 0.019762845849802372 0.055944055944055944
1 0.10375494071146245 0.3881118881118881 0.02766798418972332 0.08041958041958042
1 0.18774703557312253 0.4405594405594406 0.021739130434782608 0.08041958041958042
1 0.1373517786561265 0.3951048951048951 0.015810276679841896 0.05944055944055944
1 0.10770750988142293 0.3321678321678322 0.023715415019762844 0.06643356643356643
1 0.2490118577075099 0.4353146853146853 0.041501976284584984 0.07692307692307693
1 0.17687747035573123 0.34440559440559443 0.015810276679841896 0.06293706293706294
1 0.1956521739130435 0.3111888111888112 0.017786561264822136 0.045454545454545456
1 0.19960474308300397 0.34440559440559443 0.017786561264822136 0.055944055944055944
1 0.21146245059288538 0.40559440559440557 0.025691699604743084 0.06643356643356643
1 0.22332015810276679 0.36363636363636365 0.01383399209486166 0.05244755244755245
1 0.44861660079051385 0.4370629370629371 0.041501976284584984 0.07342657342657342
1 0.8359683794466403 0.6118881118881119 0.07312252964426877 0.11538461538461539
1 0.9199604743083004 0.7237762237762237 0.08695652173913043 0.14335664335664336
1 0.40711462450592883 0.9195804195804196 0.08893280632411067 0.14335664335664336
1 0.5770750988142292 0.8076923076923077 0.05731225296442688 0.17132867132867133
1 0.6541501976284585 0.9003496503496503 0.04940711462450593 0.17482517482517482
1 0.2845849802371542 0.3129370629370629 0.017786561264822136 0.04195804195804196
1 0.30138339920948615 0.30594405594405594 0.015810276679841896 0.04195804195804196
1 0.35177865612648224 0.3006993006993007 0.021739130434782608 0.038461538461538464
1 0.38636363636363635 0.291958041958042 0.023715415019762844 0.03496503496503497
1 0.7381422924901185 0.35664335664335667 0.015810276679841896 0.05944055944055944
1 0.7539525691699605 0.38461538461538464 0.015810276679841896 0.05944055944055944
1 0.8646245059288538 0.49125874125874125 0.05533596837944664 0.08391608391608392
1 0.8586956521739131 0.3479020979020979 0.019762845849802372 0.04895104895104895
1 0.8784584980237155 0.34265734265734266 0.02766798418972332 0.05244755244755245
1 0.708498023715415 0.3181818181818182 0.02766798418972332 0.038461538461538464
2 0.30237154150197626 0.5297202797202797 0.116600790513834 0.13986013986013987
2 0.4980237154150198 0.548951048951049 0.1324110671936759 0.10839160839160839
2 0.24110671936758893 0.32867132867132864 0.0533596837944664 0.05244755244755245
2 0.32608695652173914 0.3006993006993007 0.045454545454545456 0.038461538461538464
2 0.44664031620553357 0.28496503496503495 0.0533596837944664 0.04195804195804196
3 0.6739130434782609 0.29895104895104896 0.07312252964426877 0.055944055944055944
3 0.1492094861660079 0.3409090909090909 0.043478260869565216 0.07692307692307693
2 0.39822134387351776 0.8024475524475524 0.21739130434782608 0.22377622377622378
2 0.6037549407114624 0.3041958041958042 0.06324110671936758 0.05244755244755245
2 0.8982213438735178 0.3881118881118881 0.05138339920948617 0.05944055944055944
2 0.8873517786561265 0.47202797202797203 0.06126482213438735 0.08741258741258741
2 0.9664031620553359 0.4143356643356643 0.05731225296442688 0.07692307692307693
2 0.8814229249011858 0.31643356643356646 0.0533596837944664 0.04195804195804196
2 0.8369565217391305 0.3776223776223776 0.03557312252964427 0.06643356643356643
2 0.974308300395257 0.3339160839160839 0.037549407114624504 0.055944055944055944
4 0.7885375494071146 0.3968531468531469 0.0691699604743083 0.13286713286713286
4 0.32707509881422925 0.43356643356643354 0.10276679841897234 0.15734265734265734
2 0.8754940711462451 0.9300699300699301 0.23122529644268774 0.12937062937062938
