1 0.06126482213438735 0.5174825174825175 0.05731225296442688 0.17132867132867133
1 0.06324110671936758 0.4090909090909091 0.037549407114624504 0.1258741258741259
1 0.043478260869565216 0.32867132867132864 0.03162055335968379 0.10139860139860139
1 0.07707509881422925 0.3531468531468531 0.02766798418972332 0.09090909090909091
1 0.08695652173913043 0.3146853146853147 0.025691699604743084 0.0944055944055944
1 0.13043478260869565 0.2902097902097902 0.025691699604743084 0.0944055944055944
1 0.2628458498023715 0.3986013986013986 0.04743083003952569 0.11888111888111888
1 0.31620553359683795 0.34965034965034963 0.043478260869565216 0.10139860139860139
1 0.18774703557312253 0.28321678321678323 0.021739130434782608 0.08741258741258741
1 0.16403162055335968 0.28321678321678323 0.019762845849802372 0.08041958041958042
1 0.3774703557312253 0.4090909090909091 0.06521739130434782 0.12237762237762238
1 0.44664031620553357 0.4090909090909091 0.05928853754940711 0.11188811188811189
1 0.4407114624505929 0.38461538461538464 0.04743083003952569 0.0944055944055944
1 0.5355731225296443 0.3986013986013986 0.05928853754940711 0.10839160839160839
1 0.5059288537549407 0.5104895104895105 0.08102766798418973 0.13286713286713286
1 0.5533596837944664 0.7167832167832168 0.07312252964426877 0.23426573426573427
1 0.6047430830039525 0.541958041958042 0.07905138339920949 0.15384615384615385
1 0.6857707509881423 0.5314685314685315 0.08498023715415019 0.14335664335664336
1 0.6225296442687747 0.486013986013986 0.06719367588932806 0.11538461538461539
1 0.6343873517786561 0.40559440559440557 0.06126482213438735 0.10839160839160839
1 0.6857707509881423 0.44755244755244755 0.05928853754940711 0.11888111888111888
1 0.741106719367589 0.5034965034965035 0.07114624505928854 0.12237762237762238
1 0.8656126482213439 0.5314685314685315 0.09288537549407115 0.14335664335664336
1 0.7924901185770751 0.3741258741258741 0.05731225296442688 0.11188811188811189
1 0.7055335968379447 0.4090909090909091 0.0691699604743083 0.0944055944055944
1 0.7094861660079052 0.32867132867132864 0.04743083003952569 0.08741258741258741
1 0.8399209486166008 0.3811188811188811 0.05533596837944664 0.1048951048951049
1 0.8893280632411067 0.42657342657342656 0.06324110671936758 0.0944055944055944
1 0.9347826086956522 0.4090909090909091 0.05731225296442688 0.10139860139860139
1 0.037549407114624504 0.25524475524475526 0.025691699604743084 0.06993006993006994
1 0.08300395256916997 0.22377622377622378 0.02766798418972332 0.08041958041958042
1 0.5474308300395256 0.27972027972027974 0.03162055335968379 0.07692307692307693
1 0.19367588932806323 0.24475524475524477 0.025691699604743084 0.07342657342657342
-1 0.4031620553359684 0.2517482517482518 0.03557312252964427 0.08741258741258741
4 0.22924901185770752 0.23426573426573427 0.1541501976284585 0.16783216783216784
2 0.4268774703557312 0.3356643356643357 0.14031620553359683 0.13986013986013987
2 0.5237154150197628 0.33916083916083917 0.1324110671936759 0.10839160839160839
2 0.6126482213438735 0.3356643356643357 0.12648221343873517 0.0944055944055944
2 0.44861660079051385 0.2902097902097902 0.11462450592885376 0.08391608391608392
2 0.525691699604743 0.25524475524475526 0.07114624505928854 0.09090909090909091
2 0.49604743083003955 0.22727272727272727 0.05731225296442688 0.06643356643356643
2 0.45454545454545453 0.2097902097902098 0.041501976284584984 0.06993006993006994
2 0.4189723320158103 0.1853146853146853 0.07312252964426877 0.055944055944055944
2 0.5513833992094862 0.2097902097902098 0.06521739130434782 0.06293706293706294
4 0.5830039525691699 0.15734265734265734 0.09486166007905138 0.09090909090909091
1 0.1225296442687747 0.16783216783216784 0.023715415019762844 0.055944055944055944
