2 0.09090909090909091 0.34615384615384615 0.039525691699604744 0.06993006993006994
2 0.1541501976284585 0.3531468531468531 0.04743083003952569 0.06643356643356643
2 0.18181818181818182 0.26573426573426573 0.06719367588932806 0.055944055944055944
2 0.09288537549407115 0.28321678321678323 0.029644268774703556 0.05244755244755245
2 0.08300395256916997 0.2517482517482518 0.023715415019762844 0.038461538461538464
2 0.274703557312253 0.28321678321678323 0.05731225296442688 0.05244755244755245
2 0.5533596837944664 0.2867132867132867 0.05533596837944664 0.04195804195804196
2 0.549407114624506 0.2692307692307692 0.06126482213438735 0.03496503496503497
2 0.6442687747035574 0.3006993006993007 0.04940711462450593 0.04195804195804196
2 0.8043478260869565 0.3321678321678322 0.039525691699604744 0.055944055944055944
2 0.8221343873517787 0.3706293706293706 0.04743083003952569 0.055944055944055944
2 0.883399209486166 0.3811188811188811 0.05533596837944664 0.06993006993006994
2 0.9565217391304348 0.3776223776223776 0.037549407114624504 0.05944055944055944
2 0.8675889328063241 0.35664335664335667 0.06324110671936758 0.05244755244755245
2 0.7964426877470355 0.2937062937062937 0.0533596837944664 0.045454545454545456
2 0.7569169960474308 0.25524475524475526 0.045454545454545456 0.04195804195804196
2 0.7549407114624506 0.32517482517482516 0.03162055335968379 0.04195804195804196
1 0.17588932806324112 0.7762237762237763 0.08300395256916997 0.1888111888111888
1 0.33992094861660077 0.7972027972027972 0.08102766798418973 0.17482517482517482
1 0.733201581027668 0.34615384615384615 0.015810276679841896 0.06643356643356643
1 0.7114624505928854 0.32167832167832167 0.015810276679841896 0.04195804195804196
1 0.8557312252964426 0.32167832167832167 0.023715415019762844 0.04195804195804196
1 0.883399209486166 0.32867132867132864 0.017786561264822136 0.027972027972027972
1 0.37351778656126483 0.4370629370629371 0.041501976284584984 0.07342657342657342
1 0.4150197628458498 0.38461538461538464 0.045454545454545456 0.07342657342657342
1 0.35375494071146246 0.4125874125874126 0.03162055335968379 0.06993006993006994
1 0.2490118577075099 0.4125874125874126 0.04743083003952569 0.06643356643356643
1 0.22332015810276679 0.4370629370629371 0.03359683794466403 0.0979020979020979
1 0.18379446640316205 0.3881118881118881 0.017786561264822136 0.07692307692307693
1 0.15612648221343872 0.36713286713286714 0.021739130434782608 0.06643356643356643
1 0.08300395256916997 0.44755244755244755 0.023715415019762844 0.09090909090909091
1 0.09486166007905138 0.3776223776223776 0.019762845849802372 0.06993006993006994
1 0.0533596837944664 0.3811188811188811 0.021739130434782608 0.07342657342657342
1 0.015810276679841896 0.34265734265734266 0.019762845849802372 0.06643356643356643
1 0.05138339920948617 0.32867132867132864 0.025691699604743084 0.05944055944055944
1 0.0533596837944664 0.2937062937062937 0.021739130434782608 0.05244755244755245
1 0.15810276679841898 0.2867132867132867 0.01383399209486166 0.04895104895104895
1 0.21541501976284586 0.3181818181818182 0.015810276679841896 0.04895104895104895
1 0.18774703557312253 0.2902097902097902 0.019762845849802372 0.055944055944055944
1 0.35968379446640314 0.27972027972027974 0.023715415019762844 0.038461538461538464
1 0.383399209486166 0.2727272727272727 0.03557312252964427 0.04195804195804196
3 0.33201581027667987 0.4160839160839161 0.34189723320158105 0.32867132867132864
3 0.6798418972332015 0.2727272727272727 0.06126482213438735 0.05244755244755245
