1 0.05138339920948617 0.5944055944055944 0.03359683794466403 0.13286713286713286
1 0.1007905138339921 0.4090909090909091 0.023715415019762844 0.08391608391608392
1 0.13636363636363635 0.40559440559440557 0.023715415019762844 0.07692307692307693
1 0.18774703557312253 0.4090909090909091 0.019762845849802372 0.08041958041958042
1 0.22134387351778656 0.4370629370629371 0.023715415019762844 0.08041958041958042
1 0.16798418972332016 0.36363636363636365 0.021739130434782608 0.08391608391608392
1 0.08695652173913043 0.35664335664335667 0.017786561264822136 0.05244755244755245
1 0.07114624505928854 0.32517482517482516 0.011857707509881422 0.055944055944055944
1 0.3774703557312253 0.3881118881118881 0.03557312252964427 0.07692307692307693
1 0.391304347826087 0.6293706293706294 0.043478260869565216 0.14335664335664336
1 0.2648221343873518 0.7202797202797203 0.06324110671936758 0.16433566433566432
1 0.29446640316205536 0.7867132867132867 0.07312252964426877 0.1888111888111888
1 0.42292490118577075 0.8286713286713286 0.08300395256916997 0.16083916083916083
1 0.44664031620553357 0.6958041958041958 0.0533596837944664 0.17132867132867133
1 0.5019762845849802 0.6363636363636364 0.06126482213438735 0.13986013986013987
1 0.525691699604743 0.5699300699300699 0.0533596837944664 0.1258741258741259
1 0.5553359683794467 0.8496503496503497 0.05928853754940711 0.14335664335664336
1 0.4426877470355731 0.38461538461538464 0.041501976284584984 0.07692307692307693
1 0.567193675889328 0.3916083916083916 0.043478260869565216 0.06643356643356643
1 0.023715415019762844 0.32517482517482516 0.015810276679841896 0.06993006993006994
1 0.7272727272727273 0.3706293706293706 0.017786561264822136 0.06993006993006994
1 0.7707509881422925 0.35664335664335667 0.023715415019762844 0.06293706293706294
1 0.8122529644268774 0.36013986013986016 0.017786561264822136 0.055944055944055944
1 0.8517786561264822 0.3881118881118881 0.021739130434782608 0.06293706293706294
1 0.958498023715415 0.4195804195804196 0.03162055335968379 0.06993006993006994
1 0.8794466403162056 0.33916083916083917 0.02766798418972332 0.055944055944055944
1 0.9683794466403162 0.34965034965034963 0.017786561264822136 0.055944055944055944
1 0.7055335968379447 0.3041958041958042 0.019762845849802372 0.04895104895104895
1 0.7865612648221344 0.2867132867132867 0.023715415019762844 0.04195804195804196
1 0.8399209486166008 0.2902097902097902 0.025691699604743084 0.038461538461538464
1 0.8754940711462451 0.2902097902097902 0.025691699604743084 0.03496503496503497
1 0.924901185770751 0.2762237762237762 0.03359683794466403 0.04895104895104895
2 0.1482213438735178 0.6258741258741258 0.18972332015810275 0.1993006993006993
2 0.6403162055335968 0.6783216783216783 0.22134387351778656 0.2202797202797203
2 0.20948616600790515 0.36713286713286714 0.0691699604743083 0.06993006993006994
2 0.11462450592885376 0.34265734265734266 0.04940711462450593 0.06993006993006994
2 0.09683794466403162 0.3111888111888112 0.029644268774703556 0.045454545454545456
2 0.12450592885375494 0.2902097902097902 0.025691699604743084 0.04895104895104895
2 0.1600790513833992 0.3181818181818182 0.03557312252964427 0.05944055944055944
2 0.5592885375494071 0.2762237762237762 0.045454545454545456 0.038461538461538464
2 0.8003952569169961 0.32517482517482516 0.07312252964426877 0.05944055944055944
2 0.6818181818181818 0.27972027972027974 0.05533596837944664 0.045454545454545456
2 0.3221343873517787 0.27972027972027974 0.06324110671936758 0.04195804195804196
4 0.005928853754940711 0.3951048951048951 0.09090909090909091 0.22727272727272727
4 0.23715415019762845 0.2727272727272727 0.0691699604743083 0.06993006993006994
