1 0.06225296442687747 0.8059440559440559 0.07509881422924901 0.23076923076923078
1 0.03162055335968379 0.36538461538461536 0.021739130434782608 0.0979020979020979
1 0.08596837944664032 0.31643356643356646 0.02766798418972332 0.08391608391608392
1 0.06324110671936758 0.29545454545454547 0.021739130434782608 0.06993006993006994
1 0.04841897233201581 0.28496503496503495 0.019762845849802372 0.06293706293706294
1 0.024703557312252964 0.2727272727272727 0.019762845849802372 0.07342657342657342
1 0.22924901185770752 0.3741258741258741 0.037549407114624504 0.0944055944055944
1 0.2816205533596838 0.3741258741258741 0.03557312252964427 0.0944055944055944
1 0.3102766798418972 0.3583916083916084 0.025691699604743084 0.08391608391608392
1 0.25395256916996045 0.3339160839160839 0.02766798418972332 0.07692307692307693
1 0.20652173913043478 0.3146853146853147 0.015810276679841896 0.07342657342657342
1 0.1956521739130435 0.263986013986014 0.021739130434782608 0.07692307692307693
1 0.516798418972332 0.4772727272727273 0.06719367588932806 0.11188811188811189
1 0.5859683794466403 0.527972027972028 0.06719367588932806 0.12937062937062938
1 0.7648221343873518 0.6223776223776224 0.08893280632411067 0.13636363636363635
1 0.7035573122529645 0.5611888111888111 0.08102766798418973 0.13286713286713286
1 0.9565217391304348 0.6066433566433567 0.07312252964426877 0.1258741258741259
1 0.9061264822134387 0.5437062937062938 0.07509881422924901 0.11888111888111888
1 0.7529644268774703 0.5297202797202797 0.0691699604743083 0.11888111888111888
1 0.6294466403162056 0.4632867132867133 0.05928853754940711 0.11888111888111888
1 0.5849802371541502 0.4772727272727273 0.0533596837944664 0.1048951048951049
1 0.5316205533596838 0.4090909090909091 0.045454545454545456 0.08741258741258741
1 0.6857707509881423 0.45454545454545453 0.06521739130434782 0.11538461538461539
1 0.7094861660079052 0.42832167832167833 0.037549407114624504 0.09090909090909091
1 0.7934782608695652 0.47202797202797203 0.06324110671936758 0.10839160839160839
1 0.75 0.4178321678321678 0.043478260869565216 0.08391608391608392
1 0.6946640316205533 0.34965034965034963 0.039525691699604744 0.07342657342657342
1 0.8942687747035574 0.4597902097902098 0.06719367588932806 0.1048951048951049
1 0.9624505928853755 0.4982517482517482 0.0691699604743083 0.1048951048951049
1 0.5128458498023716 0.3321678321678322 0.03557312252964427 0.05244755244755245
1 0.33794466403162055 0.3146853146853147 0.021739130434782608 0.05944055944055944
1 0.36264822134387353 0.291958041958042 0.019762845849802372 0.04195804195804196
1 0.5266798418972332 0.29895104895104896 0.019762845849802372 0.06993006993006994
2 0.06719367588932806 0.6048951048951049 0.12055335968379446 0.2062937062937063
2 0.4041501976284585 0.36713286713286714 0.12648221343873517 0.12237762237762238
2 0.1541501976284585 0.2937062937062937 0.06126482213438735 0.05944055944055944
2 0.11561264822134387 0.26048951048951047 0.05533596837944664 0.055944055944055944
2 0.17292490118577075 0.21153846153846154 0.06324110671936758 0.04195804195804196
2 0.2075098814229249 0.25 0.0691699604743083 0.055944055944055944
2 0.2717391304347826 0.26048951048951047 0.07114624505928854 0.055944055944055944
2 0.32806324110671936 0.2517482517482518 0.04940711462450593 0.05244755244755245
2 0.3616600790513834 0.2727272727272727 0.06126482213438735 0.05244755244755245
2 0.4140316205533597 0.229020979020979 0.03557312252964427 0.04895104895104895
2 0.4733201581027668 0.28321678321678323 0.043478260869565216 0.08041958041958042
2 0.45553359683794464 0.22552447552447552 0.05138339920948617 0.04195804195804196
2 0.591897233201581 0.34265734265734266 0.1067193675889328 0.10139860139860139
2 0.5573122529644269 0.27972027972027974 0.037549407114624504 0.045454545454545456
2 0.525691699604743 0.25524475524475526 0.0533596837944664 0.06643356643356643
2 0.5830039525691699 0.24125874125874125 0.06126482213438735 0.05244755244755245
2 0.6492094861660079 0.229020979020979 0.06719367588932806 0.04895104895104895
3 0.49308300395256915 0.19405594405594406 0.05928853754940711 0.04195804195804196
