1 0.5128458498023716 0.7867132867132867 0.07905138339920949 0.1993006993006993
1 0.3883399209486166 0.6835664335664335 0.07509881422924901 0.20279720279720279
1 0.41699604743083 0.7709790209790209 0.116600790513834 0.13986013986013987
1 0.31620553359683795 0.6398601398601399 0.07707509881422925 0.1853146853146853
1 0.39624505928853754 0.6153846153846154 0.05533596837944664 0.16783216783216784
1 0.4515810276679842 0.6818181818181818 0.04743083003952569 0.17132867132867133
1 0.5909090909090909 0.777972027972028 0.0533596837944664 0.17482517482517482
1 0.5128458498023716 0.6643356643356644 0.043478260869565216 0.16083916083916083
1 0.7628458498023716 0.8881118881118881 0.03359683794466403 0.15384615384615385
1 0.7984189723320159 0.8758741258741258 0.03359683794466403 0.14335664335664336
1 0.6630434782608695 0.7972027972027972 0.03557312252964427 0.10139860139860139
1 0.6215415019762845 0.7587412587412588 0.043478260869565216 0.14335664335664336
1 0.08794466403162056 0.19230769230769232 0.043478260869565216 0.0979020979020979
1 0.4841897233201581 0.5856643356643356 0.041501976284584984 0.11538461538461539
1 0.4683794466403162 0.5454545454545454 0.041501976284584984 0.0979020979020979
2 0.8438735177865613 0.9877622377622378 0.1482213438735178 0.3181818181818182
2 0.8112648221343873 1.132867132867133 0.20553359683794467 0.34615384615384615
2 0.6679841897233202 0.8881118881118881 0.15612648221343872 0.2867132867132867
2 0.6640316205533597 0.7902097902097902 0.17193675889328064 0.15034965034965034
2 0.7905138339920948 0.8356643356643356 0.09288537549407115 0.1258741258741259
2 0.908102766798419 0.9423076923076923 0.08695652173913043 0.14335664335664336
2 0.9337944664031621 0.9195804195804196 0.07114624505928854 0.11538461538461539
2 0.24604743083003952 0.5524475524475524 0.1976284584980237 0.22727272727272727
2 0.08695652173913043 0.32342657342657344 0.16403162055335968 0.1993006993006993
2 0.4357707509881423 0.9702797202797203 0.391304347826087 0.17132867132867133
4 0.1432806324110672 0.541958041958042 0.233201581027668 0.33916083916083917
3 0.8211462450592886 0.8129370629370629 0.07905138339920949 0.11888111888111888
0 0.12845849802371542 0.3951048951048951 0.041501976284584984 0.10139860139860139
1 0.38735177865612647 0.5786713286713286 0.045454545454545456 0.1048951048951049
1 0.44664031620553357 0.6363636363636364 0.037549407114624504 0.11888111888111888
1 0.4515810276679842 0.5961538461538461 0.043478260869565216 0.11538461538461539
1 0.5543478260869565 0.6713286713286714 0.03162055335968379 0.13286713286713286
1 0.5276679841897233 0.7377622377622378 0.041501976284584984 0.12237762237762238
1 0.5563241106719368 0.7395104895104895 0.02766798418972332 0.14335664335664336
