1 0.03162055335968379 0.9038461538461539 0.04940711462450593 0.17482517482517482
1 0.12450592885375494 0.7902097902097902 0.029644268774703556 0.17832167832167833
1 0.11857707509881422 0.6486013986013986 0.037549407114624504 0.11188811188811189
1 0.191699604743083 0.6381118881118881 0.037549407114624504 0.13986013986013987
1 0.23023715415019763 0.5926573426573427 0.02766798418972332 0.11888111888111888
1 0.17391304347826086 0.47202797202797203 0.021739130434782608 0.0944055944055944
1 0.0533596837944664 0.43006993006993005 0.029644268774703556 0.08041958041958042
1 0.041501976284584984 0.3811188811188811 0.025691699604743084 0.05944055944055944
1 0.016798418972332016 0.3583916083916084 0.019762845849802372 0.06993006993006994
1 0.05928853754940711 0.3374125874125874 0.017786561264822136 0.06993006993006994
1 0.07509881422924901 0.32342657342657344 0.01383399209486166 0.055944055944055944
1 0.11067193675889328 0.38986013986013984 0.021739130434782608 0.06993006993006994
1 0.11857707509881422 0.36363636363636365 0.021739130434782608 0.05944055944055944
1 0.24308300395256918 0.3776223776223776 0.017786561264822136 0.05244755244755245
1 0.17094861660079053 0.32867132867132864 0.015810276679841896 0.05944055944055944
1 0.43280632411067194 0.5192307692307693 0.045454545454545456 0.09090909090909091
1 0.47035573122529645 0.5629370629370629 0.0533596837944664 0.10139860139860139
1 0.44762845849802374 0.6870629370629371 0.039525691699604744 0.13286713286713286
1 0.4673913043478261 0.8793706293706294 0.07905138339920949 0.18181818181818182
1 0.6669960474308301 0.6311188811188811 0.039525691699604744 0.13286713286713286
1 0.7677865612648221 0.4423076923076923 0.015810276679841896 0.07692307692307693
1 0.883399209486166 0.5611888111888111 0.06521739130434782 0.0979020979020979
1 0.8646245059288538 0.493006993006993 0.023715415019762844 0.08741258741258741
1 0.9051383399209486 0.4493006993006993 0.021739130434782608 0.07692307692307693
1 0.7460474308300395 0.3758741258741259 0.015810276679841896 0.04195804195804196
1 0.7272727272727273 0.33916083916083917 0.017786561264822136 0.05244755244755245
1 0.7519762845849802 0.31993006993006995 0.015810276679841896 0.055944055944055944
1 0.7845849802371542 0.3181818181818182 0.021739130434782608 0.038461538461538464
1 0.7816205533596838 0.40034965034965037 0.019762845849802372 0.07692307692307693
1 0.8893280632411067 0.40559440559440557 0.017786561264822136 0.05944055944055944
1 0.9594861660079052 0.43006993006993005 0.03162055335968379 0.07342657342657342
1 0.2707509881422925 0.3094405594405594 0.025691699604743084 0.055944055944055944
1 0.19268774703557312 0.3006993006993007 0.019762845849802372 0.045454545454545456
1 0.22035573122529645 0.2972027972027972 0.019762845849802372 0.045454545454545456
1 0.23616600790513834 0.3094405594405594 0.023715415019762844 0.04895104895104895
1 0.3824110671936759 0.2937062937062937 0.023715415019762844 0.05244755244755245
1 0.4041501976284585 0.2937062937062937 0.023715415019762844 0.03146853146853147
2 0.21047430830039526 0.3531468531468531 0.03557312252964427 0.05944055944055944
2 0.10375494071146245 0.31643356643356646 0.03557312252964427 0.055944055944055944
2 0.15118577075098813 0.28146853146853146 0.023715415019762844 0.04195804195804196
2 0.16304347826086957 0.3881118881118881 0.04743083003952569 0.06643356643356643
2 0.31719367588932806 0.6695804195804196 0.16205533596837945 0.1258741258741259
2 0.5948616600790514 0.736013986013986 0.15217391304347827 0.22377622377622378
2 0.7272727272727273 0.4318181818181818 0.06521739130434782 0.07692307692307693
2 0.5612648221343873 0.3041958041958042 0.045454545454545456 0.038461538461538464
2 0.6106719367588933 0.291958041958042 0.0533596837944664 0.03496503496503497
2 0.6492094861660079 0.30594405594405594 0.06324110671936758 0.04895104895104895
2 0.8873517786561265 0.36538461538461536 0.0691699604743083 0.055944055944055944
2 0.8379446640316206 0.3986013986013986 0.04940711462450593 0.05244755244755245
2 0.8300395256916996 0.36363636363636365 0.0533596837944664 0.05244755244755245
2 0.8359683794466403 0.9178321678321678 0.24703557312252963 0.14685314685314685
3 0.2549407114624506 0.8566433566433567 0.274703557312253 0.2762237762237762
4 0.8399209486166008 0.75 0.29446640316205536 0.40559440559440557
2 0.3952569169960474 0.42832167832167833 0.08498023715415019 0.07692307692307693
