2 0.8142292490118577 0.1958041958041958 0.08102766798418973 0.1048951048951049
2 0.0533596837944664 0.21678321678321677 0.07509881422924901 0.0944055944055944
1 0.233201581027668 0.12937062937062938 0.045454545454545456 0.06993006993006994
1 0.5849802371541502 0.7237762237762237 0.07905138339920949 0.22727272727272727
1 0.3675889328063241 0.8741258741258742 0.08893280632411067 0.11888111888111888
1 0.7292490118577075 0.3881118881118881 0.0533596837944664 0.15034965034965034
1 0.7885375494071146 0.44755244755244755 0.04940711462450593 0.17132867132867133
1 0.7490118577075099 0.2517482517482518 0.03162055335968379 0.11188811188811189
1 0.841897233201581 0.2902097902097902 0.03557312252964427 0.11538461538461539
1 0.8913043478260869 0.14335664335664336 0.025691699604743084 0.07342657342657342
1 0.12055335968379446 0.2727272727272727 0.043478260869565216 0.11538461538461539
1 0.037549407114624504 0.2937062937062937 0.03359683794466403 0.08391608391608392
0 0.616600790513834 0.013986013986013986 0.011857707509881422 0.04195804195804196
