1 0.1857707509881423 0.45454545454545453 0.039525691699604744 0.13636363636363635
1 0.02766798418972332 0.4370629370629371 0.037549407114624504 0.08391608391608392
1 0.037549407114624504 0.36713286713286714 0.03359683794466403 0.08741258741258741
1 0.041501976284584984 0.3006993006993007 0.02766798418972332 0.06993006993006994
1 0.017786561264822136 0.24825174825174826 0.015810276679841896 0.05944055944055944
1 0.039525691699604744 0.2517482517482518 0.019762845849802372 0.05944055944055944
1 0.06324110671936758 0.26573426573426573 0.021739130434782608 0.08391608391608392
1 0.09486166007905138 0.32867132867132864 0.019762845849802372 0.10139860139860139
1 0.1067193675889328 0.28321678321678323 0.03359683794466403 0.08391608391608392
1 0.13636363636363635 0.27972027972027974 0.03162055335968379 0.07692307692307693
1 0.2707509881422925 0.40559440559440557 0.029644268774703556 0.1258741258741259
1 0.2727272727272727 0.32167832167832167 0.03557312252964427 0.0979020979020979
1 0.3300395256916996 0.3531468531468531 0.025691699604743084 0.1048951048951049
1 0.2984189723320158 0.3146853146853147 0.025691699604743084 0.09090909090909091
1 0.3616600790513834 0.3776223776223776 0.05928853754940711 0.11188811188811189
1 0.35968379446640314 0.33916083916083917 0.017786561264822136 0.0944055944055944
1 0.24308300395256918 0.24825174825174826 0.03359683794466403 0.055944055944055944
1 0.15019762845849802 0.2202797202797203 0.025691699604743084 0.05944055944055944
1 0.1600790513833992 0.1853146853146853 0.025691699604743084 0.04895104895104895
1 0.18774703557312253 0.20279720279720279 0.02766798418972332 0.06293706293706294
1 0.25889328063241107 0.1888111888111888 0.025691699604743084 0.04895104895104895
1 0.41304347826086957 0.36363636363636365 0.05928853754940711 0.08741258741258741
1 0.6324110671936759 0.3986013986013986 0.023715415019762844 0.1258741258741259
1 0.7193675889328063 0.479020979020979 0.07905138339920949 0.11888111888111888
1 0.7865612648221344 0.458041958041958 0.06521739130434782 0.12237762237762238
1 0.9130434782608695 0.4405594405594406 0.0533596837944664 0.10839160839160839
1 0.9426877470355731 0.513986013986014 0.0533596837944664 0.11888111888111888
1 0.4743083003952569 0.3111888111888112 0.043478260869565216 0.08041958041958042
2 0.005928853754940711 0.5104895104895105 0.0691699604743083 0.2727272727272727
2 0.11264822134387352 0.36363636363636365 0.07312252964426877 0.13286713286713286
2 0.3102766798418972 0.2867132867132867 0.08498023715415019 0.07342657342657342
2 0.38735177865612647 0.3111888111888112 0.09683794466403162 0.08391608391608392
2 0.2845849802371542 0.25874125874125875 0.06719367588932806 0.05944055944055944
2 0.38735177865612647 0.24825174825174826 0.041501976284584984 0.06643356643356643
2 0.3300395256916996 0.2097902097902098 0.07312252964426877 0.03496503496503497
2 0.09090909090909091 0.23426573426573427 0.07114624505928854 0.08041958041958042
2 0.5019762845849802 0.3741258741258741 0.06719367588932806 0.14685314685314685
2 0.5316205533596838 0.32517482517482516 0.05138339920948617 0.10839160839160839
2 0.5316205533596838 0.2727272727272727 0.05731225296442688 0.06993006993006994
2 0.466403162055336 0.25874125874125875 0.05533596837944664 0.05944055944055944
2 0.4268774703557312 0.2202797202797203 0.045454545454545456 0.055944055944055944
2 0.5632411067193676 0.21678321678321677 0.045454545454545456 0.04895104895104895
2 0.5059288537549407 0.21678321678321677 0.045454545454545456 0.055944055944055944
2 0.6225296442687747 0.21678321678321677 0.05533596837944664 0.038461538461538464
2 0.5928853754940712 0.19230769230769232 0.05928853754940711 0.038461538461538464
2 0.7035573122529645 0.2097902097902098 0.06521739130434782 0.04195804195804196
