1 0.2727272727272727 0.6625874125874126 0.04940711462450593 0.1958041958041958
1 0.24308300395256918 0.5961538461538461 0.05731225296442688 0.14685314685314685
1 0.1907114624505929 0.3583916083916084 0.03162055335968379 0.08391608391608392
1 0.09683794466403162 0.32167832167832167 0.025691699604743084 0.08041958041958042
1 0.07213438735177866 0.25 0.023715415019762844 0.06293706293706294
1 0.1383399209486166 0.29895104895104896 0.021739130434782608 0.06993006993006994
1 0.1590909090909091 0.2972027972027972 0.023715415019762844 0.07342657342657342
1 0.3458498023715415 0.46503496503496505 0.037549407114624504 0.12937062937062938
1 0.49703557312252966 0.5 0.02766798418972332 0.12937062937062938
1 0.3942687747035573 0.36713286713286714 0.043478260869565216 0.08741258741258741
1 0.5820158102766798 0.5821678321678322 0.039525691699604744 0.13986013986013987
1 0.6482213438735178 0.4195804195804196 0.04940711462450593 0.10139860139860139
1 0.5780632411067194 0.40559440559440557 0.04743083003952569 0.0944055944055944
1 0.4762845849802372 0.40559440559440557 0.037549407114624504 0.08741258741258741
1 0.5039525691699605 0.3688811188811189 0.021739130434782608 0.0979020979020979
1 0.6067193675889329 0.3409090909090909 0.029644268774703556 0.07692307692307693
1 0.8478260869565217 0.493006993006993 0.06126482213438735 0.12937062937062938
1 0.91600790513834 0.5157342657342657 0.06324110671936758 0.11888111888111888
1 0.9654150197628458 0.5611888111888111 0.06324110671936758 0.1258741258741259
1 0.3458498023715415 0.3269230769230769 0.021739130434782608 0.07692307692307693
1 0.3458498023715415 0.25 0.017786561264822136 0.06993006993006994
1 0.23122529644268774 0.21853146853146854 0.029644268774703556 0.04895104895104895
1 0.31521739130434784 0.20454545454545456 0.023715415019762844 0.04195804195804196
1 0.38735177865612647 0.2202797202797203 0.021739130434782608 0.05244755244755245
1 0.5276679841897233 0.32167832167832167 0.017786561264822136 0.07342657342657342
1 0.5454545454545454 0.30594405594405594 0.025691699604743084 0.06993006993006994
4 0.28063241106719367 0.32867132867132864 0.12055335968379446 0.16433566433566432
2 0.43280632411067194 0.3269230769230769 0.1007905138339921 0.0979020979020979
2 0.5177865612648221 0.2744755244755245 0.0533596837944664 0.06993006993006994
2 0.48023715415019763 0.23426573426573427 0.07312252964426877 0.038461538461538464
2 0.41304347826086957 0.23601398601398602 0.037549407114624504 0.04195804195804196
2 0.5563241106719368 0.22552447552447552 0.05138339920948617 0.055944055944055944
2 0.525691699604743 0.22377622377622378 0.045454545454545456 0.05244755244755245
2 0.633399209486166 0.22727272727272727 0.043478260869565216 0.038461538461538464
2 0.6936758893280632 0.3706293706293706 0.10474308300395258 0.10139860139860139
2 0.17885375494071146 0.2097902097902098 0.06719367588932806 0.045454545454545456
3 0.5128458498023716 0.17482517482517482 0.09486166007905138 0.05944055944055944
2 0.6778656126482213 0.21678321678321677 0.045454545454545456 0.038461538461538464
