1 0.8112648221343873 1.0419580419580419 0.06719367588932806 0.2062937062937063
1 0.7440711462450593 0.9825174825174825 0.07509881422924901 0.1993006993006993
1 0.782608695652174 1.118881118881119 0.09683794466403162 0.22727272727272727
1 0.9575098814229249 1.2902097902097902 0.07114624505928854 0.16783216783216784
1 0.6808300395256917 0.8583916083916084 0.04743083003952569 0.1888111888111888
1 0.6986166007905138 0.8286713286713286 0.039525691699604744 0.13986013986013987
1 0.6393280632411067 0.7832167832167832 0.039525691699604744 0.15734265734265734
1 0.5642292490118577 0.7307692307692307 0.043478260869565216 0.14335664335664336
1 0.4990118577075099 0.6398601398601399 0.05138339920948617 0.14685314685314685
1 0.5849802371541502 0.6800699300699301 0.03359683794466403 0.1048951048951049
1 0.5810276679841897 0.7202797202797203 0.029644268774703556 0.12237762237762238
1 0.6205533596837944 0.701048951048951 0.029644268774703556 0.13286713286713286
1 0.6521739130434783 0.7482517482517482 0.037549407114624504 0.11538461538461539
1 0.6719367588932806 0.7395104895104895 0.025691699604743084 0.10139860139860139
1 0.700592885375494 0.75 0.02766798418972332 0.0979020979020979
1 0.12450592885375494 0.2465034965034965 0.041501976284584984 0.1048951048951049
1 0.10276679841897234 0.20104895104895104 0.029644268774703556 0.08391608391608392
1 0.042490118577075096 0.18356643356643357 0.03557312252964427 0.0944055944055944
1 0.06324110671936758 0.18706293706293706 0.029644268774703556 0.07342657342657342
1 0.07114624505928854 0.17482517482517482 0.03359683794466403 0.08041958041958042
1 0.7193675889328063 0.736013986013986 0.021739130434782608 0.09090909090909091
1 0.7480237154150198 0.7727272727272727 0.023715415019762844 0.055944055944055944
1 0.7697628458498024 0.7709790209790209 0.023715415019762844 0.0944055944055944
1 0.7727272727272727 0.7534965034965035 0.021739130434782608 0.05944055944055944
1 0.7974308300395256 0.7604895104895105 0.019762845849802372 0.06993006993006994
1 0.799407114624506 0.7937062937062938 0.023715415019762844 0.08041958041958042
2 0.5316205533596838 0.8846153846153846 0.3102766798418972 0.32517482517482516
2 0.2865612648221344 0.5786713286713286 0.191699604743083 0.2202797202797203
2 0.24209486166007904 0.6765734265734266 0.30039525691699603 0.3321678321678322
2 0.8656126482213439 0.9877622377622378 0.12450592885375494 0.27972027972027974
2 0.12154150197628459 0.36363636363636365 0.16205533596837945 0.1853146853146853
2 0.7569169960474308 0.8426573426573427 0.10869565217391304 0.15034965034965034
2 0.8310276679841897 0.8391608391608392 0.07114624505928854 0.12937062937062938
2 0.8883399209486166 0.9493006993006993 0.08695652173913043 0.1048951048951049
2 0.883399209486166 0.8426573426573427 0.0533596837944664 0.0979020979020979
3 0.924901185770751 0.9020979020979021 0.07312252964426877 0.15384615384615385
