0 0.6146245059288538 0.5541958041958042 0.01383399209486166 0.05244755244755245
1 0.8745059288537549 0.9108391608391608 0.023715415019762844 0.1048951048951049
1 0.9476284584980237 0.9597902097902098 0.03162055335968379 0.09090909090909091
1 0.9387351778656127 0.9090909090909091 0.021739130434782608 0.07342657342657342
1 0.9061264822134387 0.8828671328671329 0.019762845849802372 0.08041958041958042
1 0.9357707509881423 0.8601398601398601 0.011857707509881422 0.055944055944055944
1 0.924901185770751 0.8444055944055944 0.01383399209486166 0.04195804195804196
1 0.9565217391304348 0.9090909090909091 0.017786561264822136 0.06993006993006994
1 0.8606719367588933 1.1206293706293706 0.05928853754940711 0.21678321678321677
1 0.21047430830039526 0.31993006993006995 0.05138339920948617 0.10839160839160839
1 0.13142292490118576 0.3041958041958042 0.06324110671936758 0.13636363636363635
1 0.10375494071146245 0.24475524475524477 0.03557312252964427 0.07342657342657342
1 0.07312252964426877 0.23076923076923078 0.04940711462450593 0.11538461538461539
1 0.2549407114624506 0.3094405594405594 0.04940711462450593 0.07342657342657342
2 0.10177865612648221 0.22727272727272727 0.09090909090909091 0.10139860139860139
2 0.7687747035573123 0.8479020979020979 0.10474308300395258 0.14685314685314685
2 0.83399209486166 0.8164335664335665 0.05731225296442688 0.07342657342657342
2 0.9021739130434783 0.8671328671328671 0.04743083003952569 0.07692307692307693
2 0.8745059288537549 0.8181818181818182 0.043478260869565216 0.055944055944055944
2 0.9169960474308301 0.8321678321678322 0.03359683794466403 0.03146853146853147
