1 0.8913043478260869 0.4020979020979021 0.09683794466403162 0.14685314685314685
1 0.8873517786561265 0.527972027972028 0.10869565217391304 0.16433566433566432
1 0.717391304347826 0.5524475524475524 0.116600790513834 0.16433566433566432
1 0.849802371541502 0.6538461538461539 0.07312252964426877 0.09090909090909091
1 0.5849802371541502 0.5244755244755245 0.1067193675889328 0.17482517482517482
1 0.6818181818181818 0.32867132867132864 0.07905138339920949 0.12937062937062938
1 0.6086956521739131 0.3146853146853147 0.06324110671936758 0.10839160839160839
1 0.6106719367588933 0.3776223776223776 0.07905138339920949 0.10139860139860139
1 0.6521739130434783 0.4755244755244755 0.07707509881422925 0.16433566433566432
1 0.7549407114624506 0.4160839160839161 0.09288537549407115 0.15034965034965034
1 0.45849802371541504 0.43356643356643354 0.08498023715415019 0.14685314685314685
1 0.3774703557312253 0.38461538461538464 0.07707509881422925 0.12937062937062938
1 0.4189723320158103 0.34965034965034963 0.04940711462450593 0.11538461538461539
1 0.45849802371541504 0.32867132867132864 0.03359683794466403 0.1048951048951049
1 0.49209486166007904 0.3811188811188811 0.06126482213438735 0.12237762237762238
1 0.5079051383399209 0.2867132867132867 0.04940711462450593 0.11538461538461539
1 0.5810276679841897 0.24125874125874125 0.04940711462450593 0.11538461538461539
1 0.3438735177865613 0.26223776223776224 0.04743083003952569 0.10839160839160839
1 0.40711462450592883 0.27972027972027974 0.04743083003952569 0.0979020979020979
1 0.3241106719367589 0.33916083916083917 0.04940711462450593 0.1048951048951049
1 0.2865612648221344 0.3041958041958042 0.041501976284584984 0.0944055944055944
1 0.3181818181818182 0.42657342657342656 0.07905138339920949 0.13636363636363635
1 0.2490118577075099 0.3741258741258741 0.043478260869565216 0.1048951048951049
1 0.44861660079051385 0.22377622377622378 0.05138339920948617 0.0979020979020979
1 0.02766798418972332 0.8251748251748252 0.08498023715415019 0.16783216783216784
2 0.2984189723320158 0.5454545454545454 0.26679841897233203 0.2692307692307692
2 0.08893280632411067 0.4020979020979021 0.21146245059288538 0.21328671328671328
2 0.005928853754940711 0.34965034965034963 0.12648221343873517 0.13636363636363635
2 0.009881422924901186 0.5244755244755245 0.20553359683794467 0.23776223776223776
2 0.8478260869565217 0.25874125874125875 0.09288537549407115 0.15034965034965034
2 0.8794466403162056 0.1958041958041958 0.07312252964426877 0.0979020979020979
2 0.7786561264822134 0.15734265734265734 0.08695652173913043 0.13286713286713286
2 0.8458498023715415 0.13286713286713286 0.041501976284584984 0.0944055944055944
2 0.6620553359683794 0.7027972027972028 0.33201581027667987 0.2902097902097902
2 0.2391304347826087 0.7762237762237763 0.3794466403162055 0.21678321678321677
2 0.8873517786561265 0.06293706293706294 0.041501976284584984 0.06293706293706294
2 0.9110671936758893 0.013986013986013986 0.03557312252964427 0.055944055944055944
1 0.7292490118577075 0.19230769230769232 0.023715415019762844 0.09090909090909091
1 0.7628458498023716 0.1888111888111888 0.019762845849802372 0.08391608391608392
1 0.06719367588932806 0.28321678321678323 0.03359683794466403 0.07342657342657342
