1 0.20948616600790515 0.486013986013986 0.06521739130434782 0.16433566433566432
1 0.09782608695652174 0.3076923076923077 0.043478260869565216 0.1258741258741259
1 0.13636363636363635 0.3006993006993007 0.025691699604743084 0.10139860139860139
1 0.12450592885375494 0.2692307692307692 0.03359683794466403 0.08391608391608392
1 0.0691699604743083 0.2062937062937063 0.025691699604743084 0.07692307692307693
1 0.03359683794466403 0.15734265734265734 0.029644268774703556 0.07342657342657342
1 0.1966403162055336 0.32342657342657344 0.03162055335968379 0.07342657342657342
1 0.15019762845849802 0.28496503496503495 0.025691699604743084 0.06993006993006994
1 0.21739130434782608 0.36538461538461536 0.025691699604743084 0.0979020979020979
1 0.2826086956521739 0.4423076923076923 0.041501976284584984 0.07342657342657342
1 0.325098814229249 0.5192307692307693 0.05928853754940711 0.11888111888111888
1 0.2994071146245059 0.4737762237762238 0.03162055335968379 0.10139860139860139
1 0.3606719367588933 0.5332167832167832 0.039525691699604744 0.11888111888111888
1 0.34782608695652173 0.4982517482517482 0.045454545454545456 0.08041958041958042
1 0.3893280632411067 0.5594405594405595 0.0533596837944664 0.1048951048951049
1 0.5158102766798419 0.7744755244755245 0.06521739130434782 0.16783216783216784
1 0.5800395256916996 0.7832167832167832 0.06719367588932806 0.14685314685314685
1 0.4278656126482213 0.5716783216783217 0.03162055335968379 0.11188811188811189
1 0.4614624505928854 0.5961538461538461 0.02766798418972332 0.1048951048951049
1 0.4841897233201581 0.5804195804195804 0.025691699604743084 0.07342657342657342
1 0.5365612648221344 0.6573426573426573 0.03557312252964427 0.0944055944055944
1 0.5770750988142292 0.6905594405594405 0.037549407114624504 0.07692307692307693
1 0.5879446640316206 0.666083916083916 0.023715415019762844 0.06643356643356643
2 0.34980237154150196 0.7412587412587412 0.20355731225296442 0.3111888111888112
2 0.5019762845849802 0.666083916083916 0.0691699604743083 0.14685314685314685
2 0.6047430830039525 0.743006993006993 0.05731225296442688 0.11888111888111888
2 0.5464426877470355 0.6486013986013986 0.05533596837944664 0.0979020979020979
2 0.22924901185770752 0.3741258741258741 0.08893280632411067 0.06643356643356643
2 0.13636363636363635 0.2674825174825175 0.0691699604743083 0.06293706293706294
2 0.2598814229249012 0.38286713286713286 0.07905138339920949 0.06293706293706294
2 0.1225296442687747 0.23776223776223776 0.0691699604743083 0.03496503496503497
2 0.2766798418972332 0.3706293706293706 0.07312252964426877 0.05244755244755245
2 0.15810276679841898 0.25524475524475526 0.04940711462450593 0.04195804195804196
2 0.4199604743083004 0.48776223776223776 0.043478260869565216 0.07342657342657342
2 0.616600790513834 0.6783216783216783 0.06521739130434782 0.055944055944055944
2 0.5316205533596838 0.6101398601398601 0.05731225296442688 0.05944055944055944
2 0.4683794466403162 0.5402097902097902 0.045454545454545456 0.06993006993006994
4 0.391304347826087 0.5174825174825175 0.12055335968379446 0.13636363636363635
4 0.3794466403162055 0.43356643356643354 0.04940711462450593 0.08391608391608392
4 0.7796442687747036 0.8216783216783217 0.09881422924901186 0.06293706293706294
4 0.9120553359683794 1.055944055944056 0.16600790513833993 0.26573426573426573
