2 0.41106719367588934 0.36363636363636365 0.20553359683794467 0.23426573426573427
2 0.08498023715415019 0.21328671328671328 0.12845849802371542 0.1258741258741259
2 0.8754940711462451 0.09090909090909091 0.0533596837944664 0.07692307692307693
1 0.2885375494071146 0.2867132867132867 0.06521739130434782 0.1048951048951049
1 0.22134387351778656 0.26223776223776224 0.06126482213438735 0.10139860139860139
1 0.2628458498023715 0.3881118881118881 0.07312252964426877 0.13986013986013987
1 0.22924901185770752 0.44405594405594406 0.06521739130434782 0.12237762237762238
1 0.2490118577075099 0.534965034965035 0.07707509881422925 0.1993006993006993
1 0.39723320158102765 0.5804195804195804 0.09288537549407115 0.21678321678321677
1 0.029644268774703556 0.34265734265734266 0.04743083003952569 0.10839160839160839
1 0.04940711462450593 0.28321678321678323 0.045454545454545456 0.08741258741258741
1 0.23122529644268774 0.13286713286713286 0.03557312252964427 0.05944055944055944
