1 0.03162055335968379 0.5104895104895105 0.029644268774703556 0.11188811188811189
1 0.08300395256916997 0.5034965034965035 0.03359683794466403 0.10139860139860139
1 0.17588932806324112 0.4825174825174825 0.03162055335968379 0.10839160839160839
1 0.2015810276679842 0.6328671328671329 0.07114624505928854 0.1258741258741259
1 0.34782608695652173 0.7027972027972028 0.0691699604743083 0.16083916083916083
1 0.3814229249011858 0.7692307692307693 0.06324110671936758 0.15734265734265734
1 0.18774703557312253 0.9020979020979021 0.04743083003952569 0.08741258741258741
1 0.41106719367588934 0.9265734265734266 0.06324110671936758 0.06993006993006994
1 0.466403162055336 0.4160839160839161 0.045454545454545456 0.07342657342657342
1 0.3201581027667984 0.42657342657342656 0.02766798418972332 0.09090909090909091
1 0.26877470355731226 0.36363636363636365 0.03162055335968379 0.07692307692307693
1 0.2450592885375494 0.3776223776223776 0.023715415019762844 0.05944055944055944
1 0.045454545454545456 0.42657342657342656 0.023715415019762844 0.08741258741258741
1 0.017786561264822136 0.44755244755244755 0.023715415019762844 0.06293706293706294
1 0.011857707509881422 0.493006993006993 0.019762845849802372 0.09090909090909091
1 0.1383399209486166 0.3741258741258741 0.023715415019762844 0.05244755244755245
1 0.07114624505928854 0.3356643356643357 0.015810276679841896 0.05944055944055944
1 0.025691699604743084 0.33916083916083917 0.015810276679841896 0.04895104895104895
1 0.03557312252964427 0.3076923076923077 0.017786561264822136 0.05944055944055944
1 0.05533596837944664 0.32867132867132864 0.01383399209486166 0.05944055944055944
1 0.22529644268774704 0.32167832167832167 0.01383399209486166 0.038461538461538464
1 0.2845849802371542 0.3006993006993007 0.017786561264822136 0.03146853146853147
1 0.2924901185770751 0.28321678321678323 0.017786561264822136 0.03496503496503497
1 0.33794466403162055 0.28321678321678323 0.021739130434782608 0.03496503496503497
1 0.36561264822134387 0.2727272727272727 0.029644268774703556 0.04195804195804196
1 0.424901185770751 0.2692307692307692 0.017786561264822136 0.038461538461538464
1 0.44466403162055335 0.2727272727272727 0.021739130434782608 0.038461538461538464
1 0.7351778656126482 0.3706293706293706 0.029644268774703556 0.06293706293706294
1 0.8992094861660079 0.4160839160839161 0.03162055335968379 0.07342657342657342
1 0.9723320158102767 0.40559440559440557 0.023715415019762844 0.05944055944055944
1 0.9011857707509882 0.8741258741258742 0.09288537549407115 0.11538461538461539
1 0.7905138339920948 0.35664335664335667 0.01383399209486166 0.05944055944055944
1 0.6897233201581028 0.3041958041958042 0.021739130434782608 0.04195804195804196
1 0.7371541501976284 0.3076923076923077 0.025691699604743084 0.04195804195804196
1 0.7687747035573123 0.3146853146853147 0.019762845849802372 0.04895104895104895
1 0.7984189723320159 0.3321678321678322 0.021739130434782608 0.04895104895104895
1 0.8438735177865613 0.32867132867132864 0.023715415019762844 0.04195804195804196
2 0.18774703557312253 0.4125874125874126 0.0691699604743083 0.08741258741258741
2 0.15019762845849802 0.3181818181818182 0.039525691699604744 0.06993006993006994
2 0.1857707509881423 0.2902097902097902 0.06126482213438735 0.05244755244755245
2 0.1976284584980237 0.3181818181818182 0.043478260869565216 0.04195804195804196
2 0.19960474308300397 0.34615384615384615 0.043478260869565216 0.05944055944055944
2 0.5652173913043478 0.6923076923076923 0.18972332015810275 0.24125874125874125
2 0.7549407114624506 0.4825174825174825 0.07312252964426877 0.11888111888111888
2 0.6007905138339921 0.40559440559440557 0.08300395256916997 0.06993006993006994
2 0.7984189723320159 0.3811188811188811 0.09683794466403162 0.08391608391608392
2 0.8932806324110671 0.3706293706293706 0.1007905138339921 0.08041958041958042
2 0.8952569169960475 0.3146853146853147 0.041501976284584984 0.04195804195804196
2 0.9644268774703557 0.2972027972027972 0.025691699604743084 0.027972027972027972
2 0.8616600790513834 0.34265734265734266 0.04743083003952569 0.055944055944055944
2 0.7707509881422925 0.2867132867132867 0.041501976284584984 0.03496503496503497
2 0.7529644268774703 0.25874125874125875 0.04743083003952569 0.03496503496503497
2 0.5968379446640316 0.2902097902097902 0.05731225296442688 0.045454545454545456
2 0.650197628458498 0.2692307692307692 0.04940711462450593 0.04895104895104895
2 0.5375494071146245 0.2692307692307692 0.05138339920948617 0.03496503496503497
2 0.5790513833992095 0.9055944055944056 0.1956521739130435 0.08741258741258741
3 0.849802371541502 0.2762237762237762 0.0691699604743083 0.04895104895104895
3 0.3952569169960474 0.23076923076923078 0.08498023715415019 0.055944055944055944
3 0.10276679841897234 0.3076923076923077 0.041501976284584984 0.08741258741258741
