1 0.06521739130434782 0.5804195804195804 0.037549407114624504 0.14685314685314685
1 0.041501976284584984 0.4160839160839161 0.023715415019762844 0.0944055944055944
1 0.039525691699604744 0.3741258741258741 0.021739130434782608 0.08041958041958042
1 0.06719367588932806 0.4090909090909091 0.019762845849802372 0.08391608391608392
1 0.09090909090909091 0.4090909090909091 0.023715415019762844 0.08041958041958042
1 0.233201581027668 0.36013986013986016 0.03359683794466403 0.05944055944055944
1 0.07312252964426877 0.32517482517482516 0.019762845849802372 0.055944055944055944
1 0.10276679841897234 0.3076923076923077 0.017786561264822136 0.05944055944055944
1 0.7134387351778656 0.5 0.029644268774703556 0.10839160839160839
1 0.4051383399209486 0.8496503496503497 0.07707509881422925 0.14335664335664336
1 0.6679841897233202 0.8181818181818182 0.05928853754940711 0.17482517482517482
1 0.7371541501976284 0.5559440559440559 0.03359683794466403 0.11888111888111888
1 0.7865612648221344 0.5034965034965035 0.03162055335968379 0.10139860139860139
1 0.808300395256917 0.6433566433566433 0.037549407114624504 0.13286713286713286
1 0.8399209486166008 0.7097902097902098 0.041501976284584984 0.14685314685314685
1 0.8379446640316206 0.5629370629370629 0.03557312252964427 0.12237762237762238
1 0.9644268774703557 0.5314685314685315 0.029644268774703556 0.11538461538461539
1 0.642292490118577 0.3986013986013986 0.03162055335968379 0.07342657342657342
1 0.7391304347826086 0.36713286713286714 0.023715415019762844 0.06643356643356643
1 0.766798418972332 0.34965034965034963 0.019762845849802372 0.05944055944055944
1 0.7193675889328063 0.3181818181818182 0.01383399209486166 0.055944055944055944
1 0.7351778656126482 0.3146853146853147 0.019762845849802372 0.05244755244755245
1 0.7569169960474308 0.2937062937062937 0.01383399209486166 0.045454545454545456
1 0.7924901185770751 0.3146853146853147 0.03162055335968379 0.04895104895104895
1 0.8201581027667985 0.2867132867132867 0.019762845849802372 0.038461538461538464
1 0.8932806324110671 0.3776223776223776 0.021739130434782608 0.06293706293706294
1 0.8280632411067194 0.35664335664335667 0.025691699604743084 0.06293706293706294
1 0.9545454545454546 0.36713286713286714 0.015810276679841896 0.06293706293706294
1 0.9802371541501976 0.35664335664335667 0.01383399209486166 0.04895104895104895
1 0.8715415019762845 0.2902097902097902 0.019762845849802372 0.03496503496503497
1 0.3181818181818182 0.2762237762237762 0.023715415019762844 0.03496503496503497
1 0.9110671936758893 0.2902097902097902 0.017786561264822136 0.038461538461538464
2 0.005928853754940711 0.7412587412587412 0.15810276679841898 0.21678321678321677
2 0.15612648221343872 0.3951048951048951 0.04743083003952569 0.09090909090909091
2 0.12450592885375494 0.3181818181818182 0.03557312252964427 0.055944055944055944
2 0.17984189723320157 0.2972027972027972 0.05533596837944664 0.05244755244755245
2 0.24703557312252963 0.2937062937062937 0.06126482213438735 0.04895104895104895
2 0.30434782608695654 0.506993006993007 0.11857707509881422 0.11888111888111888
2 0.5197628458498024 0.5664335664335665 0.13438735177865613 0.14335664335664336
2 0.5968379446640316 0.46503496503496505 0.11264822134387352 0.09090909090909091
2 0.6679841897233202 0.3916083916083916 0.05731225296442688 0.06643356643356643
2 0.7687747035573123 0.42657342657342656 0.0533596837944664 0.09090909090909091
2 0.8221343873517787 0.4020979020979021 0.05731225296442688 0.07342657342657342
2 0.9090909090909091 0.4125874125874126 0.05533596837944664 0.08041958041958042
2 0.8537549407114624 0.34965034965034963 0.08300395256916997 0.06293706293706294
2 0.83399209486166 0.32867132867132864 0.03359683794466403 0.04895104895104895
2 0.3932806324110672 0.26573426573426573 0.04940711462450593 0.045454545454545456
2 0.6383399209486166 0.2867132867132867 0.05731225296442688 0.045454545454545456
2 0.5790513833992095 0.2972027972027972 0.05928853754940711 0.03496503496503497
2 0.5079051383399209 0.2762237762237762 0.05138339920948617 0.038461538461538464
2 0.7055335968379447 0.28321678321678323 0.0533596837944664 0.04895104895104895
