1 0.18873517786561264 0.6905594405594405 0.07114624505928854 0.18181818181818182
1 0.08102766798418973 0.5297202797202797 0.041501976284584984 0.13286713286713286
1 0.12351778656126482 0.4388111888111888 0.03162055335968379 0.11888111888111888
1 0.05928853754940711 0.33916083916083917 0.021739130434782608 0.08041958041958042
1 0.06620553359683795 0.31993006993006995 0.019762845849802372 0.07692307692307693
1 0.07114624505928854 0.263986013986014 0.025691699604743084 0.055944055944055944
1 0.08596837944664032 0.256993006993007 0.023715415019762844 0.06993006993006994
1 0.1274703557312253 0.2692307692307692 0.02766798418972332 0.05944055944055944
1 0.3092885375494071 0.5 0.05928853754940711 0.12237762237762238
1 0.3883399209486166 0.5629370629370629 0.04743083003952569 0.14335664335664336
1 0.4901185770750988 0.46678321678321677 0.06521739130434782 0.11888111888111888
1 0.7450592885375494 0.4230769230769231 0.0533596837944664 0.08741258741258741
1 0.7905138339920948 0.45454545454545453 0.05731225296442688 0.10839160839160839
1 0.8478260869565217 0.45454545454545453 0.06521739130434782 0.10839160839160839
1 0.817193675889328 0.4178321678321678 0.05928853754940711 0.08391608391608392
1 0.8586956521739131 0.4090909090909091 0.039525691699604744 0.08041958041958042
1 0.8962450592885376 0.42832167832167833 0.05928853754940711 0.1048951048951049
1 0.16600790513833993 0.33916083916083917 0.021739130434782608 0.08741258741258741
1 0.18873517786561264 0.291958041958042 0.03162055335968379 0.07692307692307693
1 0.2549407114624506 0.3321678321678322 0.025691699604743084 0.08041958041958042
1 0.27865612648221344 0.3986013986013986 0.025691699604743084 0.10139860139860139
1 0.3438735177865613 0.35664335664335667 0.037549407114624504 0.08741258741258741
1 0.3922924901185771 0.3548951048951049 0.043478260869565216 0.07692307692307693
1 0.4397233201581028 0.3146853146853147 0.023715415019762844 0.07342657342657342
1 0.21047430830039526 0.2517482517482518 0.023715415019762844 0.05944055944055944
1 0.23122529644268774 0.24825174825174826 0.021739130434782608 0.05244755244755245
1 0.16798418972332016 0.1993006993006993 0.025691699604743084 0.045454545454545456
1 0.5652173913043478 0.3111888111888112 0.017786561264822136 0.06643356643356643
1 0.5523715415019763 0.3076923076923077 0.019762845849802372 0.05244755244755245
1 0.38735177865612647 0.22552447552447552 0.017786561264822136 0.055944055944055944
1 0.4644268774703557 0.23251748251748253 0.021739130434782608 0.06293706293706294
2 0.4762845849802372 0.43006993006993005 0.1442687747035573 0.11538461538461539
2 0.5424901185770751 0.3951048951048951 0.10276679841897234 0.10839160839160839
2 0.6867588932806324 0.3706293706293706 0.13438735177865613 0.11538461538461539
2 0.5217391304347826 0.3339160839160839 0.10474308300395258 0.08391608391608392
2 0.30335968379446643 0.24825174825174826 0.08695652173913043 0.06643356643356643
2 0.3290513833992095 0.22727272727272727 0.04743083003952569 0.045454545454545456
2 0.34189723320158105 0.21153846153846154 0.05731225296442688 0.04195804195804196
2 0.4525691699604743 0.21678321678321677 0.07312252964426877 0.05244755244755245
2 0.5019762845849802 0.22727272727272727 0.06126482213438735 0.038461538461538464
2 0.5830039525691699 0.243006993006993 0.06521739130434782 0.04895104895104895
2 0.5662055335968379 0.21153846153846154 0.04743083003952569 0.03496503496503497
2 0.549407114624506 0.19230769230769232 0.0533596837944664 0.038461538461538464
4 0.11166007905138339 0.22377622377622378 0.09090909090909091 0.08041958041958042
