1 0.11264822134387352 0.486013986013986 0.017786561264822136 0.0944055944055944
1 0.19466403162055335 0.4825174825174825 0.023715415019762844 0.10139860139860139
1 0.25296442687747034 0.8111888111888111 0.07312252964426877 0.17832167832167833
1 0.308300395256917 0.8356643356643356 0.07312252964426877 0.16433566433566432
1 0.7944664031620553 0.7447552447552448 0.041501976284584984 0.14335664335664336
1 0.7885375494071146 0.6241258741258742 0.03359683794466403 0.11888111888111888
1 0.9772727272727273 0.6993006993006993 0.03162055335968379 0.12237762237762238
1 0.5335968379446641 0.42482517482517484 0.041501976284584984 0.06993006993006994
1 0.6531620553359684 0.4195804195804196 0.043478260869565216 0.07342657342657342
1 0.7509881422924901 0.4318181818181818 0.017786561264822136 0.06293706293706294
1 0.7677865612648221 0.4160839160839161 0.02766798418972332 0.06643356643356643
1 0.8073122529644269 0.4982517482517482 0.03162055335968379 0.08391608391608392
1 0.8260869565217391 0.47202797202797203 0.021739130434782608 0.07342657342657342
1 0.8952569169960475 0.46153846153846156 0.029644268774703556 0.08041958041958042
1 0.9239130434782609 0.4388111888111888 0.023715415019762844 0.06993006993006994
1 0.9772727272727273 0.4318181818181818 0.023715415019762844 0.07692307692307693
1 0.9357707509881423 0.40734265734265734 0.019762845849802372 0.04895104895104895
1 0.8507905138339921 0.38636363636363635 0.015810276679841896 0.06993006993006994
1 0.8774703557312253 0.3951048951048951 0.017786561264822136 0.05944055944055944
1 0.8320158102766798 0.4143356643356643 0.021739130434782608 0.06293706293706294
1 0.8231225296442688 0.36538461538461536 0.015810276679841896 0.06293706293706294
1 0.7964426877470355 0.36013986013986016 0.01383399209486166 0.05944055944055944
1 0.2865612648221344 0.4090909090909091 0.037549407114624504 0.07342657342657342
1 0.191699604743083 0.38986013986013984 0.017786561264822136 0.06293706293706294
1 0.15316205533596838 0.36363636363636365 0.019762845849802372 0.05944055944055944
1 0.09683794466403162 0.3688811188811189 0.021739130434782608 0.055944055944055944
1 0.13339920948616601 0.3129370629370629 0.015810276679841896 0.04195804195804196
1 0.1373517786561265 0.2727272727272727 0.011857707509881422 0.045454545454545456
1 0.14723320158102768 0.2902097902097902 0.011857707509881422 0.038461538461538464
1 0.1600790513833992 0.29545454545454547 0.01383399209486166 0.03496503496503497
1 0.17094861660079053 0.3374125874125874 0.015810276679841896 0.055944055944055944
1 0.208498023715415 0.3304195804195804 0.015810276679841896 0.06993006993006994
1 0.22529644268774704 0.3269230769230769 0.021739130434782608 0.055944055944055944
1 0.2509881422924901 0.32167832167832167 0.021739130434782608 0.045454545454545456
1 0.2658102766798419 0.32517482517482516 0.015810276679841896 0.045454545454545456
3 0.0958498023715415 0.2762237762237762 0.043478260869565216 0.08041958041958042
3 0.38537549407114624 0.256993006993007 0.08498023715415019 0.04895104895104895
2 0.046442687747035576 0.3479020979020979 0.05533596837944664 0.04895104895104895
2 0.07707509881422925 0.32342657342657344 0.03359683794466403 0.06293706293706294
2 0.2855731225296443 0.6765734265734266 0.18972332015810275 0.16083916083916083
2 0.549407114624506 0.7272727272727273 0.18774703557312253 0.23426573426573427
2 0.23715415019762845 0.26048951048951047 0.037549407114624504 0.04195804195804196
2 0.34881422924901184 0.28321678321678323 0.05533596837944664 0.045454545454545456
2 0.4407114624505929 0.2937062937062937 0.04940711462450593 0.038461538461538464
2 0.5296442687747036 0.29545454545454547 0.037549407114624504 0.03496503496503497
2 0.7203557312252964 0.3339160839160839 0.05533596837944664 0.055944055944055944
2 0.7519762845849802 0.38986013986013984 0.05533596837944664 0.06293706293706294
2 0.8735177865612648 0.3513986013986014 0.045454545454545456 0.04895104895104895
2 0.932806324110672 0.3741258741258741 0.041501976284584984 0.045454545454545456
2 0.9347826086956522 0.34265734265734266 0.041501976284584984 0.045454545454545456
2 0.900197628458498 0.3146853146853147 0.05533596837944664 0.038461538461538464
2 0.6758893280632411 0.31643356643356646 0.045454545454545456 0.04895104895104895
2 0.6432806324110671 0.3076923076923077 0.043478260869565216 0.038461538461538464
