2 0.22924901185770752 0.40734265734265734 0.05731225296442688 0.06993006993006994
2 0.22430830039525693 0.3758741258741259 0.05138339920948617 0.055944055944055944
2 0.2341897233201581 0.3723776223776224 0.05928853754940711 0.04195804195804196
2 0.12450592885375494 0.2517482517482518 0.025691699604743084 0.04195804195804196
2 0.08893280632411067 0.22202797202797203 0.021739130434782608 0.03146853146853147
2 0.32608695652173914 0.4562937062937063 0.0533596837944664 0.03496503496503497
2 0.5928853754940712 0.6958041958041958 0.06126482213438735 0.03496503496503497
2 0.8586956521739131 0.9667832167832168 0.06719367588932806 0.05244755244755245
2 0.7529644268774703 0.8444055944055944 0.03359683794466403 0.045454545454545456
2 0.8725296442687747 0.9562937062937062 0.05138339920948617 0.03496503496503497
2 0.9298418972332015 1.0174825174825175 0.06324110671936758 0.055944055944055944
2 0.9100790513833992 1.006993006993007 0.05928853754940711 0.04195804195804196
2 0.9347826086956522 1.048951048951049 0.07312252964426877 0.06993006993006994
2 0.9762845849802372 1.0664335664335665 0.03359683794466403 0.04895104895104895
2 0.9752964426877471 1.0227272727272727 0.03162055335968379 0.045454545454545456
2 0.7885375494071146 0.8426573426573427 0.041501976284584984 0.03496503496503497
2 0.016798418972332016 0.1958041958041958 0.023715415019762844 0.05244755244755245
2 0.08201581027667984 0.2534965034965035 0.039525691699604744 0.06293706293706294
1 0.2608695652173913 0.6083916083916084 0.05731225296442688 0.17832167832167833
1 0.34980237154150196 0.5909090909090909 0.03359683794466403 0.10139860139860139
1 0.37648221343873517 0.6451048951048951 0.043478260869565216 0.13286713286713286
1 0.39723320158102765 0.6328671328671329 0.037549407114624504 0.11888111888111888
1 0.5098814229249012 0.8181818181818182 0.06521739130434782 0.13286713286713286
1 0.558300395256917 0.7954545454545454 0.04743083003952569 0.11538461538461539
1 0.658102766798419 0.8776223776223776 0.03359683794466403 0.10839160839160839
1 0.7025691699604744 0.9562937062937062 0.039525691699604744 0.1258741258741259
1 0.7015810276679841 1.0664335664335665 0.09683794466403162 0.1853146853146853
1 0.05237154150197629 0.263986013986014 0.023715415019762844 0.08041958041958042
1 0.11462450592885376 0.32517482517482516 0.025691699604743084 0.08741258741258741
1 0.12351778656126482 0.2972027972027972 0.015810276679841896 0.05944055944055944
1 0.10968379446640317 0.2762237762237762 0.019762845849802372 0.06643356643356643
1 0.045454545454545456 0.1958041958041958 0.01383399209486166 0.055944055944055944
1 0.05533596837944664 0.21153846153846154 0.01383399209486166 0.05244755244755245
1 0.1482213438735178 0.30594405594405594 0.017786561264822136 0.05944055944055944
1 0.12648221343873517 0.2692307692307692 0.01383399209486166 0.04895104895104895
1 0.11067193675889328 0.25524475524475526 0.017786561264822136 0.04895104895104895
1 0.1857707509881423 0.3321678321678322 0.01383399209486166 0.05944055944055944
1 0.1650197628458498 0.32517482517482516 0.011857707509881422 0.03146853146853147
1 0.16304347826086957 0.3374125874125874 0.015810276679841896 0.04895104895104895
1 0.17391304347826086 0.36013986013986016 0.021739130434782608 0.08391608391608392
1 0.24110671936758893 0.42832167832167833 0.03359683794466403 0.06993006993006994
1 0.2855731225296443 0.4755244755244755 0.03557312252964427 0.07342657342657342
1 0.37351778656126483 0.5367132867132867 0.03359683794466403 0.06643356643356643
1 0.45849802371541504 0.6398601398601399 0.045454545454545456 0.08041958041958042
1 0.5721343873517787 0.7272727272727273 0.04743083003952569 0.07342657342657342
1 0.6245059288537549 0.7832167832167832 0.04940711462450593 0.08041958041958042
1 0.6452569169960475 0.7832167832167832 0.03557312252964427 0.06293706293706294
1 0.6847826086956522 0.8111888111888111 0.03162055335968379 0.06293706293706294
1 0.7223320158102767 0.8374125874125874 0.023715415019762844 0.06643356643356643
1 0.7341897233201581 0.8618881118881119 0.03557312252964427 0.06993006993006994
1 0.8053359683794467 0.9405594405594405 0.04743083003952569 0.07692307692307693
1 0.7954545454545454 0.9230769230769231 0.039525691699604744 0.05944055944055944
1 0.7697628458498024 0.8863636363636364 0.015810276679841896 0.055944055944055944
1 0.8409090909090909 0.9475524475524476 0.023715415019762844 0.055944055944055944
1 0.8567193675889329 0.9632867132867133 0.023715415019762844 0.04895104895104895
1 0.8903162055335968 0.9947552447552448 0.03162055335968379 0.06643356643356643
1 0.9308300395256917 1.0402097902097902 0.041501976284584984 0.06993006993006994
1 0.967391304347826 1.0734265734265733 0.03162055335968379 0.07342657342657342
1 0.7065217391304348 0.7867132867132867 0.02766798418972332 0.03146853146853147
1 0.6788537549407114 0.7534965034965035 0.023715415019762844 0.038461538461538464
1 0.6541501976284585 0.736013986013986 0.021739130434782608 0.038461538461538464
1 0.3675889328063241 0.46853146853146854 0.017786561264822136 0.04195804195804196
1 0.2885375494071146 0.39335664335664333 0.017786561264822136 0.04895104895104895
1 0.17687747035573123 0.2867132867132867 0.011857707509881422 0.038461538461538464
1 0.9199604743083004 0.9702797202797203 0.02766798418972332 0.04195804195804196
2 0.4535573122529644 0.6503496503496503 0.13043478260869565 0.0979020979020979
3 0.6966403162055336 0.7814685314685315 0.10276679841897234 0.08391608391608392
