1 0.6373517786561265 0.6853146853146853 0.05138339920948617 0.19230769230769232
1 0.7322134387351779 0.5472027972027972 0.04743083003952569 0.18181818181818182
1 0.6867588932806324 0.5087412587412588 0.043478260869565216 0.16083916083916083
1 0.6324110671936759 0.4632867132867133 0.037549407114624504 0.13286713286713286
1 0.5800395256916996 0.5804195804195804 0.043478260869565216 0.1993006993006993
1 0.8735177865612648 0.8356643356643356 0.0691699604743083 0.16433566433566432
1 0.5079051383399209 0.47027972027972026 0.037549407114624504 0.16783216783216784
1 0.5602766798418972 0.479020979020979 0.03557312252964427 0.15734265734265734
1 0.3557312252964427 0.4825174825174825 0.0691699604743083 0.12237762237762238
1 0.39822134387351776 0.4423076923076923 0.05928853754940711 0.13986013986013987
1 0.4673913043478261 0.4143356643356643 0.03557312252964427 0.13986013986013987
1 0.4367588932806324 0.3269230769230769 0.06521739130434782 0.11188811188811189
1 0.7460474308300395 0.784965034965035 0.05928853754940711 0.1258741258741259
1 0.6551383399209486 0.3321678321678322 0.03162055335968379 0.12937062937062938
1 0.5938735177865613 0.40734265734265734 0.03162055335968379 0.13986013986013987
1 0.5454545454545454 0.4143356643356643 0.029644268774703556 0.15384615384615385
1 0.516798418972332 0.36713286713286714 0.039525691699604744 0.12237762237762238
1 0.06818181818181818 0.5454545454545454 0.05138339920948617 0.17132867132867133
1 0.5889328063241107 0.33916083916083917 0.045454545454545456 0.10139860139860139
1 0.5938735177865613 0.3006993006993007 0.03557312252964427 0.08041958041958042
1 0.7065217391304348 0.2744755244755245 0.03557312252964427 0.09090909090909091
1 0.6768774703557312 0.26048951048951047 0.023715415019762844 0.08391608391608392
1 0.717391304347826 0.21503496503496503 0.021739130434782608 0.06993006993006994
1 0.042490118577075096 0.25 0.039525691699604744 0.09090909090909091
2 0.8330039525691699 0.534965034965035 0.1225296442687747 0.24825174825174826
2 0.8675889328063241 0.3321678321678322 0.1007905138339921 0.15034965034965034
2 0.7312252964426877 0.3374125874125874 0.116600790513834 0.15384615384615385
2 0.41699604743083 0.6538461538461539 0.25889328063241107 0.2762237762237762
2 0.19268774703557312 0.527972027972028 0.16996047430830039 0.1993006993006993
2 0.17094861660079053 0.8199300699300699 0.3241106719367589 0.34965034965034963
2 0.9041501976284585 0.2202797202797203 0.07509881422924901 0.10139860139860139
2 0.8883399209486166 0.11888111888111888 0.05138339920948617 0.08041958041958042
2 0.9436758893280632 0.1486013986013986 0.05533596837944664 0.08391608391608392
2 0.08102766798418973 0.3968531468531469 0.1482213438735178 0.16783216783216784
2 0.2183794466403162 0.36363636363636365 0.16600790513833993 0.16433566433566432
2 0.817193675889328 0.22552447552447552 0.08695652173913043 0.13286713286713286
4 0.682806324110672 0.8688811188811189 0.616600790513834 0.24475524475524477
