1 0.616600790513834 0.6118881118881119 0.12648221343873517 0.18181818181818182
1 0.7292490118577075 0.493006993006993 0.10474308300395258 0.15384615384615385
1 0.8735177865612648 0.6083916083916084 0.11857707509881422 0.16783216783216784
1 0.9110671936758893 0.5524475524475524 0.08300395256916997 0.10839160839160839
1 0.6245059288537549 0.4755244755244755 0.09683794466403162 0.15034965034965034
1 0.5454545454545454 0.5454545454545454 0.1007905138339921 0.15734265734265734
1 0.5 0.4370629370629371 0.08893280632411067 0.15034965034965034
1 0.49407114624505927 0.3356643356643357 0.07905138339920949 0.12937062937062938
1 0.7608695652173914 0.21678321678321677 0.025691699604743084 0.10139860139860139
1 0.7905138339920948 0.1993006993006993 0.025691699604743084 0.10139860139860139
1 0.8359683794466403 0.1958041958041958 0.025691699604743084 0.11538461538461539
1 0.8201581027667985 0.17832167832167833 0.019762845849802372 0.10139860139860139
1 0.8656126482213439 0.12237762237762238 0.021739130434782608 0.08741258741258741
1 0.7193675889328063 0.17832167832167833 0.029644268774703556 0.0979020979020979
1 0.7430830039525692 0.18181818181818182 0.025691699604743084 0.11538461538461539
1 0.35968379446640314 0.4125874125874126 0.08498023715415019 0.13286713286713286
1 0.3952569169960474 0.5384615384615384 0.09288537549407115 0.15034965034965034
1 0.25296442687747034 0.3811188811188811 0.06719367588932806 0.13636363636363635
1 0.13043478260869565 0.479020979020979 0.07509881422924901 0.16083916083916083
1 0.06521739130434782 0.36013986013986016 0.0533596837944664 0.13286713286713286
1 0.10869565217391304 0.3321678321678322 0.04940711462450593 0.1258741258741259
1 0.1541501976284585 0.2902097902097902 0.04743083003952569 0.1048951048951049
1 0.19367588932806323 0.32517482517482516 0.05533596837944664 0.12937062937062938
1 0.1976284584980237 0.24475524475524477 0.045454545454545456 0.10839160839160839
1 0.037549407114624504 0.2972027972027972 0.041501976284584984 0.10839160839160839
1 0.009881422924901186 0.26223776223776224 0.02766798418972332 0.0944055944055944
1 0.39920948616600793 0.34615384615384615 0.0691699604743083 0.0979020979020979
1 0.4189723320158103 0.38461538461538464 0.04940711462450593 0.12937062937062938
1 0.28063241106719367 0.3321678321678322 0.05928853754940711 0.11538461538461539
1 0.30434782608695654 0.28321678321678323 0.05138339920948617 0.13636363636363635
1 0.041501976284584984 0.24475524475524477 0.021739130434782608 0.08741258741258741
1 0.04940711462450593 0.2062937062937063 0.03359683794466403 0.0979020979020979
1 0.09486166007905138 0.2902097902097902 0.03557312252964427 0.09090909090909091
1 0.09486166007905138 0.24825174825174826 0.03359683794466403 0.07342657342657342
2 0.28063241106719367 0.7587412587412588 0.391304347826087 0.23426573426573427
2 0.8715415019762845 0.15734265734265734 0.08498023715415019 0.13286713286713286
3 0.8675889328063241 0.01048951048951049 0.07509881422924901 0.11888111888111888
