2 0.6442687747035574 0.5244755244755245 0.24703557312252963 0.28321678321678323
2 0.2855731225296443 0.4405594405594406 0.15019762845849802 0.1853146853146853
2 0.2075098814229249 0.28496503496503495 0.14031620553359683 0.13286713286713286
1 0.6887351778656127 0.7465034965034965 0.1067193675889328 0.2097902097902098
1 0.5988142292490118 0.7814685314685315 0.116600790513834 0.22377622377622378
1 0.5029644268774703 0.6031468531468531 0.08300395256916997 0.18181818181818182
1 0.3883399209486166 0.6870629370629371 0.09090909090909091 0.20279720279720279
1 0.233201581027668 0.6013986013986014 0.06126482213438735 0.15734265734265734
1 0.21739130434782608 0.49125874125874125 0.06126482213438735 0.14685314685314685
1 0.07213438735177866 0.4230769230769231 0.05928853754940711 0.12937062937062938
1 0.07707509881422925 0.3618881118881119 0.0533596837944664 0.1048951048951049
1 0.09189723320158102 0.3094405594405594 0.043478260869565216 0.0979020979020979
1 0.9634387351778656 0.14685314685314685 0.019762845849802372 0.06643356643356643
1 0.9436758893280632 0.11538461538461539 0.019762845849802372 0.06643356643356643
1 0.908102766798419 0.08216783216783216 0.015810276679841896 0.04895104895104895
0 0.6185770750988142 0.25 0.021739130434782608 0.09090909090909091
