1 0.07312252964426877 0.3916083916083916 0.02766798418972332 0.11888111888111888
1 0.1383399209486166 0.32517482517482516 0.025691699604743084 0.0979020979020979
1 0.015810276679841896 0.26573426573426573 0.025691699604743084 0.07342657342657342
1 0.01383399209486166 0.21678321678321677 0.017786561264822136 0.06293706293706294
1 0.17588932806324112 0.3111888111888112 0.037549407114624504 0.0944055944055944
1 0.2391304347826087 0.3146853146853147 0.03557312252964427 0.08391608391608392
1 0.3300395256916996 0.3041958041958042 0.03359683794466403 0.07692307692307693
1 0.4031620553359684 0.40559440559440557 0.05138339920948617 0.1048951048951049
1 0.15217391304347827 0.18181818181818182 0.021739130434782608 0.045454545454545456
1 0.16403162055335968 0.2202797202797203 0.025691699604743084 0.055944055944055944
1 0.2826086956521739 0.18181818181818182 0.025691699604743084 0.045454545454545456
1 0.33201581027667987 0.19230769230769232 0.025691699604743084 0.04195804195804196
1 0.3774703557312253 0.17832167832167833 0.021739130434782608 0.05244755244755245
1 0.3814229249011858 0.22377622377622378 0.021739130434782608 0.05244755244755245
1 0.8478260869565217 0.3811188811188811 0.05533596837944664 0.10139860139860139
1 0.9130434782608695 0.5 0.08102766798418973 0.12237762237762238
2 0.08893280632411067 0.2692307692307692 0.06126482213438735 0.06993006993006994
2 0.07707509881422925 0.23076923076923078 0.06521739130434782 0.05944055944055944
2 0.09288537549407115 0.20279720279720279 0.0691699604743083 0.055944055944055944
2 0.2826086956521739 0.24825174825174826 0.09090909090909091 0.06293706293706294
2 0.383399209486166 0.26573426573426573 0.08300395256916997 0.05944055944055944
2 0.4525691699604743 0.23776223776223776 0.037549407114624504 0.055944055944055944
2 0.4308300395256917 0.21328671328671328 0.07312252964426877 0.045454545454545456
2 0.525691699604743 0.21678321678321677 0.05533596837944664 0.06993006993006994
2 0.6146245059288538 0.20279720279720279 0.06126482213438735 0.055944055944055944
2 0.691699604743083 0.2097902097902098 0.05138339920948617 0.027972027972027972
2 0.9130434782608695 0.3811188811188811 0.08300395256916997 0.10139860139860139
2 0.9229249011857708 0.21678321678321677 0.06324110671936758 0.045454545454545456
2 0.5652173913043478 0.16783216783216784 0.045454545454545456 0.03496503496503497
2 0.424901185770751 0.15384615384615385 0.037549407114624504 0.04895104895104895
3 0.4090909090909091 0.27972027972027974 0.36363636363636365 0.2762237762237762
