1 0.05039525691699605 0.4230769230769231 0.08695652173913043 0.21678321678321677
1 0.3438735177865613 0.49125874125874125 0.041501976284584984 0.0944055944055944
1 0.09189723320158102 0.1993006993006993 0.02766798418972332 0.06293706293706294
1 0.05928853754940711 0.18181818181818182 0.025691699604743084 0.07342657342657342
1 0.02766798418972332 0.16258741258741258 0.021739130434782608 0.07692307692307693
1 0.12450592885375494 0.2395104895104895 0.017786561264822136 0.06643356643356643
1 0.2964426877470356 0.4125874125874126 0.025691699604743084 0.08741258741258741
1 0.2608695652173913 0.3881118881118881 0.021739130434782608 0.09090909090909091
1 0.2015810276679842 0.3548951048951049 0.021739130434782608 0.10139860139860139
1 0.1422924901185771 0.3041958041958042 0.025691699604743084 0.11188811188811189
1 0.5701581027667985 0.791958041958042 0.07905138339920949 0.1258741258741259
1 0.7806324110671937 0.8898601398601399 0.0533596837944664 0.0979020979020979
1 0.7124505928853755 0.8531468531468531 0.06324110671936758 0.08741258741258741
1 0.6274703557312253 0.7604895104895105 0.05928853754940711 0.10839160839160839
1 0.5721343873517787 0.7097902097902098 0.06719367588932806 0.12237762237762238
1 0.41304347826086957 0.5611888111888111 0.05731225296442688 0.09090909090909091
1 0.4772727272727273 0.6258741258741258 0.05533596837944664 0.09090909090909091
1 0.7470355731225297 0.9090909090909091 0.0691699604743083 0.11188811188811189
1 0.83399209486166 0.9597902097902098 0.06126482213438735 0.1048951048951049
1 0.8863636363636364 1.0244755244755244 0.07114624505928854 0.11888111888111888
1 0.9140316205533597 1.0157342657342658 0.05533596837944664 0.08741258741258741
1 0.8705533596837944 0.9842657342657343 0.05533596837944664 0.08741258741258741
1 0.6847826086956522 0.8094405594405595 0.05533596837944664 0.08741258741258741
1 0.18379446640316205 0.30244755244755245 0.037549407114624504 0.08041958041958042
1 0.16205533596837945 0.2762237762237762 0.037549407114624504 0.08041958041958042
1 0.233201581027668 0.3181818181818182 0.03359683794466403 0.05944055944055944
1 0.3231225296442688 0.40034965034965037 0.019762845849802372 0.06293706293706294
1 0.3073122529644269 0.3758741258741259 0.03557312252964427 0.04895104895104895
1 0.3339920948616601 0.4020979020979021 0.029644268774703556 0.045454545454545456
1 0.43280632411067194 0.548951048951049 0.021739130434782608 0.09090909090909091
1 0.5573122529644269 0.6503496503496503 0.021739130434782608 0.07342657342657342
1 0.3685770750988142 0.4755244755244755 0.019762845849802372 0.06993006993006994
1 0.325098814229249 0.4423076923076923 0.019762845849802372 0.08041958041958042
1 0.1857707509881423 0.270979020979021 0.03359683794466403 0.04895104895104895
1 0.35375494071146246 0.44405594405594406 0.025691699604743084 0.06643356643356643
1 0.5820158102766798 0.6241258741258742 0.023715415019762844 0.055944055944055944
1 0.6086956521739131 0.6555944055944056 0.03359683794466403 0.04895104895104895
2 0.2618577075098814 0.3881118881118881 0.07905138339920949 0.09090909090909091
2 0.038537549407114624 0.1555944055944056 0.06719367588932806 0.06643356643356643
2 0.6531620553359684 0.701048951048951 0.05928853754940711 0.04895104895104895
2 0.7539525691699605 0.7884615384615384 0.05928853754940711 0.04895104895104895
2 0.4772727272727273 0.6101398601398601 0.10276679841897234 0.10839160839160839
2 0.424901185770751 0.5087412587412588 0.045454545454545456 0.06293706293706294
2 0.4505928853754941 0.5227272727272727 0.041501976284584984 0.05244755244755245
2 0.44565217391304346 0.5017482517482518 0.03557312252964427 0.045454545454545456
3 0.6037549407114624 0.6590909090909091 0.11067193675889328 0.07692307692307693
3 0.967391304347826 0.9597902097902098 0.05533596837944664 0.08741258741258741
1 0.05731225296442688 0.2727272727272727 0.037549407114624504 0.13286713286713286
