1 0.191699604743083 0.8111888111888111 0.06324110671936758 0.18181818181818182
1 0.274703557312253 0.8216783216783217 0.0691699604743083 0.17482517482517482
1 0.3102766798418972 0.7622377622377622 0.06324110671936758 0.1888111888111888
1 0.30039525691699603 0.6433566433566433 0.041501976284584984 0.15384615384615385
1 0.1482213438735178 0.513986013986014 0.03359683794466403 0.11188811188811189
1 0.1007905138339921 0.46503496503496505 0.025691699604743084 0.0979020979020979
1 0.03557312252964427 0.3776223776223776 0.023715415019762844 0.08041958041958042
1 0.07114624505928854 0.34265734265734266 0.017786561264822136 0.055944055944055944
1 0.09288537549407115 0.3181818181818182 0.01383399209486166 0.05244755244755245
1 0.04940711462450593 0.2972027972027972 0.01383399209486166 0.045454545454545456
1 0.09486166007905138 0.26573426573426573 0.017786561264822136 0.038461538461538464
1 0.17193675889328064 0.4825174825174825 0.025691699604743084 0.0979020979020979
1 0.20553359683794467 0.44405594405594406 0.023715415019762844 0.0979020979020979
1 0.19367588932806323 0.3741258741258741 0.021739130434782608 0.07342657342657342
1 0.2885375494071146 0.43006993006993005 0.023715415019762844 0.09090909090909091
1 0.3221343873517787 0.583916083916084 0.02766798418972332 0.14685314685314685
1 0.34782608695652173 0.486013986013986 0.021739130434782608 0.11538461538461539
1 0.27865612648221344 0.3951048951048951 0.03359683794466403 0.08041958041958042
1 0.30039525691699603 0.3881118881118881 0.03162055335968379 0.07342657342657342
1 0.27865612648221344 0.3706293706293706 0.02766798418972332 0.06993006993006994
1 0.22924901185770752 0.3111888111888112 0.017786561264822136 0.05244755244755245
1 0.3794466403162055 0.4370629370629371 0.029644268774703556 0.08041958041958042
1 0.40711462450592883 0.38461538461538464 0.043478260869565216 0.07692307692307693
1 0.5335968379446641 0.3986013986013986 0.043478260869565216 0.06993006993006994
1 0.5118577075098815 0.5769230769230769 0.041501976284584984 0.12937062937062938
1 0.5513833992094862 0.6118881118881119 0.04743083003952569 0.12937062937062938
1 0.7490118577075099 0.6223776223776224 0.039525691699604744 0.13286713286713286
1 0.7015810276679841 0.5244755244755245 0.03557312252964427 0.12237762237762238
1 0.6047430830039525 0.4230769230769231 0.05138339920948617 0.08741258741258741
1 0.6936758893280632 0.4020979020979021 0.037549407114624504 0.08041958041958042
1 0.6679841897233202 0.40559440559440557 0.041501976284584984 0.06293706293706294
1 0.808300395256917 0.4825174825174825 0.029644268774703556 0.09090909090909091
1 0.8636363636363636 0.38461538461538464 0.025691699604743084 0.07342657342657342
1 0.7252964426877471 0.3181818181818182 0.023715415019762844 0.045454545454545456
1 0.7569169960474308 0.3146853146853147 0.025691699604743084 0.055944055944055944
1 0.8003952569169961 0.3146853146853147 0.025691699604743084 0.05244755244755245
1 0.8715415019762845 0.32867132867132864 0.029644268774703556 0.05244755244755245
1 0.17588932806324112 0.2867132867132867 0.017786561264822136 0.05244755244755245
1 0.40711462450592883 0.26223776223776224 0.023715415019762844 0.045454545454545456
1 0.9347826086956522 0.44405594405594406 0.023715415019762844 0.09090909090909091
1 0.9762845849802372 0.4370629370629371 0.019762845849802372 0.08041958041958042
1 0.9150197628458498 0.36013986013986016 0.015810276679841896 0.06293706293706294
1 0.9367588932806324 0.3741258741258741 0.039525691699604744 0.05944055944055944
1 0.9683794466403162 0.34265734265734266 0.01383399209486166 0.05244755244755245
1 0.9466403162055336 0.34965034965034963 0.015810276679841896 0.04195804195804196
1 0.6640316205533597 0.3041958041958042 0.023715415019762844 0.045454545454545456
1 0.7312252964426877 0.2727272727272727 0.021739130434782608 0.03496503496503497
2 0.40118577075098816 0.513986013986014 0.1422924901185771 0.16083916083916083
2 0.11264822134387352 0.32517482517482516 0.043478260869565216 0.06993006993006994
2 0.15217391304347827 0.3146853146853147 0.03162055335968379 0.05944055944055944
2 0.2015810276679842 0.36013986013986016 0.05731225296442688 0.06993006993006994
2 0.1225296442687747 0.27972027972027974 0.02766798418972332 0.038461538461538464
2 0.30632411067193677 0.2517482517482518 0.045454545454545456 0.038461538461538464
2 0.6739130434782609 0.3776223776223776 0.07905138339920949 0.06643356643356643
2 0.766798418972332 0.38461538461538464 0.07707509881422925 0.08041958041958042
2 0.8221343873517787 0.28321678321678323 0.06126482213438735 0.04895104895104895
2 0.9150197628458498 0.3111888111888112 0.05533596837944664 0.05244755244755245
