2 0.11166007905138339 0.9248251748251748 0.20948616600790515 0.1258741258741259
2 0.3952569169960474 0.9038461538461539 0.25889328063241107 0.17482517482517482
2 0.6067193675889329 0.4318181818181818 0.10474308300395258 0.08391608391608392
2 0.8122529644268774 0.43356643356643354 0.06521739130434782 0.08041958041958042
2 0.9061264822134387 0.3793706293706294 0.07509881422924901 0.06293706293706294
2 0.7964426877470355 0.34965034965034963 0.06126482213438735 0.038461538461538464
2 0.8448616600790514 0.3146853146853147 0.05928853754940711 0.038461538461538464
2 0.9337944664031621 0.3356643356643357 0.05533596837944664 0.045454545454545456
2 0.7786561264822134 0.2727272727272727 0.045454545454545456 0.038461538461538464
2 0.5612648221343873 0.2972027972027972 0.06521739130434782 0.045454545454545456
2 0.3893280632411067 0.270979020979021 0.045454545454545456 0.03496503496503497
2 0.21047430830039526 0.34440559440559443 0.05138339920948617 0.04895104895104895
2 0.13438735177865613 0.3479020979020979 0.037549407114624504 0.06293706293706294
2 0.10869565217391304 0.3129370629370629 0.029644268774703556 0.055944055944055944
2 0.1541501976284585 0.3146853146853147 0.029644268774703556 0.05244755244755245
2 0.08596837944664032 0.28496503496503495 0.023715415019762844 0.03496503496503497
2 0.09387351778656126 0.26048951048951047 0.019762845849802372 0.027972027972027972
2 0.1373517786561265 0.2744755244755245 0.023715415019762844 0.04895104895104895
2 0.17193675889328064 0.2534965034965035 0.029644268774703556 0.03496503496503497
1 0.11067193675889328 0.4807692307692308 0.025691699604743084 0.1048951048951049
1 0.08893280632411067 0.4195804195804196 0.025691699604743084 0.08041958041958042
1 0.06324110671936758 0.4125874125874126 0.029644268774703556 0.07342657342657342
1 0.038537549407114624 0.40559440559440557 0.02766798418972332 0.07342657342657342
1 0.024703557312252964 0.36363636363636365 0.015810276679841896 0.05944055944055944
1 0.17193675889328064 0.48426573426573427 0.025691699604743084 0.09090909090909091
1 0.13043478260869565 0.4125874125874126 0.025691699604743084 0.06643356643356643
1 0.17391304347826086 0.4353146853146853 0.025691699604743084 0.07692307692307693
1 0.17687747035573123 0.3811188811188811 0.023715415019762844 0.05944055944055944
1 0.07213438735177866 0.3269230769230769 0.015810276679841896 0.04895104895104895
1 0.26778656126482214 0.4195804195804196 0.03162055335968379 0.08741258741258741
1 0.24604743083003952 0.5681818181818182 0.03162055335968379 0.11888111888111888
1 0.21442687747035574 0.6188811188811189 0.04743083003952569 0.12237762237762238
1 0.26976284584980237 0.6643356643356644 0.05138339920948617 0.15034965034965034
1 0.32806324110671936 0.7884615384615384 0.037549407114624504 0.15384615384615385
1 0.3300395256916996 0.6118881118881119 0.041501976284584984 0.12937062937062938
1 0.3349802371541502 0.5559440559440559 0.03557312252964427 0.0944055944055944
1 0.3221343873517787 0.49475524475524474 0.037549407114624504 0.0979020979020979
1 0.3942687747035573 0.5646853146853147 0.03557312252964427 0.11188811188811189
1 0.4950592885375494 0.5314685314685315 0.03557312252964427 0.10139860139860139
1 0.5039525691699605 0.5751748251748252 0.04940711462450593 0.11188811188811189
1 0.6136363636363636 0.9405594405594405 0.07905138339920949 0.0944055944055944
1 0.642292490118577 0.8933566433566433 0.1007905138339921 0.17482517482517482
1 0.5573122529644269 0.5874125874125874 0.0533596837944664 0.10839160839160839
1 0.6037549407114624 0.5454545454545454 0.04743083003952569 0.10139860139860139
1 0.5316205533596838 0.4493006993006993 0.0533596837944664 0.07692307692307693
1 0.4782608695652174 0.4370629370629371 0.045454545454545456 0.08041958041958042
1 0.40810276679841895 0.42657342657342656 0.04743083003952569 0.08041958041958042
1 0.34288537549407117 0.4230769230769231 0.039525691699604744 0.08041958041958042
1 0.733201581027668 0.4388111888111888 0.045454545454545456 0.07692307692307693
1 0.9071146245059288 0.49125874125874125 0.025691699604743084 0.08391608391608392
1 0.9723320158102767 0.5454545454545454 0.03359683794466403 0.0944055944055944
1 0.9308300395256917 0.44405594405594406 0.021739130434782608 0.06643356643356643
1 0.9664031620553359 0.40734265734265734 0.021739130434782608 0.07692307692307693
1 0.9901185770750988 0.42482517482517484 0.017786561264822136 0.06293706293706294
1 0.7440711462450593 0.3583916083916084 0.015810276679841896 0.04895104895104895
1 0.7579051383399209 0.3881118881118881 0.015810276679841896 0.05944055944055944
1 0.7776679841897233 0.39335664335664333 0.015810276679841896 0.06293706293706294
1 0.7075098814229249 0.3986013986013986 0.025691699604743084 0.05944055944055944
1 0.7282608695652174 0.3881118881118881 0.015810276679841896 0.05244755244755245
1 0.7045454545454546 0.3129370629370629 0.015810276679841896 0.04195804195804196
1 0.7450592885375494 0.3006993006993007 0.021739130434782608 0.038461538461538464
1 0.7658102766798419 0.3041958041958042 0.015810276679841896 0.038461538461538464
1 0.6640316205533597 0.3146853146853147 0.017786561264822136 0.038461538461538464
1 0.6768774703557312 0.30594405594405594 0.019762845849802372 0.03496503496503497
1 0.3448616600790514 0.3041958041958042 0.02766798418972332 0.038461538461538464
1 0.43379446640316205 0.28321678321678323 0.023715415019762844 0.038461538461538464
1 0.2994071146245059 0.3006993006993007 0.023715415019762844 0.038461538461538464
1 0.26679841897233203 0.3181818181818182 0.025691699604743084 0.038461538461538464
1 0.1956521739130435 0.29895104895104896 0.021739130434782608 0.027972027972027972
1 0.2381422924901186 0.3006993006993007 0.019762845849802372 0.03146853146853147
1 0.24604743083003952 0.263986013986014 0.015810276679841896 0.04195804195804196
