1 0.7361660079051383 0.5909090909090909 0.09486166007905138 0.21328671328671328
1 0.941699604743083 0.7692307692307693 0.10276679841897234 0.1853146853146853
1 0.4535573122529644 0.7255244755244755 0.08695652173913043 0.2097902097902098
1 0.49703557312252966 0.5314685314685315 0.08300395256916997 0.15734265734265734
1 0.3458498023715415 0.756993006993007 0.08102766798418973 0.24475524475524477
1 0.3221343873517787 0.4965034965034965 0.06521739130434782 0.16433566433566432
1 0.2964426877470356 0.4143356643356643 0.045454545454545456 0.11188811188811189
1 0.22233201581027667 0.48951048951048953 0.06324110671936758 0.17132867132867133
1 0.15612648221343872 0.49475524475524474 0.06126482213438735 0.15384615384615385
1 0.6689723320158103 0.9615384615384616 0.07509881422924901 0.05944055944055944
1 0.9496047430830039 0.13286713286713286 0.023715415019762844 0.06643356643356643
1 0.9822134387351779 0.08741258741258741 0.017786561264822136 0.05244755244755245
2 0.8013833992094862 0.1993006993006993 0.06719367588932806 0.08041958041958042
2 0.841897233201581 0.8426573426573427 0.30237154150197626 0.2972027972027972
2 0.857707509881423 0.10839160839160839 0.041501976284584984 0.05944055944055944
2 0.883399209486166 0.07342657342657342 0.037549407114624504 0.05244755244755245
2 0.9258893280632411 0.09965034965034965 0.04743083003952569 0.06293706293706294
2 0.41304347826086957 0.39335664335664333 0.16798418972332016 0.16083916083916083
2 0.08695652173913043 0.30244755244755245 0.08893280632411067 0.13286713286713286
1 0.25395256916996045 0.1555944055944056 0.04743083003952569 0.06293706293706294
