1 0.10573122529644269 0.736013986013986 0.06719367588932806 0.20279720279720279
1 0.09090909090909091 0.5454545454545454 0.045454545454545456 0.15034965034965034
1 0.05039525691699605 0.256993006993007 0.019762845849802372 0.055944055944055944
1 0.03359683794466403 0.24475524475524477 0.025691699604743084 0.05944055944055944
1 0.06719367588932806 0.23251748251748253 0.025691699604743084 0.04895104895104895
1 0.09189723320158102 0.2674825174825175 0.03162055335968379 0.06293706293706294
1 0.1225296442687747 0.25524475524475526 0.025691699604743084 0.05244755244755245
1 0.1383399209486166 0.2692307692307692 0.03359683794466403 0.05244755244755245
1 0.16205533596837945 0.31643356643356646 0.029644268774703556 0.08391608391608392
1 0.191699604743083 0.2744755244755245 0.025691699604743084 0.06293706293706294
1 0.2183794466403162 0.2902097902097902 0.019762845849802372 0.07342657342657342
1 0.23023715415019763 0.3269230769230769 0.03162055335968379 0.08391608391608392
1 0.2855731225296443 0.3129370629370629 0.03557312252964427 0.06293706293706294
1 0.30138339920948615 0.34265734265734266 0.03162055335968379 0.08041958041958042
1 0.30039525691699603 0.38461538461538464 0.03359683794466403 0.08741258741258741
1 0.3883399209486166 0.42132867132867136 0.02766798418972332 0.1048951048951049
1 0.33992094861660077 0.3409090909090909 0.037549407114624504 0.08391608391608392
1 0.3705533596837945 0.32867132867132864 0.03162055335968379 0.07342657342657342
1 0.39624505928853754 0.32342657342657344 0.03557312252964427 0.07692307692307693
1 0.3102766798418972 0.2762237762237762 0.017786561264822136 0.05244755244755245
1 0.3359683794466403 0.26573426573426573 0.017786561264822136 0.045454545454545456
1 0.45849802371541504 0.3006993006993007 0.017786561264822136 0.038461538461538464
1 0.39920948616600793 0.24825174825174826 0.01383399209486166 0.05944055944055944
1 0.475296442687747 0.3006993006993007 0.019762845849802372 0.06643356643356643
1 0.5632411067193676 0.33916083916083917 0.025691699604743084 0.0944055944055944
1 0.5849802371541502 0.3968531468531469 0.04940711462450593 0.08391608391608392
1 0.5711462450592886 0.5297202797202797 0.0691699604743083 0.11888111888111888
1 0.6007905138339921 0.5961538461538461 0.037549407114624504 0.16083916083916083
1 0.6788537549407114 0.45454545454545453 0.05533596837944664 0.10139860139860139
1 0.658102766798419 0.4195804195804196 0.041501976284584984 0.0944055944055944
1 0.7450592885375494 0.5104895104895105 0.08102766798418973 0.11538461538461539
1 0.8043478260869565 0.486013986013986 0.06521739130434782 0.11538461538461539
1 0.892292490118577 0.4318181818181818 0.04743083003952569 0.09090909090909091
1 0.9268774703557312 0.41083916083916083 0.06126482213438735 0.09090909090909091
1 0.5909090909090909 0.24825174825174826 0.017786561264822136 0.05244755244755245
2 0.45849802371541504 0.36363636363636365 0.0533596837944664 0.10139860139860139
2 0.3794466403162055 0.30594405594405594 0.08498023715415019 0.06293706293706294
2 0.23616600790513834 0.2534965034965035 0.07905138339920949 0.06293706293706294
2 0.4634387351778656 0.2465034965034965 0.03557312252964427 0.055944055944055944
2 0.6768774703557312 0.22552447552447552 0.06324110671936758 0.04195804195804196
4 0.466403162055336 0.20279720279720279 0.03359683794466403 0.05244755244755245
3 0.31126482213438733 0.22202797202797203 0.05138339920948617 0.055944055944055944
3 0.5385375494071146 0.2465034965034965 0.06719367588932806 0.0979020979020979
