1 0.08893280632411067 0.7762237762237763 0.10474308300395258 0.21328671328671328
1 0.1857707509881423 0.36013986013986016 0.03359683794466403 0.10839160839160839
1 0.10474308300395258 0.32517482517482516 0.025691699604743084 0.08741258741258741
1 0.017786561264822136 0.24475524475524477 0.019762845849802372 0.06643356643356643
1 0.08300395256916997 0.24825174825174826 0.017786561264822136 0.055944055944055944
1 0.1067193675889328 0.24125874125874125 0.017786561264822136 0.06993006993006994
1 0.23517786561264822 0.34965034965034963 0.029644268774703556 0.10139860139860139
1 0.2707509881422925 0.3881118881118881 0.039525691699604744 0.1048951048951049
1 0.31225296442687744 0.458041958041958 0.06324110671936758 0.11888111888111888
1 0.4031620553359684 0.48951048951048953 0.07312252964426877 0.14685314685314685
1 0.4525691699604743 0.46503496503496505 0.05731225296442688 0.1258741258741259
1 0.6600790513833992 0.527972027972028 0.08102766798418973 0.12937062937062938
1 0.7984189723320159 0.46503496503496505 0.07114624505928854 0.11888111888111888
1 0.7924901185770751 0.44405594405594406 0.05928853754940711 0.10139860139860139
1 0.9268774703557312 0.3811188811188811 0.05138339920948617 0.1048951048951049
1 0.5632411067193676 0.23776223776223776 0.017786561264822136 0.06993006993006994
1 0.3577075098814229 0.3076923076923077 0.03557312252964427 0.08041958041958042
1 0.3201581027667984 0.35664335664335667 0.02766798418972332 0.10139860139860139
1 0.49604743083003955 0.2937062937062937 0.03162055335968379 0.07692307692307693
1 0.45849802371541504 0.2972027972027972 0.03162055335968379 0.06293706293706294
1 0.32806324110671936 0.24475524475524477 0.019762845849802372 0.05944055944055944
1 0.308300395256917 0.3006993006993007 0.017786561264822136 0.08741258741258741
1 0.34980237154150196 0.24825174825174826 0.015810276679841896 0.05944055944055944
1 0.37549407114624506 0.24125874125874125 0.015810276679841896 0.06643356643356643
2 0.16403162055335968 0.3076923076923077 0.06324110671936758 0.08741258741258741
2 0.20553359683794467 0.24825174825174826 0.0533596837944664 0.06643356643356643
2 0.11857707509881422 0.25524475524475526 0.05731225296442688 0.07692307692307693
2 0.1857707509881423 0.21328671328671328 0.07509881422924901 0.06643356643356643
2 0.2490118577075099 0.25874125874125875 0.06521739130434782 0.0944055944055944
2 0.383399209486166 0.3181818181818182 0.05928853754940711 0.12237762237762238
2 0.424901185770751 0.2517482517482518 0.05533596837944664 0.07692307692307693
2 0.41699604743083 0.21328671328671328 0.04940711462450593 0.045454545454545456
2 0.5 0.24125874125874125 0.03162055335968379 0.06643356643356643
2 0.5217391304347826 0.25524475524475526 0.041501976284584984 0.0979020979020979
2 0.650197628458498 0.36713286713286714 0.1541501976284585 0.12937062937062938
2 0.5553359683794467 0.32867132867132864 0.09486166007905138 0.0944055944055944
3 0.4189723320158103 0.34965034965034963 0.20553359683794467 0.21678321678321677
2 0.6146245059288538 0.2097902097902098 0.04743083003952569 0.04895104895104895
2 0.49604743083003955 0.1993006993006993 0.03359683794466403 0.05244755244755245
3 0.08893280632411067 0.20279720279720279 0.08893280632411067 0.08741258741258741
2 0.009881422924901186 0.21328671328671328 0.06324110671936758 0.06643356643356643
2 0.017786561264822136 0.17482517482517482 0.06324110671936758 0.05244755244755245
1 0.32806324110671936 0.1958041958041958 0.017786561264822136 0.04195804195804196
1 0.3557312252964427 0.1888111888111888 0.025691699604743084 0.05244755244755245
1 0.3952569169960474 0.24125874125874125 0.023715415019762844 0.06993006993006994
