1 0.8982213438735178 0.5891608391608392 0.12648221343873517 0.17482517482517482
1 0.8448616600790514 0.722027972027972 0.1422924901185771 0.1888111888111888
1 0.8221343873517787 0.8566433566433567 0.16403162055335968 0.2062937062937063
1 0.7015810276679841 0.6171328671328671 0.11264822134387352 0.17482517482517482
1 0.7203557312252964 0.548951048951049 0.1067193675889328 0.15034965034965034
1 0.8102766798418972 0.6171328671328671 0.10474308300395258 0.13286713286713286
1 0.6215415019762845 0.5262237762237763 0.07509881422924901 0.16083916083916083
1 0.5484189723320159 0.5472027972027972 0.08300395256916997 0.11888111888111888
1 0.4990118577075099 0.46153846153846156 0.08300395256916997 0.13636363636363635
1 0.4891304347826087 0.38986013986013984 0.07509881422924901 0.1258741258741259
1 0.7075098814229249 0.32517482517482516 0.03359683794466403 0.11538461538461539
1 0.8448616600790514 0.270979020979021 0.03162055335968379 0.11188811188811189
1 0.7430830039525692 0.263986013986014 0.03359683794466403 0.11188811188811189
1 0.7737154150197628 0.2062937062937063 0.023715415019762844 0.08741258741258741
1 0.7539525691699605 0.16258741258741258 0.019762845849802372 0.06993006993006994
1 0.7045454545454546 0.2465034965034965 0.02766798418972332 0.08391608391608392
1 0.6709486166007905 0.3111888111888112 0.02766798418972332 0.12237762237762238
1 0.8774703557312253 0.07167832167832168 0.021739130434782608 0.04195804195804196
1 0.9179841897233202 0.04195804195804196 0.015810276679841896 0.05244755244755245
1 0.4061264822134387 0.486013986013986 0.07509881422924901 0.14335664335664336
1 0.3725296442687747 0.40384615384615385 0.05928853754940711 0.1048951048951049
1 0.33893280632411066 0.34965034965034963 0.05928853754940711 0.11538461538461539
1 0.2608695652173913 0.34615384615384615 0.0533596837944664 0.12237762237762238
1 0.31620553359683795 0.4772727272727273 0.06521739130434782 0.14685314685314685
1 0.18675889328063242 0.40384615384615385 0.04743083003952569 0.1258741258741259
1 0.22233201581027667 0.38986013986013984 0.039525691699604744 0.1258741258741259
1 0.06818181818181818 0.534965034965035 0.06719367588932806 0.15034965034965034
1 0.17786561264822134 0.2902097902097902 0.037549407114624504 0.10139860139860139
1 0.05632411067193676 0.21503496503496503 0.02766798418972332 0.055944055944055944
1 0.22628458498023715 0.229020979020979 0.05533596837944664 0.0979020979020979
1 0.11857707509881422 0.2937062937062937 0.025691699604743084 0.08741258741258741
1 0.799407114624506 0.13636363636363635 0.023715415019762844 0.06643356643356643
2 0.932806324110672 0.1993006993006993 0.07707509881422925 0.12937062937062938
2 0.8754940711462451 0.13636363636363635 0.05731225296442688 0.0944055944055944
2 0.8260869565217391 0.20104895104895104 0.08498023715415019 0.1258741258741259
2 0.5454545454545454 0.7307692307692307 0.2984189723320158 0.28321678321678323
2 0.44664031620553357 0.8863636363636364 0.4090909090909091 0.2097902097902098
2 0.10770750988142293 0.4597902097902098 0.18181818181818182 0.1888111888111888
2 0.05928853754940711 0.30244755244755245 0.10474308300395258 0.13986013986013987
