2 0.4189723320158103 0.6241258741258742 0.15612648221343872 0.15384615384615385
2 0.31225296442687744 0.43006993006993005 0.12450592885375494 0.10139860139860139
2 0.16106719367588934 0.40559440559440557 0.05928853754940711 0.08741258741258741
2 0.2440711462450593 0.4020979020979021 0.06324110671936758 0.07342657342657342
2 0.18478260869565216 0.3618881118881119 0.03557312252964427 0.06293706293706294
2 0.20948616600790515 0.3321678321678322 0.045454545454545456 0.05244755244755245
2 0.2658102766798419 0.31993006993006995 0.05928853754940711 0.04895104895104895
2 0.11067193675889328 0.29895104895104896 0.021739130434782608 0.04895104895104895
2 0.08102766798418973 0.27972027972027974 0.021739130434782608 0.038461538461538464
2 0.09980237154150198 0.26048951048951047 0.019762845849802372 0.03496503496503497
2 0.1225296442687747 0.2692307692307692 0.025691699604743084 0.03146853146853147
2 0.31225296442687744 0.3041958041958042 0.041501976284584984 0.045454545454545456
2 0.4041501976284585 0.28846153846153844 0.05928853754940711 0.04195804195804196
2 0.5830039525691699 0.30244755244755245 0.06126482213438735 0.04195804195804196
2 0.75 0.30594405594405594 0.06324110671936758 0.04195804195804196
2 0.841897233201581 0.3706293706293706 0.09683794466403162 0.06643356643356643
2 0.9752964426877471 0.3304195804195804 0.03557312252964427 0.04195804195804196
2 0.9752964426877471 0.42482517482517484 0.03557312252964427 0.06293706293706294
1 0.44466403162055335 0.7867132867132867 0.0691699604743083 0.15734265734265734
1 0.2490118577075099 0.6940559440559441 0.05731225296442688 0.13986013986013987
1 0.2816205533596838 0.6101398601398601 0.043478260869565216 0.1258741258741259
1 0.29347826086956524 0.9213286713286714 0.09486166007905138 0.13286713286713286
1 0.5227272727272727 0.8636363636363636 0.07114624505928854 0.17132867132867133
1 0.558300395256917 0.6013986013986014 0.05138339920948617 0.11538461538461539
1 0.575098814229249 0.493006993006993 0.03359683794466403 0.0944055944055944
1 0.5780632411067194 0.4230769230769231 0.04743083003952569 0.07342657342657342
1 0.6403162055335968 0.4527972027972028 0.045454545454545456 0.08391608391608392
1 0.6146245059288538 0.6363636363636364 0.0533596837944664 0.12237762237762238
1 0.6175889328063241 0.5751748251748252 0.03557312252964427 0.08391608391608392
1 0.6531620553359684 0.8758741258741258 0.05533596837944664 0.17482517482517482
1 0.6511857707509882 0.9458041958041958 0.05533596837944664 0.08391608391608392
1 0.7223320158102767 0.9527972027972028 0.05928853754940711 0.07692307692307693
1 0.6867588932806324 0.4388111888111888 0.039525691699604744 0.07692307692307693
1 0.7361660079051383 0.3986013986013986 0.023715415019762844 0.05944055944055944
1 0.7944664031620553 0.4562937062937063 0.037549407114624504 0.08391608391608392
1 0.8646245059288538 0.4178321678321678 0.039525691699604744 0.06993006993006994
1 0.8369565217391305 0.3951048951048951 0.03557312252964427 0.05944055944055944
1 0.8073122529644269 0.40034965034965037 0.02766798418972332 0.04895104895104895
1 0.7579051383399209 0.3304195804195804 0.023715415019762844 0.04195804195804196
1 0.7262845849802372 0.32517482517482516 0.03162055335968379 0.05244755244755245
1 0.6729249011857708 0.31993006993006995 0.023715415019762844 0.04195804195804196
1 0.10276679841897234 0.42832167832167833 0.017786561264822136 0.06993006993006994
1 0.06719367588932806 0.47027972027972026 0.021739130434782608 0.04195804195804196
1 0.07312252964426877 0.40734265734265734 0.021739130434782608 0.06293706293706294
1 0.017786561264822136 0.38636363636363635 0.017786561264822136 0.06293706293706294
1 0.044466403162055336 0.3776223776223776 0.015810276679841896 0.05944055944055944
1 0.11067193675889328 0.38636363636363635 0.017786561264822136 0.06293706293706294
1 0.07608695652173914 0.3374125874125874 0.015810276679841896 0.04195804195804196
1 0.1590909090909091 0.30594405594405594 0.019762845849802372 0.04195804195804196
1 0.17391304347826086 0.3041958041958042 0.01383399209486166 0.045454545454545456
1 0.19367588932806323 0.291958041958042 0.017786561264822136 0.03496503496503497
3 0.12055335968379446 0.6206293706293706 0.23122529644268774 0.34965034965034963
3 0.5553359683794467 0.2692307692307692 0.07707509881422925 0.06643356643356643
3 0.8992094861660079 0.784965034965035 0.191699604743083 0.4125874125874126
