1 0.30434782608695654 0.7132867132867133 0.08498023715415019 0.16783216783216784
1 0.4160079051383399 0.791958041958042 0.07905138339920949 0.18181818181818182
1 0.391304347826087 0.6993006993006993 0.0691699604743083 0.14335664335664336
1 0.4624505928853755 0.7552447552447552 0.0691699604743083 0.13286713286713286
1 0.466403162055336 0.7097902097902098 0.0533596837944664 0.12237762237762238
1 0.6007905138339921 0.9458041958041958 0.08498023715415019 0.16783216783216784
1 0.6413043478260869 0.9318181818181818 0.06719367588932806 0.15034965034965034
1 0.19861660079051383 0.43356643356643354 0.02766798418972332 0.10139860139860139
1 0.22332015810276679 0.4405594405594406 0.025691699604743084 0.10139860139860139
1 0.12351778656126482 0.3006993006993007 0.023715415019762844 0.08041958041958042
1 0.09782608695652174 0.2762237762237762 0.015810276679841896 0.06293706293706294
1 0.16403162055335968 0.31643356643356646 0.017786561264822136 0.05944055944055944
1 0.20553359683794467 0.3269230769230769 0.021739130434782608 0.045454545454545456
1 0.2885375494071146 0.40384615384615385 0.017786561264822136 0.038461538461538464
1 0.5790513833992095 0.7255244755244755 0.041501976284584984 0.06643356643356643
1 0.6047430830039525 0.7674825174825175 0.021739130434782608 0.08041958041958042
1 0.607707509881423 0.7412587412587412 0.02766798418972332 0.06993006993006994
1 0.6314229249011858 0.7604895104895105 0.02766798418972332 0.06993006993006994
1 0.9407114624505929 1.0419580419580419 0.021739130434782608 0.07342657342657342
1 0.958498023715415 1.0611888111888113 0.017786561264822136 0.07692307692307693
1 0.9693675889328063 1.055944055944056 0.019762845849802372 0.05944055944055944
1 0.9575098814229249 1.0174825174825175 0.015810276679841896 0.04895104895104895
1 0.7934782608695652 0.8723776223776224 0.019762845849802372 0.055944055944055944
1 0.9851778656126482 1.048951048951049 0.019762845849802372 0.05944055944055944
1 0.791501976284585 0.8531468531468531 0.03162055335968379 0.04195804195804196
1 0.0800395256916996 0.26223776223776224 0.015810276679841896 0.06993006993006994
1 0.849802371541502 0.9038461538461539 0.025691699604743084 0.04195804195804196
1 0.8843873517786561 0.9423076923076923 0.03162055335968379 0.03496503496503497
2 0.2875494071146245 0.4982517482517482 0.09090909090909091 0.12237762237762238
2 0.23122529644268774 0.40384615384615385 0.0533596837944664 0.06643356643356643
2 0.1907114624505929 0.6258741258741258 0.24110671936758893 0.24825174825174826
2 0.03557312252964427 0.20279720279720279 0.041501976284584984 0.05244755244755245
2 0.6857707509881423 0.8776223776223776 0.09288537549407115 0.0944055944055944
2 0.2450592885375494 0.3881118881118881 0.04940711462450593 0.04895104895104895
2 0.1225296442687747 0.270979020979021 0.025691699604743084 0.045454545454545456
2 0.4031620553359684 0.5192307692307693 0.06126482213438735 0.04195804195804196
2 0.6689723320158103 0.763986013986014 0.05138339920948617 0.04195804195804196
2 0.591897233201581 0.6905594405594405 0.05533596837944664 0.04195804195804196
2 0.9090909090909091 0.9895104895104895 0.041501976284584984 0.05244755244755245
2 0.2183794466403162 0.3304195804195804 0.03557312252964427 0.03496503496503497
2 0.11561264822134387 0.2465034965034965 0.023715415019762844 0.03496503496503497
2 0.07905138339920949 0.24125874125874125 0.037549407114624504 0.055944055944055944
2 0.7144268774703557 0.8758741258741258 0.08300395256916997 0.07342657342657342
4 0.8221343873517787 0.9597902097902098 0.10869565217391304 0.16433566433566432
4 0.7292490118577075 0.8548951048951049 0.09288537549407115 0.10139860139860139
2 0.7312252964426877 0.8164335664335665 0.07312252964426877 0.05244755244755245
