1 0.475296442687747 0.6695804195804196 0.039525691699604744 0.0979020979020979
1 0.4308300395256917 0.5979020979020979 0.041501976284584984 0.06643356643356643
1 0.37450592885375494 0.5506993006993007 0.04743083003952569 0.08041958041958042
1 0.274703557312253 0.44755244755244755 0.021739130434782608 0.06993006993006994
1 0.29150197628458496 0.4562937062937063 0.02766798418972332 0.06643356643356643
1 0.24011857707509882 0.4160839160839161 0.02766798418972332 0.06293706293706294
1 0.1956521739130435 0.3741258741258741 0.029644268774703556 0.06993006993006994
1 0.15711462450592886 0.3409090909090909 0.019762845849802372 0.06643356643356643
1 0.16600790513833993 0.3356643356643357 0.017786561264822136 0.045454545454545456
1 0.11363636363636363 0.28846153846153844 0.019762845849802372 0.06293706293706294
1 0.13537549407114624 0.32342657342657344 0.019762845849802372 0.04895104895104895
1 0.09288537549407115 0.28846153846153844 0.021739130434782608 0.045454545454545456
1 0.043478260869565216 0.23251748251748253 0.021739130434782608 0.06293706293706294
1 0.07608695652173914 0.25524475524475526 0.015810276679841896 0.05244755244755245
1 0.22628458498023715 0.3618881118881119 0.015810276679841896 0.04895104895104895
1 0.2549407114624506 0.3811188811188811 0.021739130434782608 0.04895104895104895
1 0.31521739130434784 0.43006993006993005 0.019762845849802372 0.045454545454545456
1 0.3290513833992095 0.4370629370629371 0.019762845849802372 0.04195804195804196
1 0.35276679841897235 0.4597902097902098 0.023715415019762844 0.045454545454545456
1 0.3814229249011858 0.48426573426573427 0.021739130434782608 0.038461538461538464
1 0.6353754940711462 0.9755244755244755 0.08300395256916997 0.17482517482517482
1 0.7134387351778656 0.9335664335664335 0.04940711462450593 0.12237762237762238
1 0.8211462450592886 1.027972027972028 0.039525691699604744 0.12237762237762238
1 0.7628458498023716 0.8968531468531469 0.03359683794466403 0.06643356643356643
1 0.7559288537549407 0.8688811188811189 0.02766798418972332 0.05944055944055944
1 0.8804347826086957 0.9947552447552448 0.03162055335968379 0.06643356643356643
1 0.8260869565217391 0.9073426573426573 0.017786561264822136 0.05244755244755245
1 0.849802371541502 0.9248251748251748 0.017786561264822136 0.055944055944055944
1 0.7045454545454546 0.784965034965035 0.019762845849802372 0.04895104895104895
1 0.6758893280632411 0.7604895104895105 0.021739130434782608 0.03496503496503497
1 0.6521739130434783 0.7325174825174825 0.021739130434782608 0.038461538461538464
1 0.9169960474308301 0.9982517482517482 0.03359683794466403 0.07342657342657342
1 0.9752964426877471 1.0664335664335665 0.03162055335968379 0.055944055944055944
1 0.8547430830039525 0.9055944055944056 0.019762845849802372 0.045454545454545456
1 0.09782608695652174 0.5402097902097902 0.05138339920948617 0.12937062937062938
1 0.040513833992094864 0.49475524475524474 0.06719367588932806 0.12937062937062938
1 0.18675889328063242 0.291958041958042 0.011857707509881422 0.045454545454545456
2 0.6709486166007905 0.8374125874125874 0.10276679841897234 0.06643356643356643
2 0.10375494071146245 0.5087412587412588 0.19367588932806323 0.1888111888111888
2 0.27865612648221344 0.7447552447552448 0.24308300395256918 0.2202797202797203
2 0.8013833992094862 0.9090909090909091 0.039525691699604744 0.05944055944055944
2 0.8972332015810277 0.9772727272727273 0.041501976284584984 0.055944055944055944
2 0.9298418972332015 0.9982517482517482 0.04743083003952569 0.04195804195804196
2 0.7796442687747036 0.8671328671328671 0.05928853754940711 0.04195804195804196
2 0.8201581027667985 0.8863636363636364 0.037549407114624504 0.03146853146853147
2 0.607707509881423 0.7027972027972028 0.05138339920948617 0.038461538461538464
2 0.5503952569169961 0.6433566433566433 0.039525691699604744 0.03496503496503497
2 0.40217391304347827 0.506993006993007 0.043478260869565216 0.027972027972027972
2 0.30533596837944665 0.4143356643356643 0.039525691699604744 0.03146853146853147
2 0.07509881422924901 0.23076923076923078 0.037549407114624504 0.04895104895104895
2 0.09782608695652174 0.270979020979021 0.05138339920948617 0.04195804195804196
2 0.1482213438735178 0.3094405594405594 0.0533596837944664 0.055944055944055944
2 0.13932806324110672 0.28846153846153844 0.043478260869565216 0.03496503496503497
2 0.10276679841897234 0.3409090909090909 0.08893280632411067 0.11538461538461539
3 0.1976284584980237 0.3618881118881119 0.06521739130434782 0.1048951048951049
3 0.7164031620553359 0.8059440559440559 0.11462450592885376 0.08741258741258741
