1 0.6798418972332015 0.8898601398601399 0.10869565217391304 0.15384615384615385
1 0.708498023715415 1.132867132867133 0.12648221343873517 0.08741258741258741
1 0.49110671936758893 0.6451048951048951 0.07114624505928854 0.14335664335664336
1 0.39920948616600793 0.5559440559440559 0.0691699604743083 0.1258741258741259
1 0.2183794466403162 0.5034965034965035 0.08300395256916997 0.1853146853146853
1 0.21541501976284586 0.3513986013986014 0.04940711462450593 0.11538461538461539
1 0.16798418972332016 0.2762237762237762 0.041501976284584984 0.10139860139860139
1 0.08695652173913043 0.22727272727272727 0.041501976284584984 0.10139860139860139
1 0.05731225296442688 0.2097902097902098 0.037549407114624504 0.0979020979020979
1 0.02766798418972332 0.25874125874125875 0.041501976284584984 0.15734265734265734
1 0.03458498023715415 0.15034965034965034 0.03557312252964427 0.10139860139860139
1 0.7094861660079052 0.7465034965034965 0.029644268774703556 0.1048951048951049
1 0.7490118577075099 0.7692307692307693 0.03359683794466403 0.11888111888111888
1 0.8349802371541502 0.8618881118881119 0.03557312252964427 0.10839160839160839
1 0.8883399209486166 0.9090909090909091 0.03162055335968379 0.11188811188811189
1 0.7944664031620553 0.8111888111888111 0.029644268774703556 0.11188811188811189
1 0.8181818181818182 0.8181818181818182 0.021739130434782608 0.09090909090909091
1 0.45553359683794464 0.5384615384615384 0.05928853754940711 0.10139860139860139
1 0.05928853754940711 0.1590909090909091 0.029644268774703556 0.08391608391608392
1 0.8290513833992095 0.7709790209790209 0.019762845849802372 0.07692307692307693
2 0.9298418972332015 0.9090909090909091 0.07114624505928854 0.12237762237762238
2 0.8735177865612648 0.8479020979020979 0.06126482213438735 0.08741258741258741
2 0.8962450592885376 0.8356643356643356 0.05138339920948617 0.07692307692307693
2 0.8962450592885376 1.277972027972028 0.19367588932806323 0.19230769230769232
2 0.4209486166007905 0.7377622377622378 0.24308300395256918 0.24125874125874125
2 0.12055335968379446 0.3688811188811189 0.18774703557312253 0.1958041958041958
2 0.35375494071146246 0.8671328671328671 0.41699604743083 0.2517482517482518
