1 0.23517786561264822 0.5856643356643356 0.045454545454545456 0.17482517482517482
1 0.2776679841897233 0.5751748251748252 0.039525691699604744 0.14335664335664336
1 0.16600790513833993 0.4090909090909091 0.03359683794466403 0.11188811188811189
1 0.08794466403162056 0.2972027972027972 0.03162055335968379 0.08741258741258741
1 0.04940711462450593 0.2674825174825175 0.03359683794466403 0.08391608391608392
1 0.021739130434782608 0.23776223776223776 0.025691699604743084 0.08041958041958042
1 0.10968379446640317 0.28496503496503495 0.019762845849802372 0.06643356643356643
1 0.08596837944664032 0.27797202797202797 0.019762845849802372 0.05944055944055944
1 0.07707509881422925 0.23251748251748253 0.017786561264822136 0.05944055944055944
1 0.05434782608695652 0.21853146853146854 0.02766798418972332 0.05944055944055944
1 0.11067193675889328 0.25 0.017786561264822136 0.04895104895104895
1 0.12845849802371542 0.2692307692307692 0.021739130434782608 0.05244755244755245
1 0.18478260869565216 0.35664335664335667 0.015810276679841896 0.038461538461538464
1 0.2707509881422925 0.6993006993006993 0.07312252964426877 0.13636363636363635
1 0.39723320158102765 0.8199300699300699 0.07312252964426877 0.12237762237762238
1 0.3191699604743083 0.6486013986013986 0.04743083003952569 0.16783216783216784
1 0.31719367588932806 0.5909090909090909 0.039525691699604744 0.13286713286713286
1 0.4298418972332016 0.7692307692307693 0.06719367588932806 0.17482517482517482
1 0.42292490118577075 0.7167832167832168 0.06126482213438735 0.14685314685314685
1 0.4515810276679842 0.7202797202797203 0.039525691699604744 0.13636363636363635
1 0.45948616600790515 0.7115384615384616 0.043478260869565216 0.10839160839160839
1 0.4140316205533597 0.6328671328671329 0.043478260869565216 0.10139860139860139
1 0.40711462450592883 0.5874125874125874 0.0533596837944664 0.08041958041958042
1 0.424901185770751 0.5891608391608392 0.037549407114624504 0.07692307692307693
1 0.22529644268774704 0.3618881118881119 0.025691699604743084 0.04895104895104895
1 0.25592885375494073 0.3776223776223776 0.015810276679841896 0.05244755244755245
1 0.3191699604743083 0.4318181818181818 0.023715415019762844 0.04195804195804196
1 0.6640316205533597 1.0052447552447552 0.06126482213438735 0.18181818181818182
1 0.6452569169960475 0.8321678321678322 0.03557312252964427 0.0979020979020979
1 0.6086956521739131 0.7622377622377622 0.041501976284584984 0.08041958041958042
1 0.8685770750988142 1.020979020979021 0.03162055335968379 0.08741258741258741
1 0.9209486166007905 1.1031468531468531 0.037549407114624504 0.11538461538461539
1 0.9288537549407114 1.048951048951049 0.025691699604743084 0.07692307692307693
1 0.908102766798419 1.0192307692307692 0.023715415019762844 0.06993006993006994
1 0.9822134387351779 1.1013986013986015 0.021739130434782608 0.0944055944055944
1 0.9604743083003953 1.0402097902097902 0.021739130434782608 0.06293706293706294
1 0.8517786561264822 0.9335664335664335 0.017786561264822136 0.05944055944055944
1 0.7964426877470355 0.8828671328671329 0.025691699604743084 0.06293706293706294
1 0.8290513833992095 0.9055944055944056 0.02766798418972332 0.055944055944055944
1 0.7806324110671937 0.8636363636363636 0.025691699604743084 0.055944055944055944
1 0.8300395256916996 0.8863636363636364 0.025691699604743084 0.04195804195804196
1 0.8725296442687747 0.9353146853146853 0.023715415019762844 0.055944055944055944
2 0.6857707509881423 0.7762237762237763 0.0533596837944664 0.03496503496503497
2 0.3191699604743083 0.5629370629370629 0.11067193675889328 0.15384615384615385
2 0.5721343873517787 0.8618881118881119 0.14624505928853754 0.15734265734265734
2 0.6185770750988142 0.8251748251748252 0.1007905138339921 0.0944055944055944
2 0.7717391304347826 0.9423076923076923 0.07509881422924901 0.0944055944055944
2 0.7895256916996047 0.9265734265734266 0.06719367588932806 0.08041958041958042
2 0.17490118577075098 0.3339160839160839 0.043478260869565216 0.06293706293706294
2 0.5424901185770751 0.6416083916083916 0.05533596837944664 0.04195804195804196
2 0.03557312252964427 0.4423076923076923 0.06521739130434782 0.12937062937062938
2 0.20355731225296442 0.43006993006993005 0.10474308300395258 0.10839160839160839
2 0.11956521739130435 0.24475524475524477 0.023715415019762844 0.03496503496503497
2 0.43478260869565216 0.541958041958042 0.05731225296442688 0.04195804195804196
2 0.6304347826086957 0.7290209790209791 0.05731225296442688 0.04195804195804196
4 0.9456521739130435 1.0052447552447552 0.04743083003952569 0.055944055944055944
