1 0.7104743083003953 0.6136363636363636 0.1067193675889328 0.17482517482517482
1 0.8330039525691699 0.6276223776223776 0.11462450592885376 0.18181818181818182
1 0.8903162055335968 0.5874125874125874 0.05928853754940711 0.16433566433566432
1 0.9150197628458498 0.3706293706293706 0.045454545454545456 0.12937062937062938
1 0.7766798418972332 0.28496503496503495 0.037549407114624504 0.11188811188811189
1 0.7223320158102767 0.23776223776223776 0.03162055335968379 0.10839160839160839
1 0.7519762845849802 0.20804195804195805 0.023715415019762844 0.09090909090909091
1 0.525691699604743 0.26048951048951047 0.025691699604743084 0.11188811188811189
1 0.4258893280632411 0.4982517482517482 0.05928853754940711 0.15384615384615385
1 0.39624505928853754 0.3531468531468531 0.06719367588932806 0.12237762237762238
1 0.16304347826086957 0.3076923076923077 0.039525691699604744 0.08041958041958042
1 0.24802371541501977 0.6695804195804196 0.07905138339920949 0.16083916083916083
1 0.4031620553359684 0.7814685314685315 0.10869565217391304 0.1958041958041958
1 0.24308300395256918 0.486013986013986 0.0691699604743083 0.13636363636363635
1 0.24802371541501977 0.5769230769230769 0.07114624505928854 0.10139860139860139
1 0.5909090909090909 0.4772727272727273 0.08498023715415019 0.15384615384615385
1 0.5365612648221344 0.4160839160839161 0.07905138339920949 0.12937062937062938
1 0.06818181818181818 0.23601398601398602 0.02766798418972332 0.08391608391608392
1 0.038537549407114624 0.24475524475524477 0.019762845849802372 0.07342657342657342
1 0.10177865612648221 0.25524475524475526 0.03557312252964427 0.08041958041958042
3 0.2628458498023715 0.3986013986013986 0.21146245059288538 0.21328671328671328
2 0.83399209486166 0.21153846153846154 0.08102766798418973 0.13286713286713286
2 0.9298418972332015 0.23076923076923078 0.07509881422924901 0.14335664335664336
2 0.9525691699604744 0.12237762237762238 0.0533596837944664 0.07342657342657342
2 0.26778656126482214 0.8723776223776224 0.32806324110671936 0.24475524475524477
2 0.08498023715415019 0.4405594405594406 0.15217391304347827 0.19230769230769232
2 0.07213438735177866 0.32342657342657344 0.1225296442687747 0.09090909090909091
2 0.8764822134387352 0.14335664335664336 0.04743083003952569 0.08041958041958042
