1 0.6758893280632411 0.4423076923076923 0.041501976284584984 0.16083916083916083
1 0.5592885375494071 0.5944055944055944 0.05731225296442688 0.1993006993006993
1 0.5345849802371542 0.5 0.04743083003952569 0.17132867132867133
1 0.5207509881422925 0.42132867132867136 0.03557312252964427 0.11888111888111888
1 0.5731225296442688 0.4178321678321678 0.041501976284584984 0.15384615384615385
1 0.6205533596837944 0.40034965034965037 0.041501976284584984 0.15384615384615385
1 0.650197628458498 0.33916083916083917 0.03359683794466403 0.12237762237762238
1 0.6907114624505929 0.3548951048951049 0.039525691699604744 0.13986013986013987
1 0.6669960474308301 0.2727272727272727 0.03162055335968379 0.10139860139860139
1 0.6966403162055336 0.27972027972027974 0.02766798418972332 0.0944055944055944
1 0.7272727272727273 0.29545454545454547 0.037549407114624504 0.1258741258741259
1 0.4762845849802372 0.32517482517482516 0.07312252964426877 0.11538461538461539
1 0.1383399209486166 0.3339160839160839 0.0533596837944664 0.09090909090909091
1 0.10968379446640317 0.2972027972027972 0.03557312252964427 0.10139860139860139
1 0.09288537549407115 0.2762237762237762 0.037549407114624504 0.0944055944055944
1 0.02865612648221344 0.24475524475524477 0.03557312252964427 0.0944055944055944
1 0.05434782608695652 0.25 0.039525691699604744 0.09090909090909091
1 0.7302371541501976 0.22202797202797203 0.02766798418972332 0.09090909090909091
1 0.7855731225296443 0.19755244755244755 0.03557312252964427 0.09090909090909091
2 0.691699604743083 0.8409090909090909 0.3695652173913043 0.3076923076923077
2 0.3567193675889328 0.6188811188811189 0.2648221343873518 0.2762237762237762
2 0.22233201581027667 0.8286713286713286 0.2845849802371542 0.3181818181818182
2 0.1551383399209486 0.44755244755244755 0.15810276679841898 0.17832167832167833
2 0.7964426877470355 0.30594405594405594 0.09683794466403162 0.13986013986013987
2 0.9041501976284585 0.2972027972027972 0.09486166007905138 0.19230769230769232
2 0.8507905138339921 0.20104895104895104 0.07114624505928854 0.11888111888111888
2 0.9387351778656127 0.19405594405594406 0.06126482213438735 0.1048951048951049
2 0.9436758893280632 0.12762237762237763 0.04743083003952569 0.07692307692307693
2 0.8754940711462451 0.13111888111888112 0.0533596837944664 0.06993006993006994
2 0.8972332015810277 0.09090909090909091 0.041501976284584984 0.08041958041958042
2 0.9209486166007905 0.04895104895104895 0.03359683794466403 0.05244755244755245
4 0.06126482213438735 0.5384615384615384 0.10869565217391304 0.3811188811188811
