1 0.20948616600790515 0.2762237762237762 0.04743083003952569 0.11538461538461539
1 0.1383399209486166 0.24475524475524477 0.039525691699604744 0.0944055944055944
1 0.017786561264822136 0.2062937062937063 0.025691699604743084 0.06993006993006994
1 0.07905138339920949 0.2062937062937063 0.025691699604743084 0.045454545454545456
1 0.8003952569169961 0.506993006993007 0.07905138339920949 0.16083916083916083
1 0.8122529644268774 0.17832167832167833 0.025691699604743084 0.0979020979020979
1 0.7707509881422925 0.1888111888111888 0.02766798418972332 0.0944055944055944
1 0.7094861660079052 0.17132867132867133 0.025691699604743084 0.10139860139860139
1 0.733201581027668 0.1853146853146853 0.025691699604743084 0.11188811188811189
1 0.7628458498023716 0.1853146853146853 0.017786561264822136 0.0979020979020979
1 0.5948616600790514 0.3706293706293706 0.02766798418972332 0.06643356643356643
2 0.8814229249011858 0.17482517482517482 0.07312252964426877 0.11538461538461539
2 0.7885375494071146 0.12237762237762238 0.06324110671936758 0.10839160839160839
2 0.849802371541502 0.07342657342657342 0.06126482213438735 0.0979020979020979
2 0.9150197628458498 0.10139860139860139 0.04940711462450593 0.1048951048951049
2 0.009881422924901186 0.5909090909090909 0.18774703557312253 0.26573426573426573
2 0.011857707509881422 0.24125874125874125 0.13043478260869565 0.13986013986013987
3 0.26679841897233203 0.32167832167832167 0.541501976284585 0.6153846153846154
