2 0.6709486166007905 0.791958041958042 0.16600790513833993 0.1958041958041958
2 0.8982213438735178 0.951048951048951 0.09881422924901186 0.1853146853146853
2 0.8715415019762845 0.8566433566433567 0.06521739130434782 0.11888111888111888
2 0.7954545454545454 0.8234265734265734 0.08300395256916997 0.14685314685314685
1 0.7213438735177866 0.8811188811188811 0.0533596837944664 0.17482517482517482
1 0.4357707509881423 0.6503496503496503 0.06719367588932806 0.1958041958041958
1 0.5612648221343873 0.8776223776223776 0.09683794466403162 0.23426573426573427
1 0.18379446640316205 0.5891608391608392 0.116600790513834 0.24125874125874125
1 0.1551383399209486 0.29545454545454547 0.05928853754940711 0.11538461538461539
1 0.025691699604743084 0.14685314685314685 0.037549407114624504 0.0944055944055944
1 0.7272727272727273 0.7447552447552448 0.029644268774703556 0.07342657342657342
1 0.8152173913043478 0.7762237762237763 0.02766798418972332 0.06293706293706294
1 0.8646245059288538 0.8006993006993007 0.019762845849802372 0.06643356643356643
1 0.8409090909090909 0.7937062937062938 0.015810276679841896 0.05944055944055944
1 0.9179841897233202 0.9073426573426573 0.019762845849802372 0.055944055944055944
2 0.9436758893280632 0.8951048951048951 0.04743083003952569 0.10839160839160839
