1 0.1007905138339921 0.4755244755244755 0.05138339920948617 0.14685314685314685
1 0.08893280632411067 0.42657342657342656 0.0533596837944664 0.10139860139860139
1 0.019762845849802372 0.27972027972027974 0.021739130434782608 0.08041958041958042
1 0.04940711462450593 0.25524475524475526 0.029644268774703556 0.06643356643356643
1 0.07509881422924901 0.25524475524475526 0.019762845849802372 0.06293706293706294
1 0.18972332015810275 0.24475524475524477 0.023715415019762844 0.06993006993006994
1 0.17391304347826086 0.33916083916083917 0.021739130434782608 0.10839160839160839
1 0.18972332015810275 0.36363636363636365 0.029644268774703556 0.11888111888111888
1 0.18774703557312253 0.4125874125874126 0.02766798418972332 0.11538461538461539
1 0.233201581027668 0.4125874125874126 0.03359683794466403 0.11888111888111888
1 0.2845849802371542 0.4160839160839161 0.0691699604743083 0.12237762237762238
1 0.2648221343873518 0.33916083916083917 0.019762845849802372 0.0944055944055944
1 0.2450592885375494 0.3321678321678322 0.02766798418972332 0.08391608391608392
1 0.37351778656126483 0.5874125874125874 0.08893280632411067 0.16433566433566432
1 0.3715415019762846 0.4195804195804196 0.029644268774703556 0.11188811188811189
1 0.3695652173913043 0.5 0.03359683794466403 0.13286713286713286
1 0.3201581027667984 0.36363636363636365 0.043478260869565216 0.10139860139860139
1 0.5454545454545454 0.6048951048951049 0.09881422924901186 0.16083916083916083
1 0.5276679841897233 0.5104895104895105 0.07905138339920949 0.13286713286713286
1 0.4723320158102767 0.43356643356643354 0.03162055335968379 0.12937062937062938
1 0.4031620553359684 0.36363636363636365 0.05533596837944664 0.10139860139860139
1 0.3893280632411067 0.34265734265734266 0.043478260869565216 0.07692307692307693
1 0.4901185770750988 0.3916083916083916 0.019762845849802372 0.1048951048951049
1 0.45454545454545453 0.34265734265734266 0.045454545454545456 0.11188811188811189
1 0.2885375494071146 0.3041958041958042 0.021739130434782608 0.0944055944055944
1 0.22727272727272727 0.25874125874125875 0.021739130434782608 0.055944055944055944
1 0.23122529644268774 0.1958041958041958 0.03162055335968379 0.04195804195804196
1 0.1324110671936759 0.17832167832167833 0.03359683794466403 0.055944055944055944
1 0.6561264822134387 0.46853146853146854 0.07114624505928854 0.13636363636363635
1 0.5948616600790514 0.4230769230769231 0.023715415019762844 0.1258741258741259
1 0.5869565217391305 0.34965034965034963 0.039525691699604744 0.1048951048951049
1 0.5296442687747036 0.32167832167832167 0.023715415019762844 0.08741258741258741
1 0.49407114624505927 0.32167832167832167 0.021739130434782608 0.08041958041958042
1 0.650197628458498 0.3776223776223776 0.05533596837944664 0.10139860139860139
1 0.6205533596837944 0.3076923076923077 0.029644268774703556 0.07692307692307693
1 0.7055335968379447 0.33916083916083917 0.04743083003952569 0.0944055944055944
1 0.7371541501976284 0.3321678321678322 0.03359683794466403 0.08741258741258741
1 0.8142292490118577 0.486013986013986 0.08102766798418973 0.13636363636363635
1 0.8596837944664032 0.4125874125874126 0.06324110671936758 0.10139860139860139
1 0.41106719367588934 0.26573426573426573 0.023715415019762844 0.06643356643356643
1 0.45652173913043476 0.2972027972027972 0.021739130434782608 0.06993006993006994
1 0.4644268774703557 0.24825174825174826 0.015810276679841896 0.06643356643356643
1 0.49407114624505927 0.2517482517482518 0.015810276679841896 0.06643356643356643
1 0.274703557312253 0.23776223776223776 0.029644268774703556 0.06643356643356643
1 0.3814229249011858 0.2062937062937063 0.015810276679841896 0.038461538461538464
1 0.5158102766798419 0.25524475524475526 0.023715415019762844 0.06993006993006994
1 0.5573122529644269 0.3006993006993007 0.03162055335968379 0.08041958041958042
1 0.5711462450592886 0.22727272727272727 0.019762845849802372 0.04895104895104895
1 0.5395256916996047 0.23776223776223776 0.017786561264822136 0.06293706293706294
1 0.3142292490118577 0.1888111888111888 0.029644268774703556 0.03496503496503497
1 0.3932806324110672 0.1853146853146853 0.025691699604743084 0.04195804195804196
1 0.5 0.19230769230769232 0.029644268774703556 0.045454545454545456
1 0.5968379446640316 0.21328671328671328 0.02766798418972332 0.055944055944055944
1 0.6442687747035574 0.19230769230769232 0.019762845849802372 0.06293706293706294
1 0.5691699604743083 0.1888111888111888 0.021739130434782608 0.04195804195804196
1 0.5316205533596838 0.1958041958041958 0.029644268774703556 0.04195804195804196
4 0.08893280632411067 0.23076923076923078 0.07312252964426877 0.17132867132867133
2 0.023715415019762844 0.2202797202797203 0.05731225296442688 0.06993006993006994
3 0.35177865612648224 0.24825174825174826 0.0533596837944664 0.14685314685314685
4 0.3181818181818182 0.21678321678321677 0.05731225296442688 0.07342657342657342
2 0.733201581027668 0.20279720279720279 0.06521739130434782 0.045454545454545456
2 0.8952569169960475 0.3881118881118881 0.09683794466403162 0.10139860139860139
