1 0.1492094861660079 0.5157342657342657 0.07905138339920949 0.15384615384615385
1 0.2826086956521739 0.6206293706293706 0.07312252964426877 0.17132867132867133
1 0.036561264822134384 0.3706293706293706 0.043478260869565216 0.13986013986013987
1 0.11363636363636363 0.42132867132867136 0.05928853754940711 0.12937062937062938
1 0.191699604743083 0.47027972027972026 0.04940711462450593 0.1258741258741259
1 0.2865612648221344 0.5646853146853147 0.045454545454545456 0.1258741258741259
1 0.05533596837944664 0.27972027972027974 0.029644268774703556 0.08041958041958042
1 0.043478260869565216 0.2202797202797203 0.017786561264822136 0.04895104895104895
1 0.12944664031620554 0.34440559440559443 0.019762845849802372 0.07692307692307693
1 0.30632411067193677 0.5437062937062938 0.0533596837944664 0.10139860139860139
1 0.3458498023715415 0.6013986013986014 0.041501976284584984 0.1258741258741259
1 0.682806324110672 0.9632867132867133 0.07114624505928854 0.17482517482517482
1 0.4891304347826087 0.8881118881118881 0.08695652173913043 0.15384615384615385
1 0.2766798418972332 0.7325174825174825 0.08893280632411067 0.0944055944055944
1 0.041501976284584984 0.5209790209790209 0.0691699604743083 0.08041958041958042
1 0.34288537549407117 0.5174825174825175 0.043478260869565216 0.06993006993006994
1 0.4140316205533597 0.5786713286713286 0.043478260869565216 0.06993006993006994
1 0.4614624505928854 0.6328671328671329 0.04743083003952569 0.08041958041958042
1 0.49407114624505927 0.6538461538461539 0.041501976284584984 0.07692307692307693
1 0.6739130434782609 0.8444055944055944 0.0533596837944664 0.08391608391608392
1 0.7490118577075099 0.8479020979020979 0.017786561264822136 0.04895104895104895
1 0.8132411067193676 0.9248251748251748 0.019762845849802372 0.07692307692307693
1 0.9041501976284585 1.0192307692307692 0.023715415019762844 0.07342657342657342
1 0.782608695652174 0.8671328671328671 0.017786561264822136 0.055944055944055944
1 0.8112648221343873 0.8951048951048951 0.019762845849802372 0.04895104895104895
1 0.8409090909090909 0.9283216783216783 0.023715415019762844 0.05244755244755245
1 0.7134387351778656 0.7954545454545454 0.017786561264822136 0.055944055944055944
1 0.6907114624505929 0.7657342657342657 0.019762845849802372 0.04195804195804196
1 0.6689723320158103 0.736013986013986 0.011857707509881422 0.04895104895104895
1 0.7440711462450593 0.8181818181818182 0.015810276679841896 0.04895104895104895
1 0.7579051383399209 0.8321678321678322 0.011857707509881422 0.045454545454545456
1 0.9179841897233202 1.0034965034965035 0.011857707509881422 0.04895104895104895
1 0.9841897233201581 1.0786713286713288 0.017786561264822136 0.055944055944055944
1 0.883399209486166 0.9667832167832168 0.01383399209486166 0.04195804195804196
1 0.43873517786561267 0.5367132867132867 0.017786561264822136 0.03146853146853147
1 0.16996047430830039 0.3409090909090909 0.017786561264822136 0.05244755244755245
1 0.18873517786561264 0.3548951048951049 0.015810276679841896 0.05244755244755245
1 0.208498023715415 0.3688811188811189 0.015810276679841896 0.055944055944055944
1 0.10276679841897234 0.2902097902097902 0.021739130434782608 0.06643356643356643
1 0.1432806324110672 0.3094405594405594 0.019762845849802372 0.055944055944055944
1 0.0800395256916996 0.23601398601398602 0.015810276679841896 0.05944055944055944
1 0.05138339920948617 0.2062937062937063 0.021739130434782608 0.04895104895104895
1 0.24110671936758893 0.3793706293706294 0.017786561264822136 0.045454545454545456
2 0.44466403162055335 0.7762237762237763 0.16798418972332016 0.1853146853146853
2 0.3675889328063241 0.6013986013986014 0.10474308300395258 0.1048951048951049
2 0.2648221343873518 0.479020979020979 0.1007905138339921 0.0944055944055944
2 0.26778656126482214 0.4527972027972028 0.07114624505928854 0.05944055944055944
2 0.7015810276679841 0.8671328671328671 0.08498023715415019 0.08391608391608392
2 0.7114624505928854 0.8461538461538461 0.0533596837944664 0.04195804195804196
2 0.8646245059288538 0.9772727272727273 0.04743083003952569 0.07692307692307693
2 0.7964426877470355 0.8548951048951049 0.04940711462450593 0.038461538461538464
2 0.7213438735177866 0.7832167832167832 0.045454545454545456 0.04195804195804196
2 0.3438735177865613 0.46503496503496505 0.04940711462450593 0.04195804195804196
2 0.2766798418972332 0.4143356643356643 0.05731225296442688 0.045454545454545456
2 0.14723320158102768 0.2727272727272727 0.02766798418972332 0.03146853146853147
2 0.11561264822134387 0.270979020979021 0.05138339920948617 0.04195804195804196
2 0.1976284584980237 0.34440559440559443 0.05731225296442688 0.04195804195804196
3 0.6096837944664032 0.7062937062937062 0.06719367588932806 0.04895104895104895
