2 0.5533596837944664 0.4125874125874126 0.2391304347826087 0.23076923076923078
2 0.17193675889328064 0.3146853146853147 0.18379446640316205 0.2062937062937063
2 0.21739130434782608 0.27972027972027974 0.14624505928853754 0.11888111888111888
2 0.0533596837944664 0.19230769230769232 0.11067193675889328 0.1258741258741259
1 0.6798418972332015 0.9055944055944056 0.116600790513834 0.08741258741258741
1 0.5909090909090909 0.25874125874125875 0.03359683794466403 0.12237762237762238
1 0.9110671936758893 0.15734265734265734 0.023715415019762844 0.07342657342657342
1 0.8913043478260869 0.1048951048951049 0.023715415019762844 0.07342657342657342
1 0.35375494071146246 0.5314685314685315 0.07905138339920949 0.18181818181818182
1 0.10474308300395258 0.36363636363636365 0.05138339920948617 0.14335664335664336
1 0.06324110671936758 0.3181818181818182 0.045454545454545456 0.11188811188811189
1 0.01383399209486166 0.3531468531468531 0.039525691699604744 0.10839160839160839
-1 0.8715415019762845 0.6328671328671329 0.12450592885375494 0.36013986013986016
