4 0.16699604743083005 0.5646853146853147 0.3201581027667984 0.4405594405594406
4 0.5345849802371542 1.0646853146853146 0.45849802371541504 0.21328671328671328
1 0.6818181818181818 0.9405594405594405 0.116600790513834 0.1853146853146853
1 0.7104743083003953 0.916083916083916 0.09881422924901186 0.17482517482517482
1 0.782608695652174 0.9475524475524476 0.04940711462450593 0.16433566433566432
1 0.708498023715415 0.8653846153846154 0.09486166007905138 0.12937062937062938
1 0.6027667984189723 0.7465034965034965 0.07707509881422925 0.11888111888111888
1 0.532608695652174 0.6853146853146853 0.05533596837944664 0.07342657342657342
1 0.48320158102766797 0.6136363636363636 0.06719367588932806 0.12937062937062938
1 0.4189723320158103 0.5681818181818182 0.0691699604743083 0.12937062937062938
1 0.3804347826086957 0.5052447552447552 0.05533596837944664 0.10839160839160839
1 0.28952569169960474 0.42832167832167833 0.05928853754940711 0.0979020979020979
1 0.21541501976284586 0.3374125874125874 0.0533596837944664 0.1048951048951049
1 0.05632411067193676 0.1888111888111888 0.043478260869565216 0.10839160839160839
1 0.1442687747035573 0.27797202797202797 0.045454545454545456 0.11538461538461539
1 0.12549407114624506 0.229020979020979 0.03162055335968379 0.07692307692307693
1 0.6788537549407114 0.7307692307692307 0.03162055335968379 0.11188811188811189
1 0.717391304347826 0.763986013986014 0.03359683794466403 0.11188811188811189
1 0.7519762845849802 0.7604895104895105 0.02766798418972332 0.08391608391608392
1 0.7292490118577075 0.7552447552447552 0.021739130434782608 0.06643356643356643
1 0.7835968379446641 0.7604895104895105 0.019762845849802372 0.06293706293706294
1 0.9683794466403162 0.9632867132867133 0.029644268774703556 0.11538461538461539
1 0.849802371541502 0.7762237762237763 0.017786561264822136 0.06293706293706294
1 0.8063241106719368 0.7657342657342657 0.021739130434782608 0.06993006993006994
2 0.5553359683794467 0.798951048951049 0.1956521739130435 0.21678321678321677
2 0.3102766798418972 0.5559440559440559 0.2075098814229249 0.22377622377622378
2 0.11561264822134387 0.38286713286713286 0.1857707509881423 0.16783216783216784
2 0.02766798418972332 0.21503496503496503 0.041501976284584984 0.13286713286713286
2 0.7974308300395256 1.2447552447552448 0.35968379446640314 0.23076923076923078
2 0.7865612648221344 0.8234265734265734 0.09288537549407115 0.13636363636363635
2 0.8359683794466403 0.8321678321678322 0.0533596837944664 0.08041958041958042
2 0.9733201581027668 0.8968531468531469 0.039525691699604744 0.07342657342657342
4 0.9100790513833992 0.9108391608391608 0.09090909090909091 0.2062937062937063
