1 0.6205533596837944 0.5769230769230769 0.05731225296442688 0.2202797202797203
1 0.4407114624505929 0.47202797202797203 0.06324110671936758 0.1958041958041958
1 0.3359683794466403 0.5874125874125874 0.05731225296442688 0.2202797202797203
1 0.17193675889328064 0.8076923076923077 0.11067193675889328 0.1853146853146853
1 0.391304347826087 0.7342657342657343 0.07905138339920949 0.26223776223776224
1 0.4723320158102767 0.2727272727272727 0.0691699604743083 0.11188811188811189
1 0.7806324110671937 0.2202797202797203 0.023715415019762844 0.10139860139860139
1 0.733201581027668 0.17482517482517482 0.019762845849802372 0.0979020979020979
1 0.6837944664031621 0.22377622377622378 0.02766798418972332 0.06293706293706294
1 0.7134387351778656 0.24125874125874125 0.023715415019762844 0.06293706293706294
1 0.8063241106719368 0.14335664335664336 0.023715415019762844 0.08741258741258741
1 0.7845849802371542 0.16783216783216784 0.02766798418972332 0.06643356643356643
1 0.7490118577075099 0.22727272727272727 0.023715415019762844 0.0944055944055944
2 0.5632411067193676 0.2902097902097902 0.18774703557312253 0.2202797202797203
2 0.8735177865612648 0.19230769230769232 0.08498023715415019 0.16783216783216784
2 0.043478260869565216 0.2097902097902098 0.12450592885375494 0.12237762237762238
2 0.6086956521739131 0.8356643356643356 0.1956521739130435 0.16083916083916083
2 0.007905138339920948 0.33916083916083917 0.037549407114624504 0.11188811188811189
2 0.8122529644268774 0.17832167832167833 0.0691699604743083 0.11538461538461539
2 0.8399209486166008 0.11888111888111888 0.05731225296442688 0.06993006993006994
2 0.8754940711462451 0.05244755244755245 0.04940711462450593 0.0944055944055944
4 0.932806324110672 0.04895104895104895 0.05533596837944664 0.12237762237762238
1 0.8656126482213439 0.04895104895104895 0.015810276679841896 0.055944055944055944
1 0.8478260869565217 0.045454545454545456 0.015810276679841896 0.045454545454545456
