1 0.007905138339920948 0.6888111888111889 0.06719367588932806 0.21328671328671328
1 0.019762845849802372 0.48951048951048953 0.04743083003952569 0.15384615384615385
1 0.07905138339920949 0.35664335664335667 0.029644268774703556 0.11538461538461539
1 0.029644268774703556 0.27972027972027974 0.02766798418972332 0.08741258741258741
1 0.019762845849802372 0.23426573426573427 0.02766798418972332 0.06293706293706294
1 0.0691699604743083 0.24475524475524477 0.019762845849802372 0.06293706293706294
1 0.04940711462450593 0.22727272727272727 0.019762845849802372 0.06643356643356643
1 0.1422924901185771 0.3181818181818182 0.023715415019762844 0.08041958041958042
1 0.09090909090909091 0.2727272727272727 0.023715415019762844 0.08041958041958042
1 0.07905138339920949 0.2902097902097902 0.023715415019762844 0.08041958041958042
1 0.10869565217391304 0.2692307692307692 0.021739130434782608 0.06993006993006994
1 0.22924901185770752 0.5034965034965035 0.05138339920948617 0.15384615384615385
1 0.1976284584980237 0.3986013986013986 0.041501976284584984 0.12937062937062938
1 0.17588932806324112 0.3706293706293706 0.029644268774703556 0.10839160839160839
1 0.18181818181818182 0.3181818181818182 0.021739130434782608 0.08741258741258741
1 0.18972332015810275 0.2867132867132867 0.025691699604743084 0.08741258741258741
1 0.22134387351778656 0.36713286713286714 0.037549407114624504 0.11538461538461539
1 0.23517786561264822 0.33916083916083917 0.039525691699604744 0.08391608391608392
1 0.22332015810276679 0.2902097902097902 0.03162055335968379 0.05944055944055944
1 0.28063241106719367 0.38461538461538464 0.03557312252964427 0.1048951048951049
1 0.30039525691699603 0.34615384615384615 0.021739130434782608 0.10139860139860139
1 0.31225296442687744 0.43356643356643354 0.04743083003952569 0.1258741258741259
1 0.3458498023715415 0.4125874125874126 0.0533596837944664 0.11888111888111888
1 0.4051383399209486 0.3951048951048951 0.0533596837944664 0.11538461538461539
1 0.4683794466403162 0.43006993006993005 0.06126482213438735 0.11888111888111888
1 0.43478260869565216 0.3776223776223776 0.043478260869565216 0.10839160839160839
1 0.3675889328063241 0.32867132867132864 0.029644268774703556 0.08741258741258741
1 0.34189723320158105 0.3111888111888112 0.02766798418972332 0.07692307692307693
1 0.4683794466403162 0.3531468531468531 0.039525691699604744 0.10839160839160839
1 0.5059288537549407 0.3531468531468531 0.039525691699604744 0.09090909090909091
1 0.549407114624506 0.2972027972027972 0.015810276679841896 0.08041958041958042
1 0.3339920948616601 0.26223776223776224 0.019762845849802372 0.05244755244755245
1 0.31620553359683795 0.24825174825174826 0.015810276679841896 0.06293706293706294
1 0.6719367588932806 0.6153846153846154 0.09486166007905138 0.16083916083916083
1 0.7351778656126482 0.5559440559440559 0.08300395256916997 0.14335664335664336
1 0.66600790513834 0.493006993006993 0.07707509881422925 0.12937062937062938
1 0.7055335968379447 0.47202797202797203 0.06719367588932806 0.11538461538461539
1 0.8122529644268774 0.541958041958042 0.08893280632411067 0.14335664335664336
1 0.8063241106719368 0.4405594405594406 0.05731225296442688 0.10839160839160839
1 0.8438735177865613 0.4195804195804196 0.04743083003952569 0.10139860139860139
1 0.8932806324110671 0.493006993006993 0.07312252964426877 0.1258741258741259
1 0.950592885375494 0.46853146853146854 0.04743083003952569 0.0979020979020979
1 0.958498023715415 0.4090909090909091 0.03557312252964427 0.08741258741258741
1 0.4150197628458498 0.3146853146853147 0.023715415019762844 0.07342657342657342
1 0.21936758893280633 0.24125874125874125 0.021739130434782608 0.05944055944055944
2 0.2549407114624506 0.3006993006993007 0.08893280632411067 0.0979020979020979
2 0.4407114624505929 0.3006993006993007 0.11067193675889328 0.0944055944055944
2 0.5632411067193676 0.3811188811188811 0.06521739130434782 0.12237762237762238
2 0.575098814229249 0.32517482517482516 0.07312252964426877 0.09090909090909091
2 0.549407114624506 0.27972027972027974 0.05731225296442688 0.07692307692307693
2 0.24308300395256918 0.24825174825174826 0.05928853754940711 0.05944055944055944
2 0.21936758893280633 0.22377622377622378 0.07312252964426877 0.06293706293706294
2 0.07707509881422925 0.21328671328671328 0.05138339920948617 0.06993006993006994
2 0.007905138339920948 0.21328671328671328 0.0533596837944664 0.05944055944055944
2 0.003952569169960474 0.18181818181818182 0.05928853754940711 0.038461538461538464
2 0.11067193675889328 0.17832167832167833 0.07905138339920949 0.055944055944055944
2 0.3715415019762846 0.24475524475524477 0.05138339920948617 0.07342657342657342
2 0.43478260869565216 0.2692307692307692 0.09486166007905138 0.06643356643356643
2 0.5276679841897233 0.20279720279720279 0.045454545454545456 0.045454545454545456
2 0.5573122529644269 0.2097902097902098 0.06126482213438735 0.045454545454545456
2 0.6264822134387352 0.1993006993006993 0.05731225296442688 0.04895104895104895
2 0.691699604743083 0.2097902097902098 0.0691699604743083 0.03146853146853147
2 0.7924901185770751 0.1993006993006993 0.04940711462450593 0.03146853146853147
2 0.7747035573122529 0.1958041958041958 0.025691699604743084 0.03146853146853147
3 0.4644268774703557 0.21328671328671328 0.043478260869565216 0.08741258741258741
1 0.4209486166007905 0.2062937062937063 0.017786561264822136 0.04195804195804196
1 0.3952569169960474 0.1993006993006993 0.015810276679841896 0.045454545454545456
