2 0.5276679841897233 0.6486013986013986 0.15217391304347827 0.17482517482517482
2 0.8122529644268774 0.49475524475524474 0.07707509881422925 0.0979020979020979
2 0.4051383399209486 0.2867132867132867 0.05731225296442688 0.038461538461538464
2 0.857707509881423 0.3339160839160839 0.045454545454545456 0.055944055944055944
2 0.9169960474308301 0.3916083916083916 0.07707509881422925 0.06643356643356643
2 0.607707509881423 0.2972027972027972 0.05928853754940711 0.045454545454545456
2 0.06324110671936758 0.3374125874125874 0.041501976284584984 0.06293706293706294
2 0.11857707509881422 0.30594405594405594 0.037549407114624504 0.04195804195804196
2 0.13932806324110672 0.2902097902097902 0.03162055335968379 0.038461538461538464
1 0.2598814229249012 0.4772727272727273 0.02766798418972332 0.08391608391608392
1 0.2025691699604743 0.3916083916083916 0.02766798418972332 0.06643356643356643
1 0.1067193675889328 0.38286713286713286 0.017786561264822136 0.06293706293706294
1 0.13043478260869565 0.36013986013986016 0.017786561264822136 0.05244755244755245
1 0.23023715415019763 0.31643356643356646 0.019762845849802372 0.04895104895104895
1 0.1976284584980237 0.34440559440559443 0.029644268774703556 0.055944055944055944
1 0.17588932806324112 0.28146853146853146 0.01383399209486166 0.04195804195804196
1 0.35276679841897235 0.4807692307692308 0.05533596837944664 0.09090909090909091
1 0.3468379446640316 0.41083916083916083 0.039525691699604744 0.06993006993006994
1 0.41106719367588934 0.4230769230769231 0.045454545454545456 0.07342657342657342
1 0.41699604743083 0.46153846153846156 0.04940711462450593 0.08041958041958042
1 0.525691699604743 0.42657342657342656 0.041501976284584984 0.06643356643356643
1 0.691699604743083 0.5034965034965035 0.021739130434782608 0.08741258741258741
1 0.7401185770750988 0.36713286713286714 0.019762845849802372 0.05944055944055944
1 0.7964426877470355 0.4178321678321678 0.03359683794466403 0.06293706293706294
1 0.8191699604743083 0.38986013986013984 0.019762845849802372 0.06293706293706294
1 0.8537549407114624 0.3916083916083916 0.021739130434782608 0.05944055944055944
1 0.9031620553359684 0.4632867132867133 0.021739130434782608 0.08391608391608392
1 0.9169960474308301 0.42132867132867136 0.021739130434782608 0.06993006993006994
1 0.9426877470355731 0.46678321678321677 0.025691699604743084 0.08391608391608392
1 0.9733201581027668 0.513986013986014 0.019762845849802372 0.08041958041958042
1 0.9812252964426877 0.5559440559440559 0.019762845849802372 0.10839160839160839
1 0.9772727272727273 0.4353146853146853 0.019762845849802372 0.06993006993006994
1 0.900197628458498 0.3374125874125874 0.019762845849802372 0.04895104895104895
2 0.9446640316205533 0.3409090909090909 0.04940711462450593 0.04895104895104895
1 0.799407114624506 0.30594405594405594 0.02766798418972332 0.04195804195804196
3 0.23122529644268774 0.25524475524475526 0.0691699604743083 0.06643356643356643
3 0.5375494071146245 0.263986013986014 0.0691699604743083 0.06293706293706294
