1 0.7371541501976284 0.6083916083916084 0.1225296442687747 0.17482517482517482
1 0.7035573122529645 0.42657342657342656 0.1007905138339921 0.15734265734265734
1 0.5928853754940712 0.513986013986014 0.10474308300395258 0.16083916083916083
1 0.5869565217391305 0.42657342657342656 0.08498023715415019 0.1258741258741259
1 0.7569169960474308 0.1888111888111888 0.03557312252964427 0.10839160839160839
1 0.8003952569169961 0.13636363636363635 0.025691699604743084 0.0979020979020979
1 0.7490118577075099 0.12237762237762238 0.023715415019762844 0.0944055944055944
1 0.3458498023715415 0.33916083916083917 0.07114624505928854 0.15384615384615385
1 0.29446640316205536 0.2902097902097902 0.05533596837944664 0.1258741258741259
1 0.15612648221343872 0.3881118881118881 0.06324110671936758 0.12937062937062938
1 0.11857707509881422 0.3321678321678322 0.04743083003952569 0.1048951048951049
1 0.3715415019762846 0.2937062937062937 0.05928853754940711 0.11888111888111888
2 0.8715415019762845 0.18181818181818182 0.0691699604743083 0.11538461538461539
2 0.8932806324110671 0.12237762237762238 0.06324110671936758 0.09090909090909091
2 0.8260869565217391 0.0979020979020979 0.06719367588932806 0.10139860139860139
2 0.932806324110672 0.08741258741258741 0.04743083003952569 0.07342657342657342
2 0.5731225296442688 0.6888111888111889 0.3221343873517787 0.3041958041958042
2 0.26877470355731226 0.8426573426573427 0.308300395256917 0.15034965034965034
3 0.007905138339920948 0.12237762237762238 0.21936758893280633 0.25874125874125875
2 0.007905138339920948 0.3006993006993007 0.0691699604743083 0.17132867132867133
