1 0.2865612648221344 0.7762237762237763 0.04743083003952569 0.16433566433566432
1 0.40711462450592883 0.8531468531468531 0.06521739130434782 0.14335664335664336
1 0.3241106719367589 0.6573426573426573 0.05138339920948617 0.15034965034965034
1 0.27865612648221344 0.5909090909090909 0.05138339920948617 0.1258741258741259
1 0.4762845849802372 0.6748251748251748 0.06521739130434782 0.16083916083916083
1 0.6264822134387352 0.8496503496503497 0.07707509881422925 0.13986013986013987
1 0.7292490118577075 0.6118881118881119 0.043478260869565216 0.12937062937062938
1 0.8300395256916996 0.7657342657342657 0.05138339920948617 0.17832167832167833
1 0.8181818181818182 0.5734265734265734 0.03557312252964427 0.12237762237762238
1 0.4841897233201581 0.4195804195804196 0.045454545454545456 0.07692307692307693
1 0.5632411067193676 0.40559440559440557 0.045454545454545456 0.06993006993006994
1 0.7687747035573123 0.4160839160839161 0.025691699604743084 0.09090909090909091
1 0.8162055335968379 0.4090909090909091 0.025691699604743084 0.09090909090909091
1 0.8893280632411067 0.458041958041958 0.029644268774703556 0.08391608391608392
1 0.11462450592885376 0.36363636363636365 0.019762845849802372 0.06993006993006994
1 0.06126482213438735 0.32867132867132864 0.019762845849802372 0.05944055944055944
1 0.021739130434782608 0.32867132867132864 0.019762845849802372 0.06293706293706294
1 0.23517786561264822 0.34265734265734266 0.017786561264822136 0.06293706293706294
1 0.10276679841897234 0.3041958041958042 0.01383399209486166 0.04895104895104895
1 0.15019762845849802 0.32167832167832167 0.019762845849802372 0.055944055944055944
1 0.1225296442687747 0.2972027972027972 0.015810276679841896 0.055944055944055944
1 0.2845849802371542 0.2867132867132867 0.021739130434782608 0.045454545454545456
1 0.24703557312252963 0.26223776223776224 0.021739130434782608 0.038461538461538464
1 0.21936758893280633 0.2727272727272727 0.017786561264822136 0.03496503496503497
1 0.7371541501976284 0.36713286713286714 0.021739130434782608 0.05944055944055944
1 0.7549407114624506 0.36363636363636365 0.019762845849802372 0.06293706293706294
1 0.782608695652174 0.36013986013986016 0.017786561264822136 0.04895104895104895
1 0.8853754940711462 0.3531468531468531 0.021739130434782608 0.055944055944055944
1 0.9130434782608695 0.3531468531468531 0.019762845849802372 0.06643356643356643
1 0.9130434782608695 0.40559440559440557 0.01383399209486166 0.08041958041958042
1 0.9308300395256917 0.3811188811188811 0.019762845849802372 0.08041958041958042
1 0.9802371541501976 0.4090909090909091 0.015810276679841896 0.07692307692307693
1 0.8003952569169961 0.3076923076923077 0.021739130434782608 0.03496503496503497
1 0.841897233201581 0.2902097902097902 0.02766798418972332 0.03496503496503497
1 0.005928853754940711 0.8251748251748252 0.07509881422924901 0.16433566433566432
2 0.16600790513833993 0.34615384615384615 0.05731225296442688 0.08041958041958042
2 0.2648221343873518 0.46153846153846156 0.11067193675889328 0.13636363636363635
2 0.6324110671936759 0.513986013986014 0.13636363636363635 0.15034965034965034
2 0.07114624505928854 0.2867132867132867 0.029644268774703556 0.04195804195804196
2 0.1976284584980237 0.3006993006993007 0.0533596837944664 0.055944055944055944
2 0.1383399209486166 0.2727272727272727 0.02766798418972332 0.03496503496503497
2 0.30632411067193677 0.2762237762237762 0.045454545454545456 0.03496503496503497
2 0.4051383399209486 0.2727272727272727 0.043478260869565216 0.03496503496503497
2 0.5533596837944664 0.2867132867132867 0.04940711462450593 0.03496503496503497
2 0.6719367588932806 0.2972027972027972 0.06126482213438735 0.04895104895104895
2 0.6106719367588933 0.2867132867132867 0.04940711462450593 0.038461538461538464
2 0.8893280632411067 0.2972027972027972 0.05533596837944664 0.038461538461538464
3 0.650197628458498 0.3951048951048951 0.1007905138339921 0.11538461538461539
2 0.8102766798418972 0.3776223776223776 0.05138339920948617 0.05944055944055944
4 0.26877470355731226 0.3776223776223776 0.10474308300395258 0.11538461538461539
