1 0.883399209486166 0.26573426573426573 0.029644268774703556 0.1048951048951049
1 0.8972332015810277 0.4370629370629371 0.03359683794466403 0.15384615384615385
1 0.5454545454545454 0.32867132867132864 0.03359683794466403 0.12937062937062938
1 0.33201581027667987 0.43356643356643354 0.06324110671936758 0.16083916083916083
1 0.2924901185770751 0.4825174825174825 0.0691699604743083 0.17832167832167833
1 0.1324110671936759 0.43356643356643354 0.0533596837944664 0.14335664335664336
1 0.13438735177865613 0.35664335664335667 0.05533596837944664 0.13286713286713286
1 0.2134387351778656 0.3356643356643357 0.05731225296442688 0.13636363636363635
1 0.2628458498023715 0.3111888111888112 0.05533596837944664 0.1258741258741259
1 0.9209486166007905 0.11188811188811189 0.017786561264822136 0.06993006993006994
1 0.9426877470355731 0.11538461538461539 0.021739130434782608 0.05244755244755245
2 0.8913043478260869 0.07342657342657342 0.039525691699604744 0.05944055944055944
2 0.11462450592885376 0.23426573426573427 0.10869565217391304 0.10139860139860139
2 0.05533596837944664 0.24825174825174826 0.09881422924901186 0.11888111888111888
