1 0.12055335968379446 0.26223776223776224 0.03359683794466403 0.08741258741258741
1 0.9446640316205533 1.152097902097902 0.09683794466403162 0.15384615384615385
1 0.8409090909090909 1.0034965034965035 0.08300395256916997 0.1258741258741259
1 0.8112648221343873 1.0262237762237763 0.09090909090909091 0.13986013986013987
1 0.2648221343873518 0.4125874125874126 0.041501976284584984 0.10139860139860139
1 0.6373517786561265 0.8094405594405595 0.06324110671936758 0.13286713286713286
1 0.30335968379446643 0.4562937062937063 0.03162055335968379 0.11538461538461539
1 0.40118577075098816 0.5576923076923077 0.04940711462450593 0.11538461538461539
1 0.015810276679841896 0.12937062937062938 0.025691699604743084 0.07342657342657342
1 0.046442687747035576 0.16258741258741258 0.02766798418972332 0.05944055944055944
1 0.18972332015810275 0.32342657342657344 0.03359683794466403 0.08391608391608392
1 0.967391304347826 1.0926573426573427 0.05138339920948617 0.0944055944055944
1 0.33794466403162055 0.479020979020979 0.025691699604743084 0.1048951048951049
1 0.4535573122529644 0.5541958041958042 0.02766798418972332 0.08391608391608392
1 0.3705533596837945 0.4982517482517482 0.019762845849802372 0.08041958041958042
1 0.21047430830039526 0.3339160839160839 0.02766798418972332 0.06643356643356643
1 0.12154150197628459 0.2395104895104895 0.023715415019762844 0.06643356643356643
1 0.09980237154150198 0.20804195804195805 0.023715415019762844 0.05944055944055944
1 0.25296442687747034 0.3706293706293706 0.03359683794466403 0.06643356643356643
1 0.21541501976284586 0.3129370629370629 0.021739130434782608 0.055944055944055944
1 0.15711462450592886 0.2395104895104895 0.02766798418972332 0.045454545454545456
1 0.21047430830039526 0.28496503496503495 0.02766798418972332 0.05944055944055944
1 0.12351778656126482 0.2097902097902098 0.02766798418972332 0.045454545454545456
1 0.3092885375494071 0.42482517482517484 0.03557312252964427 0.06643356643356643
1 0.24110671936758893 0.3321678321678322 0.021739130434782608 0.06643356643356643
1 0.2855731225296443 0.3583916083916084 0.019762845849802372 0.05944055944055944
1 0.4990118577075099 0.5786713286713286 0.023715415019762844 0.07342657342657342
1 0.3567193675889328 0.42482517482517484 0.015810276679841896 0.045454545454545456
1 0.3349802371541502 0.40384615384615385 0.019762845849802372 0.05244755244755245
1 0.30434782608695654 0.3776223776223776 0.021739130434782608 0.06293706293706294
2 0.791501976284585 0.9423076923076923 0.14624505928853754 0.10139860139860139
2 0.5484189723320159 0.6748251748251748 0.11067193675889328 0.08741258741258741
2 0.6116600790513834 0.7587412587412588 0.13043478260869565 0.11188811188811189
2 0.3705533596837945 0.493006993006993 0.09090909090909091 0.07342657342657342
2 0.4209486166007905 0.527972027972028 0.08102766798418973 0.07342657342657342
2 0.558300395256917 0.6188811188811189 0.04743083003952569 0.04895104895104895
2 0.591897233201581 0.6363636363636364 0.043478260869565216 0.045454545454545456
4 0.4298418972332016 0.5017482517482518 0.07905138339920949 0.08041958041958042
4 0.7361660079051383 0.7709790209790209 0.08300395256916997 0.08391608391608392
