1 0.5810276679841897 0.6118881118881119 0.1007905138339921 0.17132867132867133
1 0.642292490118577 0.5541958041958042 0.08498023715415019 0.16083916083916083
1 0.7964426877470355 0.6223776223776224 0.12055335968379446 0.17132867132867133
1 0.8043478260869565 0.5402097902097902 0.10869565217391304 0.13986013986013987
1 0.48221343873517786 0.5262237762237763 0.08893280632411067 0.14685314685314685
1 0.42292490118577075 0.46153846153846156 0.05731225296442688 0.13636363636363635
1 0.5059288537549407 0.47027972027972026 0.06521739130434782 0.13986013986013987
1 0.6946640316205533 0.270979020979021 0.02766798418972332 0.11188811188811189
1 0.7302371541501976 0.2692307692307692 0.02766798418972332 0.10839160839160839
1 0.3201581027667984 0.4405594405594406 0.0691699604743083 0.13636363636363635
1 0.22727272727272727 0.4230769230769231 0.06521739130434782 0.12237762237762238
1 0.3606719367588933 0.3968531468531469 0.05138339920948617 0.1258741258741259
2 0.40217391304347827 0.6538461538461539 0.25691699604743085 0.24125874125874125
2 0.9268774703557312 0.8986013986013986 0.1324110671936759 0.19230769230769232
2 0.08399209486166008 0.715034965034965 0.15810276679841898 0.2867132867132867
2 0.1007905138339921 0.42482517482517484 0.1600790513833992 0.16083916083916083
2 0.8142292490118577 0.2534965034965035 0.08102766798418973 0.1258741258741259
2 0.9298418972332015 0.21678321678321677 0.07114624505928854 0.13636363636363635
2 0.8478260869565217 0.04895104895104895 0.041501976284584984 0.05944055944055944
3 0.9041501976284585 0.12762237762237763 0.06324110671936758 0.07692307692307693
