1 0.21936758893280633 0.6451048951048951 0.06521739130434782 0.14685314685314685
1 0.13636363636363635 0.47202797202797203 0.06521739130434782 0.14685314685314685
1 0.1907114624505929 0.46678321678321677 0.05138339920948617 0.13286713286713286
1 0.0958498023715415 0.31643356643356646 0.02766798418972332 0.09090909090909091
1 0.14525691699604742 0.3339160839160839 0.023715415019762844 0.08741258741258741
1 0.019762845849802372 0.21153846153846154 0.021739130434782608 0.06993006993006994
1 0.05237154150197629 0.23426573426573427 0.019762845849802372 0.055944055944055944
1 0.09288537549407115 0.26048951048951047 0.025691699604743084 0.06643356643356643
1 0.28952569169960474 0.5 0.039525691699604744 0.10839160839160839
1 0.325098814229249 0.6101398601398601 0.05533596837944664 0.11888111888111888
1 0.26877470355731226 0.4370629370629371 0.03359683794466403 0.07342657342657342
1 0.31225296442687744 0.4772727272727273 0.03359683794466403 0.06993006993006994
1 0.3300395256916996 0.5087412587412588 0.041501976284584984 0.07692307692307693
1 0.40217391304347827 0.5716783216783217 0.03557312252964427 0.07692307692307693
1 0.43478260869565216 0.6468531468531469 0.041501976284584984 0.10839160839160839
1 0.3952569169960474 0.6311188811188811 0.037549407114624504 0.11188811188811189
1 0.4258893280632411 0.5856643356643356 0.039525691699604744 0.07342657342657342
1 0.48320158102766797 0.6503496503496503 0.043478260869565216 0.08041958041958042
1 0.5227272727272727 0.6818181818181818 0.043478260869565216 0.08041958041958042
1 0.5790513833992095 0.7325174825174825 0.041501976284584984 0.07342657342657342
1 0.41304347826086957 0.6888111888111889 0.05731225296442688 0.1258741258741259
1 0.41304347826086957 0.7290209790209791 0.041501976284584984 0.11188811188811189
1 0.49308300395256915 0.8164335664335665 0.06719367588932806 0.16433566433566432
1 0.5187747035573123 0.791958041958042 0.05928853754940711 0.12937062937062938
1 0.5642292490118577 0.8793706293706294 0.07114624505928854 0.16783216783216784
1 0.6037549407114624 0.8986013986013986 0.06324110671936758 0.15384615384615385
1 0.5830039525691699 0.833916083916084 0.045454545454545456 0.11888111888111888
1 0.6699604743083004 0.8601398601398601 0.029644268774703556 0.1048951048951049
1 0.6877470355731226 0.8426573426573427 0.045454545454545456 0.07692307692307693
1 0.7361660079051383 0.9458041958041958 0.03162055335968379 0.13286713286713286
1 0.6798418972332015 1.0506993006993006 0.07707509881422925 0.16083916083916083
1 0.7579051383399209 1.0891608391608392 0.05928853754940711 0.16783216783216784
1 0.9436758893280632 1.1818181818181819 0.039525691699604744 0.14685314685314685
1 0.9693675889328063 1.3216783216783217 0.04743083003952569 0.1048951048951049
1 0.8102766798418972 1.0122377622377623 0.037549407114624504 0.1048951048951049
1 0.9071146245059288 1.083916083916084 0.03359683794466403 0.10839160839160839
1 0.8033596837944664 0.9562937062937062 0.03557312252964427 0.08741258741258741
1 0.8932806324110671 0.9982517482517482 0.025691699604743084 0.06993006993006994
1 0.8488142292490118 0.9423076923076923 0.03557312252964427 0.06293706293706294
1 0.2885375494071146 0.4090909090909091 0.025691699604743084 0.04895104895104895
1 0.900197628458498 0.972027972027972 0.015810276679841896 0.045454545454545456
1 0.9693675889328063 1.0332167832167831 0.019762845849802372 0.04895104895104895
2 0.044466403162055336 0.3076923076923077 0.07905138339920949 0.14335664335664336
2 0.1551383399209486 0.32342657342657344 0.03557312252964427 0.05944055944055944
2 0.21541501976284586 0.38636363636363635 0.04940711462450593 0.06293706293706294
2 0.22826086956521738 0.3758741258741259 0.04743083003952569 0.05244755244755245
2 0.18181818181818182 0.3339160839160839 0.0533596837944664 0.04195804195804196
2 0.15711462450592886 0.28846153846153844 0.02766798418972332 0.045454545454545456
2 0.25790513833992096 0.38636363636363635 0.039525691699604744 0.05244755244755245
2 0.5395256916996047 0.6381118881118881 0.045454545454545456 0.038461538461538464
2 0.6739130434782609 0.7674825174825175 0.0533596837944664 0.03496503496503497
2 0.7223320158102767 0.8024475524475524 0.03162055335968379 0.027972027972027972
2 0.7341897233201581 0.8094405594405595 0.043478260869565216 0.038461538461538464
2 0.7905138339920948 0.8706293706293706 0.05731225296442688 0.03496503496503497
2 0.849802371541502 0.9178321678321678 0.04940711462450593 0.045454545454545456
2 0.9100790513833992 0.9772727272727273 0.05928853754940711 0.038461538461538464
2 0.9140316205533597 1.0332167832167831 0.07905138339920949 0.06293706293706294
2 0.9377470355731226 1.0297202797202798 0.043478260869565216 0.04195804195804196
2 0.3557312252964427 0.7797202797202797 0.26679841897233203 0.3006993006993007
3 0.11956521739130435 0.24475524475524477 0.02766798418972332 0.06643356643356643
2 0.0691699604743083 0.19230769230769232 0.021739130434782608 0.04195804195804196
