1 0.849802371541502 1.1590909090909092 0.14031620553359683 0.1993006993006993
1 0.724308300395257 1.132867132867133 0.15810276679841898 0.14685314685314685
1 0.9476284584980237 1.2167832167832169 0.09090909090909091 0.13286713286713286
1 0.817193675889328 1.0402097902097902 0.11857707509881422 0.17132867132867133
1 0.7262845849802372 0.916083916083916 0.09881422924901186 0.15384615384615385
1 0.7924901185770751 0.9440559440559441 0.06126482213438735 0.13986013986013987
1 0.575098814229249 0.7902097902097902 0.09288537549407115 0.16433566433566432
1 0.5553359683794467 0.6993006993006993 0.05731225296442688 0.13636363636363635
1 0.5108695652173914 0.6853146853146853 0.07905138339920949 0.13986013986013987
1 0.4782608695652174 0.7062937062937062 0.08893280632411067 0.16433566433566432
1 0.4772727272727273 0.7482517482517482 0.09486166007905138 0.17482517482517482
1 0.44367588932806323 0.6311188811188811 0.05928853754940711 0.11888111888111888
1 0.41007905138339923 0.5646853146853147 0.05928853754940711 0.12937062937062938
1 0.4189723320158103 0.5472027972027972 0.037549407114624504 0.05944055944055944
1 0.3557312252964427 0.48951048951048953 0.05731225296442688 0.11188811188811189
1 0.3448616600790514 0.5157342657342657 0.043478260869565216 0.12237762237762238
1 0.32707509881422925 0.5192307692307693 0.05533596837944664 0.13286713286713286
1 0.2974308300395257 0.5157342657342657 0.06324110671936758 0.14685314685314685
1 0.2391304347826087 0.43006993006993005 0.06126482213438735 0.13636363636363635
1 0.19367588932806323 0.3479020979020979 0.04940711462450593 0.10839160839160839
1 0.07905138339920949 0.38286713286713286 0.08102766798418973 0.17132867132867133
1 0.07806324110671936 0.3409090909090909 0.07114624505928854 0.15034965034965034
1 0.043478260869565216 0.2727272727272727 0.0533596837944664 0.12237762237762238
1 0.08102766798418973 0.23251748251748253 0.04940711462450593 0.11888111888111888
1 0.13339920948616601 0.2674825174825175 0.04743083003952569 0.10839160839160839
1 0.06422924901185771 0.18181818181818182 0.02766798418972332 0.06293706293706294
1 0.717391304347826 0.7465034965034965 0.025691699604743084 0.10839160839160839
1 0.7430830039525692 0.7587412587412588 0.025691699604743084 0.11188811188811189
1 0.7796442687747036 0.791958041958042 0.02766798418972332 0.11188811188811189
1 0.8191699604743083 0.8374125874125874 0.023715415019762844 0.11188811188811189
1 0.8527667984189723 0.8688811188811189 0.03162055335968379 0.11538461538461539
1 0.9100790513833992 0.9353146853146853 0.043478260869565216 0.12237762237762238
1 0.3359683794466403 0.4493006993006993 0.04940711462450593 0.10839160839160839
1 0.22826086956521738 0.34965034965034963 0.039525691699604744 0.1048951048951049
1 0.11166007905138339 0.22727272727272727 0.02766798418972332 0.08041958041958042
1 0.15316205533596838 0.26048951048951047 0.03557312252964427 0.0944055944055944
2 0.8389328063241107 0.8321678321678322 0.07114624505928854 0.11188811188811189
2 0.9318181818181818 0.9003496503496503 0.05138339920948617 0.0944055944055944
2 0.9090909090909091 0.9213286713286714 0.07707509881422925 0.12937062937062938
2 0.8804347826086957 0.8374125874125874 0.043478260869565216 0.07692307692307693
2 0.9061264822134387 0.8409090909090909 0.03557312252964427 0.06643356643356643
2 0.9515810276679841 0.8968531468531469 0.03557312252964427 0.06993006993006994
