1 0.7964426877470355 0.5157342657342657 0.09288537549407115 0.11188811188811189
1 0.8438735177865613 0.5664335664335665 0.045454545454545456 0.10839160839160839
1 0.9426877470355731 0.35664335664335667 0.045454545454545456 0.12937062937062938
1 0.6432806324110671 0.8881118881118881 0.15019762845849802 0.2062937062937063
1 0.5968379446640316 0.48426573426573427 0.08893280632411067 0.13286713286713286
1 0.4308300395256917 0.42657342657342656 0.06126482213438735 0.13636363636363635
1 0.37450592885375494 0.4353146853146853 0.06324110671936758 0.14685314685314685
1 0.7677865612648221 0.2395104895104895 0.02766798418972332 0.1048951048951049
1 0.22628458498023715 0.7045454545454546 0.08300395256916997 0.1888111888111888
1 0.11462450592885376 0.7045454545454546 0.11264822134387352 0.16083916083916083
1 0.2134387351778656 0.5699300699300699 0.08102766798418973 0.14335664335664336
1 0.14723320158102768 0.4772727272727273 0.05928853754940711 0.15384615384615385
1 0.11462450592885376 0.2937062937062937 0.041501976284584984 0.10139860139860139
1 0.06818181818181818 0.24475524475524477 0.039525691699604744 0.08041958041958042
1 0.03557312252964427 0.21153846153846154 0.029644268774703556 0.08391608391608392
1 0.23517786561264822 0.28146853146853146 0.041501976284584984 0.08391608391608392
2 0.7401185770750988 0.6713286713286714 0.31225296442687744 0.2692307692307692
2 0.4772727272727273 0.6818181818181818 0.2885375494071146 0.2972027972027972
2 0.5049407114624506 0.8951048951048951 0.35968379446640314 0.19230769230769232
2 0.2341897233201581 0.4160839160839161 0.17786561264822134 0.19230769230769232
2 0.06324110671936758 0.3304195804195804 0.10869565217391304 0.11188811188811189
2 0.05632411067193676 0.44405594405594406 0.09881422924901186 0.17132867132867133
2 0.8221343873517787 0.23776223776223776 0.08498023715415019 0.15034965034965034
2 0.9130434782608695 0.256993006993007 0.08102766798418973 0.13286713286713286
2 0.7638339920948617 0.1888111888111888 0.05928853754940711 0.0944055944055944
2 0.8586956521739131 0.18006993006993008 0.04743083003952569 0.09090909090909091
2 0.9377470355731226 0.1853146853146853 0.05533596837944664 0.07342657342657342
4 0.9456521739130435 0.1048951048951049 0.06719367588932806 0.12937062937062938
