1 0.3300395256916996 0.3951048951048951 0.05731225296442688 0.11188811188811189
-1 0.8537549407114624 0.48951048951048953 0.11264822134387352 0.16783216783216784
1 0.2015810276679842 0.3951048951048951 0.03557312252964427 0.11888111888111888
1 0.2509881422924901 0.4020979020979021 0.03162055335968379 0.10839160839160839
1 0.30632411067193677 0.46153846153846156 0.037549407114624504 0.14685314685314685
1 0.07509881422924901 0.25524475524475526 0.021739130434782608 0.08041958041958042
1 0.06521739130434782 0.23776223776223776 0.021739130434782608 0.06643356643356643
1 0.1324110671936759 0.24825174825174826 0.029644268774703556 0.08041958041958042
1 0.16205533596837945 0.23776223776223776 0.021739130434782608 0.06643356643356643
1 0.17786561264822134 0.2727272727272727 0.025691699604743084 0.07692307692307693
1 0.44664031620553357 0.36363636363636365 0.03359683794466403 0.1048951048951049
1 0.5810276679841897 0.3741258741258741 0.04743083003952569 0.11538461538461539
1 0.6146245059288538 0.3741258741258741 0.037549407114624504 0.10839160839160839
1 0.6403162055335968 0.3741258741258741 0.037549407114624504 0.10139860139860139
1 0.6719367588932806 0.35664335664335667 0.025691699604743084 0.08741258741258741
1 0.8636363636363636 0.43356643356643354 0.07114624505928854 0.11188811188811189
1 0.8102766798418972 0.527972027972028 0.08300395256916997 0.13986013986013987
1 0.8794466403162056 0.6223776223776224 0.1067193675889328 0.16083916083916083
1 0.9051383399209486 0.3531468531468531 0.04743083003952569 0.10839160839160839
1 0.9664031620553359 0.43356643356643354 0.03162055335968379 0.1048951048951049
1 0.41699604743083 0.2902097902097902 0.03557312252964427 0.08041958041958042
1 0.466403162055336 0.3146853146853147 0.03557312252964427 0.1048951048951049
1 0.2648221343873518 0.23076923076923078 0.023715415019762844 0.06293706293706294
1 0.2707509881422925 0.1888111888111888 0.023715415019762844 0.04195804195804196
1 0.21146245059288538 0.1888111888111888 0.02766798418972332 0.04895104895104895
1 0.4090909090909091 0.1853146853146853 0.021739130434782608 0.05244755244755245
1 0.3557312252964427 0.1958041958041958 0.015810276679841896 0.03496503496503497
1 0.37549407114624506 0.17832167832167833 0.021739130434782608 0.04195804195804196
1 0.5612648221343873 0.23426573426573427 0.017786561264822136 0.06643356643356643
2 0.11067193675889328 0.2062937062937063 0.08102766798418973 0.06993006993006994
2 0.2015810276679842 0.2517482517482518 0.07509881422924901 0.06293706293706294
2 0.22529644268774704 0.2937062937062937 0.10869565217391304 0.1048951048951049
2 0.2845849802371542 0.2727272727272727 0.09881422924901186 0.0979020979020979
2 0.30632411067193677 0.25524475524475526 0.07509881422924901 0.07692307692307693
2 0.5079051383399209 0.3181818181818182 0.08102766798418973 0.10839160839160839
2 0.6818181818181818 0.4195804195804196 0.15810276679841898 0.12937062937062938
2 0.5217391304347826 0.24825174825174826 0.04743083003952569 0.06643356643356643
2 0.3952569169960474 0.26223776223776224 0.07312252964426877 0.08391608391608392
2 0.45849802371541504 0.25524475524475526 0.045454545454545456 0.06993006993006994
2 0.5098814229249012 0.2062937062937063 0.07114624505928854 0.055944055944055944
2 0.5691699604743083 0.1888111888111888 0.041501976284584984 0.05244755244755245
2 0.6936758893280632 0.20279720279720279 0.041501976284584984 0.04895104895104895
2 0.8952569169960475 0.2062937062937063 0.06521739130434782 0.05244755244755245
3 0.6047430830039525 0.1888111888111888 0.08498023715415019 0.06293706293706294
4 0.7391304347826086 0.16783216783216784 0.09090909090909091 0.06643356643356643
2 0.7213438735177866 0.20279720279720279 0.07509881422924901 0.04895104895104895
