1 0.21936758893280633 0.4807692307692308 0.037549407114624504 0.1258741258741259
1 0.07509881422924901 0.29545454545454547 0.025691699604743084 0.08391608391608392
1 0.09980237154150198 0.3111888111888112 0.023715415019762844 0.08041958041958042
1 0.32707509881422925 0.4020979020979021 0.03557312252964427 0.10139860139860139
1 0.274703557312253 0.36013986013986016 0.03359683794466403 0.08741258741258741
1 0.6324110671936759 0.493006993006993 0.0691699604743083 0.12237762237762238
1 0.30533596837944665 0.4807692307692308 0.039525691699604744 0.13286713286713286
1 0.38636363636363635 0.44755244755244755 0.02766798418972332 0.11538461538461539
1 0.47035573122529645 0.42657342657342656 0.025691699604743084 0.10839160839160839
1 0.4278656126482213 0.47202797202797203 0.03162055335968379 0.12237762237762238
1 0.34189723320158105 0.5646853146853147 0.06126482213438735 0.14685314685314685
1 0.045454545454545456 0.3041958041958042 0.025691699604743084 0.08041958041958042
1 0.7075098814229249 0.4737762237762238 0.06521739130434782 0.11188811188811189
1 0.5770750988142292 0.38286713286713286 0.021739130434782608 0.0979020979020979
1 0.5424901185770751 0.3706293706293706 0.023715415019762844 0.08741258741258741
1 0.6561264822134387 0.44755244755244755 0.06126482213438735 0.10139860139860139
1 0.9308300395256917 0.4423076923076923 0.0691699604743083 0.0979020979020979
1 0.8656126482213439 0.4090909090909091 0.05731225296442688 0.08741258741258741
1 0.8853754940711462 0.4527972027972028 0.06126482213438735 0.09090909090909091
1 0.8201581027667985 0.3916083916083916 0.04940711462450593 0.08041958041958042
1 0.7648221343873518 0.4493006993006993 0.06521739130434782 0.09090909090909091
2 0.17984189723320157 0.40559440559440557 0.07312252964426877 0.15734265734265734
2 0.14624505928853754 0.3356643356643357 0.06126482213438735 0.08741258741258741
2 0.2440711462450593 0.29545454545454547 0.08300395256916997 0.09090909090909091
2 0.4090909090909091 0.31643356643356646 0.08893280632411067 0.07692307692307693
2 0.34288537549407117 0.3269230769230769 0.1067193675889328 0.1048951048951049
1 0.974308300395257 0.5209790209790209 0.037549407114624504 0.12237762237762238
1 0.17292490118577075 0.2727272727272727 0.019762845849802372 0.06643356643356643
1 0.19466403162055335 0.28146853146853146 0.023715415019762844 0.06993006993006994
1 0.48122529644268774 0.36363636363636365 0.015810276679841896 0.08041958041958042
1 0.36264822134387353 0.21678321678321677 0.015810276679841896 0.045454545454545456
1 0.024703557312252964 0.2395104895104895 0.02766798418972332 0.08391608391608392
1 0.4397233201581028 0.2692307692307692 0.015810276679841896 0.08041958041958042
1 0.5207509881422925 0.3269230769230769 0.03557312252964427 0.06993006993006994
2 0.2964426877470356 0.22202797202797203 0.06521739130434782 0.04895104895104895
2 0.31225296442687744 0.2465034965034965 0.05731225296442688 0.06293706293706294
2 0.10968379446640317 0.263986013986014 0.05928853754940711 0.07692307692307693
2 0.6818181818181818 0.3916083916083916 0.1600790513833992 0.11538461538461539
2 0.2648221343873518 0.21853146853146854 0.06521739130434782 0.04895104895104895
2 0.4515810276679842 0.21853146853146854 0.07509881422924901 0.04895104895104895
2 0.5632411067193676 0.23251748251748253 0.07707509881422925 0.055944055944055944
2 0.6432806324110671 0.23251748251748253 0.06719367588932806 0.04895104895104895
4 0.13142292490118576 0.22727272727272727 0.09881422924901186 0.10139860139860139
4 0.5128458498023716 0.28321678321678323 0.11857707509881422 0.11538461538461539
4 0.7233201581027668 0.2202797202797203 0.0533596837944664 0.05244755244755245
4 0.6037549407114624 0.17482517482517482 0.05928853754940711 0.05244755244755245
