1 0.34881422924901184 0.6433566433566433 0.06324110671936758 0.1853146853146853
1 0.13142292490118576 0.31993006993006995 0.03557312252964427 0.11188811188811189
1 0.05632411067193676 0.2062937062937063 0.019762845849802372 0.08041958041958042
1 0.22430830039525693 0.38636363636363635 0.023715415019762844 0.12237762237762238
1 0.24703557312252963 0.4195804195804196 0.029644268774703556 0.12237762237762238
1 0.03359683794466403 0.16083916083916083 0.021739130434782608 0.06293706293706294
1 0.09387351778656126 0.23076923076923078 0.02766798418972332 0.07692307692307693
1 0.1373517786561265 0.270979020979021 0.03162055335968379 0.08391608391608392
1 0.045454545454545456 0.14335664335664336 0.03359683794466403 0.055944055944055944
1 0.19268774703557312 0.34615384615384615 0.039525691699604744 0.08391608391608392
1 0.3804347826086957 0.5402097902097902 0.02766798418972332 0.11538461538461539
1 0.35375494071146246 0.5017482517482518 0.025691699604743084 0.1048951048951049
1 0.2776679841897233 0.44405594405594406 0.03162055335968379 0.10139860139860139
1 0.3073122529644269 0.4562937062937063 0.023715415019762844 0.06993006993006994
1 0.26976284584980237 0.40734265734265734 0.043478260869565216 0.08391608391608392
1 0.16699604743083005 0.27972027972027974 0.023715415019762844 0.06293706293706294
1 0.5138339920948617 0.6520979020979021 0.037549407114624504 0.0944055944055944
1 0.6383399209486166 0.7534965034965035 0.03359683794466403 0.11188811188811189
1 0.8754940711462451 1.1381118881118881 0.10474308300395258 0.16083916083916083
1 0.9387351778656127 1.1083916083916083 0.08498023715415019 0.12937062937062938
1 0.8774703557312253 1.0332167832167831 0.0691699604743083 0.11538461538461539
1 0.8191699604743083 0.951048951048951 0.05928853754940711 0.11538461538461539
1 0.42391304347826086 0.5332167832167832 0.019762845849802372 0.07342657342657342
1 0.3932806324110672 0.513986013986014 0.021739130434782608 0.07342657342657342
1 0.31620553359683795 0.4493006993006993 0.025691699604743084 0.0944055944055944
1 0.34189723320158105 0.4737762237762238 0.029644268774703556 0.08391608391608392
1 0.31225296442687744 0.3986013986013986 0.025691699604743084 0.055944055944055944
1 0.22134387351778656 0.34265734265734266 0.025691699604743084 0.06993006993006994
1 0.26976284584980237 0.3479020979020979 0.02766798418972332 0.04895104895104895
1 0.35079051383399207 0.43006993006993005 0.023715415019762844 0.05244755244755245
1 0.37648221343873517 0.4318181818181818 0.02766798418972332 0.045454545454545456
1 0.4614624505928854 0.49125874125874125 0.015810276679841896 0.04895104895104895
2 0.3102766798418972 0.513986013986014 0.07312252964426877 0.14685314685314685
1 0.09980237154150198 0.2062937062937063 0.019762845849802372 0.055944055944055944
2 0.45454545454545453 0.6206293706293706 0.07707509881422925 0.16083916083916083
2 0.5039525691699605 0.6363636363636364 0.1007905138339921 0.08391608391608392
2 0.9169960474308301 1.06993006993007 0.15217391304347827 0.14335664335664336
2 0.2707509881422925 0.39335664335664333 0.0691699604743083 0.06993006993006994
2 0.3932806324110672 0.49475524475524474 0.045454545454545456 0.08741258741258741
2 0.44367588932806323 0.527972027972028 0.039525691699604744 0.06643356643356643
3 0.16304347826086957 0.26048951048951047 0.07905138339920949 0.05944055944055944
4 0.6274703557312253 0.7307692307692307 0.13043478260869565 0.16433566433566432
3 0.5237154150197628 0.5944055944055944 0.08102766798418973 0.12237762237762238
3 0.6185770750988142 0.6695804195804196 0.116600790513834 0.08041958041958042
4 0.5266798418972332 0.5979020979020979 0.10276679841897234 0.04895104895104895
2 0.6462450592885376 0.7027972027972028 0.0691699604743083 0.055944055944055944
3 0.9496047430830039 0.972027972027972 0.10276679841897234 0.08391608391608392
1 0.9575098814229249 0.965034965034965 0.023715415019762844 0.04195804195804196
