1 0.6146245059288538 0.8059440559440559 0.09288537549407115 0.14685314685314685
1 0.42391304347826086 0.5786713286713286 0.06719367588932806 0.13636363636363635
1 0.7954545454545454 0.8513986013986014 0.043478260869565216 0.1258741258741259
1 0.7420948616600791 0.756993006993007 0.03557312252964427 0.11538461538461539
1 0.9525691699604744 0.9982517482517482 0.0533596837944664 0.12237762237762238
1 0.8280632411067194 0.8496503496503497 0.025691699604743084 0.10839160839160839
1 0.7924901185770751 0.8181818181818182 0.025691699604743084 0.0979020979020979
1 0.9397233201581028 1.1381118881118881 0.11067193675889328 0.12937062937062938
1 0.9545454545454546 1.1765734265734267 0.08102766798418973 0.2062937062937063
1 0.8191699604743083 1.0874125874125875 0.10276679841897234 0.1853146853146853
1 0.7598814229249012 1.194055944055944 0.15810276679841898 0.08391608391608392
1 0.12351778656126482 0.38986013986013984 0.07114624505928854 0.17482517482517482
1 0.15217391304347827 0.3776223776223776 0.06126482213438735 0.16083916083916083
1 0.16699604743083005 0.3181818181818182 0.05928853754940711 0.0979020979020979
1 0.14130434782608695 0.256993006993007 0.043478260869565216 0.09090909090909091
1 0.05928853754940711 0.20279720279720279 0.045454545454545456 0.0944055944055944
1 0.7806324110671937 0.7884615384615384 0.025691699604743084 0.10139860139860139
2 0.8883399209486166 0.8479020979020979 0.05533596837944664 0.08741258741258741
2 0.9179841897233202 0.9265734265734266 0.08300395256916997 0.15384615384615385
2 0.8448616600790514 0.8566433566433567 0.06719367588932806 0.11538461538461539
2 0.642292490118577 1.0227272727272727 0.3300395256916996 0.33916083916083917
2 0.1956521739130435 0.43356643356643354 0.16798418972332016 0.17132867132867133
2 0.05632411067193676 0.3811188811188811 0.09881422924901186 0.2727272727272727
2 0.9535573122529645 0.9108391608391608 0.043478260869565216 0.06993006993006994
2 0.9703557312252964 0.9020979020979021 0.041501976284584984 0.06993006993006994
4 0.3409090909090909 0.798951048951049 0.4268774703557312 0.3776223776223776
3 0.8448616600790514 0.7814685314685315 0.05928853754940711 0.0979020979020979
3 0.9130434782608695 0.8461538461538461 0.07707509881422925 0.08391608391608392
