2 0.35276679841897235 0.6625874125874126 0.233201581027668 0.17132867132867133
2 0.6393280632411067 1.0 0.25296442687747034 0.2972027972027972
2 0.8211462450592886 0.8548951048951049 0.08300395256916997 0.11538461538461539
2 0.9298418972332015 0.9440559440559441 0.07905138339920949 0.13986013986013987
2 0.8537549407114624 0.8356643356643356 0.06126482213438735 0.11188811188811189
2 0.892292490118577 0.8479020979020979 0.043478260869565216 0.08391608391608392
2 0.9426877470355731 0.9178321678321678 0.05731225296442688 0.08041958041958042
2 0.9624505928853755 0.9090909090909091 0.04940711462450593 0.08741258741258741
2 0.91600790513834 0.8461538461538461 0.039525691699604744 0.05944055944055944
2 0.14525691699604742 0.40384615384615385 0.18181818181818182 0.17832167832167833
2 0.036561264822134384 0.21503496503496503 0.05928853754940711 0.12937062937062938
3 0.366600790513834 0.8059440559440559 0.42292490118577075 0.4020979020979021
3 0.0800395256916996 0.3583916083916084 0.14624505928853754 0.33916083916083917
1 0.8112648221343873 1.006993006993007 0.11067193675889328 0.16783216783216784
1 0.6907114624505929 0.8583916083916084 0.09090909090909091 0.14685314685314685
1 0.5484189723320159 0.743006993006993 0.07905138339920949 0.11538461538461539
1 0.5889328063241107 0.8146853146853147 0.10474308300395258 0.15734265734265734
1 0.5543478260869565 0.6800699300699301 0.07114624505928854 0.12937062937062938
1 0.45948616600790515 0.5909090909090909 0.06324110671936758 0.11538461538461539
1 0.4031620553359684 0.5384615384615384 0.05731225296442688 0.13636363636363635
1 0.2994071146245059 0.47202797202797203 0.06719367588932806 0.14335664335664336
1 0.35177865612648224 0.5017482517482518 0.0533596837944664 0.13286713286713286
1 0.30335968379446643 0.43006993006993005 0.04743083003952569 0.1048951048951049
1 0.2450592885375494 0.38986013986013984 0.05731225296442688 0.10839160839160839
1 0.22430830039525693 0.3374125874125874 0.03162055335968379 0.07342657342657342
1 0.2015810276679842 0.34965034965034963 0.0533596837944664 0.12237762237762238
1 0.1373517786561265 0.2727272727272727 0.05138339920948617 0.10839160839160839
1 0.1324110671936759 0.243006993006993 0.037549407114624504 0.06643356643356643
1 0.05928853754940711 0.20454545454545456 0.045454545454545456 0.11188811188811189
1 0.08498023715415019 0.20104895104895104 0.025691699604743084 0.0944055944055944
1 0.7430830039525692 0.7727272727272727 0.029644268774703556 0.10839160839160839
1 0.7697628458498024 0.784965034965035 0.02766798418972332 0.10839160839160839
1 0.7954545454545454 0.7744755244755245 0.02766798418972332 0.07342657342657342
1 0.75 0.7587412587412588 0.019762845849802372 0.05944055944055944
1 0.0266798418972332 0.1520979020979021 0.03162055335968379 0.10139860139860139
