2 0.8003952569169961 1.1468531468531469 0.3616600790513834 0.43006993006993005
2 0.766798418972332 1.0244755244755244 0.2509881422924901 0.23076923076923078
1 0.7233201581027668 1.132867132867133 0.07312252964426877 0.06993006993006994
1 0.3774703557312253 0.6188811188811189 0.08102766798418973 0.1853146853146853
1 0.23221343873517786 0.4807692307692308 0.05928853754940711 0.17482517482517482
1 0.20948616600790515 0.41083916083916083 0.0533596837944664 0.11888111888111888
1 0.12154150197628459 0.3269230769230769 0.05138339920948617 0.13986013986013987
1 0.03162055335968379 0.22552447552447552 0.041501976284584984 0.08741258741258741
1 0.07509881422924901 0.23601398601398602 0.037549407114624504 0.09090909090909091
2 0.2381422924901186 0.42832167832167833 0.17391304347826086 0.1888111888111888
