1 0.9387351778656127 0.3513986013986014 0.029644268774703556 0.11188811188811189
1 0.825098814229249 0.16958041958041958 0.019762845849802372 0.07692307692307693
1 0.9555335968379447 0.18181818181818182 0.023715415019762844 0.06643356643356643
1 0.8527667984189723 0.0944055944055944 0.015810276679841896 0.045454545454545456
1 0.8409090909090909 0.13111888111888112 0.015810276679841896 0.04895104895104895
1 0.3349802371541502 0.27797202797202797 0.03162055335968379 0.1048951048951049
1 0.25395256916996045 0.3094405594405594 0.05138339920948617 0.11188811188811189
1 0.20553359683794467 0.43356643356643354 0.06521739130434782 0.14335664335664336
1 0.05632411067193676 0.4178321678321678 0.04743083003952569 0.13286713286713286
2 0.7618577075098815 0.2517482517482518 0.08695652173913043 0.11538461538461539
2 0.10869565217391304 0.31993006993006995 0.09288537549407115 0.0979020979020979
2 0.07608695652173914 0.22552447552447552 0.09486166007905138 0.0979020979020979
4 0.900197628458498 0.13636363636363635 0.06324110671936758 0.12937062937062938
2 0.8952569169960475 0.057692307692307696 0.03359683794466403 0.04195804195804196
