2 0.8843873517786561 1.152097902097902 0.16996047430830039 0.40559440559440557
2 0.2183794466403162 0.48776223776223776 0.19367588932806323 0.1993006993006993
2 0.7440711462450593 0.8146853146853147 0.13043478260869565 0.15734265734265734
2 0.841897233201581 0.8618881118881119 0.07312252964426877 0.11888111888111888
2 0.9130434782608695 0.9370629370629371 0.08893280632411067 0.15734265734265734
2 0.8715415019762845 0.8566433566433567 0.05731225296442688 0.08041958041958042
2 0.9476284584980237 0.9213286713286714 0.05138339920948617 0.08391608391608392
2 0.9337944664031621 1.0681818181818181 0.11857707509881422 0.24475524475524477
2 0.7391304347826086 0.8968531468531469 0.116600790513834 0.24125874125874125
2 0.08102766798418973 0.4178321678321678 0.15217391304347827 0.26573426573426573
2 0.07509881422924901 0.2902097902097902 0.13636363636363635 0.18181818181818182
3 0.49308300395256915 0.8251748251748252 0.36363636363636365 0.4370629370629371
1 0.5108695652173914 0.6346153846153846 0.05138339920948617 0.14335664335664336
1 0.2994071146245059 0.42657342657342656 0.06324110671936758 0.11188811188811189
1 0.5948616600790514 0.7202797202797203 0.045454545454545456 0.13986013986013987
1 0.6235177865612648 0.7622377622377622 0.04743083003952569 0.15384615384615385
1 0.6729249011857708 0.7814685314685315 0.03557312252964427 0.14335664335664336
1 0.6620553359683794 0.75 0.029644268774703556 0.1258741258741259
1 0.6136363636363636 0.6958041958041958 0.03557312252964427 0.11188811188811189
1 0.6393280632411067 0.6993006993006993 0.03162055335968379 0.0979020979020979
1 0.8409090909090909 0.9807692307692307 0.043478260869565216 0.17132867132867133
1 0.7954545454545454 0.7814685314685315 0.023715415019762844 0.06643356643356643
1 0.8142292490118577 0.7814685314685315 0.021739130434782608 0.06643356643356643
1 0.8359683794466403 0.7867132867132867 0.017786561264822136 0.06293706293706294
1 0.3804347826086957 0.5454545454545454 0.05533596837944664 0.10139860139860139
1 0.2727272727272727 0.5384615384615384 0.08893280632411067 0.17482517482517482
1 0.33695652173913043 0.5332167832167832 0.043478260869565216 0.16083916083916083
1 0.41007905138339923 0.5909090909090909 0.05928853754940711 0.11188811188811189
1 0.7539525691699605 0.833916083916084 0.03162055335968379 0.08391608391608392
0 0.7025691699604744 0.9038461538461539 0.043478260869565216 0.1853146853146853
