1 0.07015810276679842 0.3339160839160839 0.05138339920948617 0.16083916083916083
1 0.043478260869565216 0.24825174825174826 0.03359683794466403 0.11888111888111888
1 0.016798418972332016 0.19405594405594406 0.023715415019762844 0.0979020979020979
1 0.09782608695652174 0.24475524475524477 0.02766798418972332 0.0979020979020979
1 0.04940711462450593 0.19055944055944055 0.017786561264822136 0.08041958041958042
1 0.018774703557312252 0.16783216783216784 0.023715415019762844 0.07692307692307693
1 0.13339920948616601 0.2692307692307692 0.023715415019762844 0.08041958041958042
1 0.29051383399209485 0.4807692307692308 0.04940711462450593 0.11188811188811189
1 0.5108695652173914 0.8076923076923077 0.06324110671936758 0.21678321678321677
1 0.4258893280632411 0.5926573426573427 0.04743083003952569 0.10839160839160839
1 0.508893280632411 0.6783216783216783 0.06324110671936758 0.0979020979020979
1 0.3557312252964427 0.46153846153846156 0.021739130434782608 0.08391608391608392
1 0.3310276679841897 0.42482517482517484 0.011857707509881422 0.06643356643356643
1 0.5049407114624506 0.6206293706293706 0.02766798418972332 0.0944055944055944
1 0.5484189723320159 0.6573426573426573 0.03162055335968379 0.08041958041958042
1 0.5958498023715415 0.7062937062937062 0.039525691699604744 0.08391608391608392
1 0.6511857707509882 0.7797202797202797 0.04743083003952569 0.12237762237762238
1 0.6837944664031621 0.8094405594405595 0.041501976284584984 0.10839160839160839
1 0.7114624505928854 0.8216783216783217 0.04940711462450593 0.08391608391608392
1 0.8685770750988142 0.9947552447552448 0.05138339920948617 0.09090909090909091
1 0.9011857707509882 1.0454545454545454 0.06521739130434782 0.11538461538461539
1 0.9683794466403162 1.06993006993007 0.04940711462450593 0.08391608391608392
1 0.40217391304347827 0.4737762237762238 0.015810276679841896 0.06993006993006994
1 0.19367588932806323 0.2727272727272727 0.029644268774703556 0.055944055944055944
1 0.1551383399209486 0.23601398601398602 0.023715415019762844 0.04195804195804196
1 0.1007905138339921 0.2097902097902098 0.025691699604743084 0.055944055944055944
1 0.06225296442687747 0.18006993006993008 0.023715415019762844 0.05244755244755245
1 0.07707509881422925 0.20804195804195805 0.021739130434782608 0.08391608391608392
2 0.36264822134387353 0.6363636363636364 0.1383399209486166 0.21328671328671328
2 0.15810276679841898 0.32867132867132864 0.0691699604743083 0.13636363636363635
2 0.1541501976284585 0.2937062937062937 0.07707509881422925 0.07692307692307693
2 0.23715415019762845 0.36363636363636365 0.08102766798418973 0.08041958041958042
2 0.2924901185770751 0.42482517482517484 0.05731225296442688 0.0979020979020979
2 0.26679841897233203 0.3741258741258741 0.0691699604743083 0.06993006993006994
2 0.37351778656126483 0.46853146853146854 0.045454545454545456 0.06293706293706294
2 0.4031620553359684 0.5786713286713286 0.11264822134387352 0.1048951048951049
2 0.43280632411067194 0.583916083916084 0.09288537549407115 0.09090909090909091
2 0.4407114624505929 0.5716783216783217 0.09288537549407115 0.08391608391608392
2 0.44762845849802374 0.5611888111888111 0.08695652173913043 0.06993006993006994
2 0.5968379446640316 0.777972027972028 0.07707509881422925 0.16783216783216784
2 0.8745059288537549 1.027972027972028 0.14624505928853754 0.11538461538461539
2 0.516798418972332 0.5926573426573427 0.043478260869565216 0.05244755244755245
2 0.4792490118577075 0.5541958041958042 0.06324110671936758 0.04195804195804196
2 0.5464426877470355 0.6171328671328671 0.06719367588932806 0.055944055944055944
2 0.6818181818181818 0.7202797202797203 0.0533596837944664 0.04195804195804196
2 0.7213438735177866 0.763986013986014 0.045454545454545456 0.03146853146853147
2 0.8290513833992095 0.8513986013986014 0.04743083003952569 0.03146853146853147
4 0.4673913043478261 0.5314685314685315 0.07905138339920949 0.06293706293706294
