1 0.7727272727272727 0.5909090909090909 0.09090909090909091 0.16433566433566432
1 0.22134387351778656 0.4230769230769231 0.037549407114624504 0.12237762237762238
1 0.26877470355731226 0.4020979020979021 0.039525691699604744 0.10839160839160839
1 0.2391304347826087 0.3531468531468531 0.03162055335968379 0.10139860139860139
1 0.1857707509881423 0.28321678321678323 0.021739130434782608 0.08741258741258741
1 0.14031620553359683 0.3006993006993007 0.03162055335968379 0.0944055944055944
1 0.037549407114624504 0.2902097902097902 0.03162055335968379 0.0944055944055944
1 0.0533596837944664 0.23426573426573427 0.021739130434782608 0.055944055944055944
1 0.21541501976284586 0.27972027972027974 0.023715415019762844 0.06293706293706294
1 0.24703557312252963 0.2727272727272727 0.015810276679841896 0.05944055944055944
1 0.2727272727272727 0.25524475524475526 0.025691699604743084 0.06643356643356643
1 0.2984189723320158 0.4405594405594406 0.04743083003952569 0.11188811188811189
1 0.3241106719367589 0.3811188811188811 0.06324110671936758 0.11188811188811189
1 0.3181818181818182 0.3111888111888112 0.039525691699604744 0.07692307692307693
1 0.5513833992094862 0.3041958041958042 0.023715415019762844 0.0944055944055944
1 0.5 0.2972027972027972 0.029644268774703556 0.08741258741258741
1 0.9130434782608695 0.36713286713286714 0.04940711462450593 0.0944055944055944
1 0.567193675889328 0.3006993006993007 0.03162055335968379 0.08741258741258741
1 0.5316205533596838 0.27972027972027974 0.03162055335968379 0.07692307692307693
1 0.3695652173913043 0.20279720279720279 0.017786561264822136 0.04895104895104895
1 0.30039525691699603 0.1993006993006993 0.03162055335968379 0.055944055944055944
1 0.15019762845849802 0.24475524475524477 0.023715415019762844 0.05944055944055944
1 0.1225296442687747 0.1853146853146853 0.029644268774703556 0.045454545454545456
2 0.25691699604743085 0.506993006993007 0.15217391304347827 0.27972027972027974
2 0.6106719367588933 0.4125874125874126 0.10276679841897234 0.1993006993006993
2 0.08498023715415019 0.26223776223776224 0.05533596837944664 0.0979020979020979
2 0.22134387351778656 0.22377622377622378 0.08300395256916997 0.07692307692307693
2 0.30434782608695654 0.25874125874125875 0.06719367588932806 0.06293706293706294
2 0.5276679841897233 0.23076923076923078 0.045454545454545456 0.05944055944055944
2 0.5098814229249012 0.20279720279720279 0.03162055335968379 0.05244755244755245
2 0.5612648221343873 0.20279720279720279 0.05533596837944664 0.04195804195804196
2 0.7114624505928854 0.2062937062937063 0.04743083003952569 0.038461538461538464
2 0.7747035573122529 0.19230769230769232 0.037549407114624504 0.038461538461538464
2 0.5197628458498024 0.16783216783216784 0.05138339920948617 0.04195804195804196
3 0.733201581027668 0.17832167832167833 0.05138339920948617 0.038461538461538464
3 0.5849802371541502 0.25524475524475526 0.12055335968379446 0.13986013986013987
3 0.3675889328063241 0.3146853146853147 0.18379446640316205 0.19230769230769232
