0 0.658102766798419 0.1555944055944056 0.017786561264822136 0.06993006993006994
1 0.9179841897233202 0.13986013986013987 0.019762845849802372 0.07342657342657342
1 0.8735177865612648 0.1451048951048951 0.021739130434782608 0.06293706293706294
1 0.9654150197628458 0.09090909090909091 0.015810276679841896 0.045454545454545456
1 0.9496047430830039 0.07342657342657342 0.011857707509881422 0.045454545454545456
1 0.44960474308300397 0.6748251748251748 0.08695652173913043 0.2062937062937063
1 0.36264822134387353 0.5629370629370629 0.08300395256916997 0.17832167832167833
1 0.11561264822134387 0.42482517482517484 0.05138339920948617 0.13986013986013987
1 0.5573122529644269 0.2534965034965035 0.04940711462450593 0.1048951048951049
1 0.208498023715415 0.28846153846153844 0.03162055335968379 0.06993006993006994
1 0.04841897233201581 0.32342657342657344 0.039525691699604744 0.09090909090909091
1 0.25691699604743085 0.15034965034965034 0.04940711462450593 0.06643356643356643
2 0.35079051383399207 0.3374125874125874 0.16996047430830039 0.16083916083916083
2 0.20553359683794467 0.3881118881118881 0.16403162055335968 0.17832167832167833
2 0.11363636363636363 0.256993006993007 0.11857707509881422 0.1048951048951049
2 0.908102766798419 0.0472027972027972 0.03162055335968379 0.04195804195804196
