1 0.10474308300395258 0.486013986013986 0.045454545454545456 0.13986013986013987
1 0.16600790513833993 0.8531468531468531 0.08498023715415019 0.13636363636363635
1 0.09090909090909091 0.3706293706293706 0.023715415019762844 0.10139860139860139
1 0.10869565217391304 0.3811188811188811 0.037549407114624504 0.11538461538461539
1 0.05731225296442688 0.26573426573426573 0.023715415019762844 0.07342657342657342
1 0.08695652173913043 0.28321678321678323 0.017786561264822136 0.07692307692307693
1 0.01383399209486166 0.22377622377622378 0.023715415019762844 0.05944055944055944
1 0.05928853754940711 0.21328671328671328 0.019762845849802372 0.04895104895104895
1 0.12450592885375494 0.2692307692307692 0.021739130434782608 0.07692307692307693
1 0.17588932806324112 0.2727272727272727 0.019762845849802372 0.06993006993006994
1 0.18181818181818182 0.35664335664335667 0.03359683794466403 0.10839160839160839
1 0.21936758893280633 0.32517482517482516 0.025691699604743084 0.0944055944055944
1 0.2845849802371542 0.4195804195804196 0.029644268774703556 0.12937062937062938
1 0.42292490118577075 0.4090909090909091 0.05533596837944664 0.12237762237762238
1 0.3221343873517787 0.27972027972027974 0.021739130434782608 0.07692307692307693
1 0.2628458498023715 0.3041958041958042 0.019762845849802372 0.07342657342657342
1 0.22134387351778656 0.27972027972027974 0.029644268774703556 0.05944055944055944
1 0.1976284584980237 0.2972027972027972 0.021739130434782608 0.07692307692307693
1 0.15612648221343872 0.22377622377622378 0.023715415019762844 0.05944055944055944
1 0.09288537549407115 0.21328671328671328 0.01383399209486166 0.04895104895104895
1 0.2134387351778656 0.2097902097902098 0.03162055335968379 0.04195804195804196
1 0.25889328063241107 0.2202797202797203 0.015810276679841896 0.055944055944055944
1 0.28063241106719367 0.25874125874125875 0.025691699604743084 0.06993006993006994
1 0.30434782608695654 0.2727272727272727 0.019762845849802372 0.06993006993006994
1 0.3557312252964427 0.26223776223776224 0.023715415019762844 0.05944055944055944
1 0.49407114624505927 0.3356643356643357 0.03557312252964427 0.08741258741258741
1 0.48616600790513836 0.3041958041958042 0.019762845849802372 0.0944055944055944
1 0.5513833992094862 0.33916083916083917 0.023715415019762844 0.08041958041958042
1 0.5909090909090909 0.3321678321678322 0.017786561264822136 0.0944055944055944
1 0.6146245059288538 0.4020979020979021 0.06324110671936758 0.0979020979020979
1 0.6047430830039525 0.38461538461538464 0.06126482213438735 0.08391608391608392
1 0.6679841897233202 0.3811188811188811 0.05533596837944664 0.1048951048951049
1 0.717391304347826 0.4405594405594406 0.05928853754940711 0.11188811188811189
1 0.758893280632411 0.36363636363636365 0.04743083003952569 0.07692307692307693
1 0.8320158102766798 0.47202797202797203 0.05928853754940711 0.11188811188811189
1 0.8359683794466403 0.4195804195804196 0.06126482213438735 0.11888111888111888
1 0.9367588932806324 0.46503496503496505 0.05533596837944664 0.1258741258741259
1 0.6126482213438735 0.3041958041958042 0.019762845849802372 0.07692307692307693
1 0.7154150197628458 0.32867132867132864 0.03162055335968379 0.09090909090909091
1 0.6798418972332015 0.34265734265734266 0.03162055335968379 0.055944055944055944
1 0.45454545454545453 0.24825174825174826 0.015810276679841896 0.05944055944055944
1 0.4189723320158103 0.23076923076923078 0.021739130434782608 0.04895104895104895
1 0.5731225296442688 0.26223776223776224 0.01383399209486166 0.06293706293706294
1 0.49604743083003955 0.24475524475524477 0.011857707509881422 0.05244755244755245
2 0.2766798418972332 0.5104895104895105 0.11857707509881422 0.2097902097902098
2 0.48616600790513836 0.43006993006993005 0.08893280632411067 0.22727272727272727
2 0.36561264822134387 0.3146853146853147 0.1007905138339921 0.0944055944055944
2 0.3675889328063241 0.2727272727272727 0.08695652173913043 0.06993006993006994
2 0.10869565217391304 0.24125874125874125 0.05533596837944664 0.06643356643356643
2 0.2845849802371542 0.24125874125874125 0.07509881422924901 0.055944055944055944
2 0.308300395256917 0.2097902097902098 0.0691699604743083 0.04195804195804196
2 0.40118577075098816 0.19230769230769232 0.041501976284584984 0.04895104895104895
2 0.4505928853754941 0.2097902097902098 0.029644268774703556 0.05944055944055944
2 0.4901185770750988 0.21678321678321677 0.03557312252964427 0.045454545454545456
3 0.5197628458498024 0.23426573426573427 0.0533596837944664 0.12237762237762238
2 0.8715415019762845 0.42657342657342656 0.12055335968379446 0.11538461538461539
