1 0.9347826086956522 0.6013986013986014 0.05928853754940711 0.11188811188811189
1 0.7727272727272727 0.46153846153846156 0.10869565217391304 0.16083916083916083
1 0.7766798418972332 0.5664335664335665 0.09486166007905138 0.16433566433566432
1 0.8320158102766798 0.17832167832167833 0.029644268774703556 0.11188811188811189
1 0.741106719367589 0.19230769230769232 0.025691699604743084 0.1048951048951049
1 0.7707509881422925 0.17132867132867133 0.019762845849802372 0.08391608391608392
1 0.6996047430830039 0.20279720279720279 0.025691699604743084 0.11888111888111888
1 0.5889328063241107 0.4230769230769231 0.09090909090909091 0.15384615384615385
1 0.4743083003952569 0.44755244755244755 0.08695652173913043 0.13636363636363635
1 0.5177865612648221 0.35664335664335667 0.05138339920948617 0.13636363636363635
1 0.466403162055336 0.3916083916083916 0.06324110671936758 0.11188811188811189
1 0.2628458498023715 0.32167832167832167 0.05928853754940711 0.12237762237762238
1 0.22332015810276679 0.26223776223776224 0.045454545454545456 0.10839160839160839
1 0.13043478260869565 0.3041958041958042 0.0533596837944664 0.11538461538461539
1 0.1067193675889328 0.2727272727272727 0.029644268774703556 0.0979020979020979
1 0.13043478260869565 0.2517482517482518 0.03162055335968379 0.07692307692307693
1 0.03162055335968379 0.1853146853146853 0.037549407114624504 0.1048951048951049
1 0.8636363636363636 0.17132867132867133 0.02766798418972332 0.0944055944055944
2 0.8853754940711462 0.19230769230769232 0.07114624505928854 0.12237762237762238
2 0.808300395256917 0.11538461538461539 0.06126482213438735 0.11188811188811189
2 0.9229249011857708 0.1258741258741259 0.04940711462450593 0.09090909090909091
2 0.9367588932806324 0.08041958041958042 0.045454545454545456 0.07692307692307693
2 0.48221343873517786 0.5629370629370629 0.3241106719367589 0.3181818181818182
2 0.10869565217391304 0.7272727272727273 0.3300395256916996 0.2692307692307692
2 0.09090909090909091 0.3881118881118881 0.2134387351778656 0.22377622377622378
2 0.005928853754940711 0.44405594405594406 0.08498023715415019 0.23076923076923078
2 0.007905138339920948 0.28321678321678323 0.10276679841897234 0.15734265734265734
