1 0.09881422924901186 0.5174825174825175 0.041501976284584984 0.15034965034965034
1 0.23122529644268774 0.40034965034965037 0.037549407114624504 0.1048951048951049
1 0.4525691699604743 0.5891608391608392 0.07312252964426877 0.13286713286713286
1 0.025691699604743084 0.3129370629370629 0.025691699604743084 0.07692307692307693
1 0.07213438735177866 0.291958041958042 0.023715415019762844 0.07692307692307693
1 0.08992094861660078 0.2727272727272727 0.023715415019762844 0.08041958041958042
1 0.1324110671936759 0.3181818181818182 0.029644268774703556 0.08041958041958042
1 0.11956521739130435 0.2937062937062937 0.02766798418972332 0.06643356643356643
1 0.1383399209486166 0.2727272727272727 0.025691699604743084 0.06643356643356643
1 0.15711462450592886 0.28496503496503495 0.03162055335968379 0.06993006993006994
1 0.17885375494071146 0.2762237762237762 0.02766798418972332 0.08741258741258741
1 0.1976284584980237 0.25874125874125875 0.021739130434782608 0.06643356643356643
1 0.09683794466403162 0.20104895104895104 0.029644268774703556 0.04895104895104895
1 0.20652173913043478 0.3356643356643357 0.03162055335968379 0.07342657342657342
1 0.22233201581027667 0.3479020979020979 0.023715415019762844 0.06993006993006994
1 0.2816205533596838 0.36013986013986016 0.019762845849802372 0.08741258741258741
1 0.24802371541501977 0.34440559440559443 0.019762845849802372 0.08391608391608392
1 0.4397233201581028 0.42657342657342656 0.023715415019762844 0.11538461538461539
1 0.47035573122529645 0.41083916083916083 0.025691699604743084 0.1048951048951049
1 0.4525691699604743 0.3793706293706294 0.025691699604743084 0.09090909090909091
1 0.5573122529644269 0.3811188811188811 0.017786561264822136 0.08741258741258741
1 0.5444664031620553 0.36363636363636365 0.019762845849802372 0.08741258741258741
1 0.7618577075098815 0.6118881118881119 0.09486166007905138 0.14335664335664336
1 0.7233201581027668 0.5402097902097902 0.08893280632411067 0.11888111888111888
1 0.6926877470355731 0.506993006993007 0.07114624505928854 0.10839160839160839
1 0.8399209486166008 0.8251748251748252 0.12450592885375494 0.1853146853146853
1 0.950592885375494 0.75 0.09288537549407115 0.16083916083916083
1 0.857707509881423 0.5856643356643356 0.07312252964426877 0.11888111888111888
1 0.91600790513834 0.5472027972027972 0.06719367588932806 0.11888111888111888
1 0.7697628458498024 0.4755244755244755 0.05928853754940711 0.10839160839160839
1 0.6472332015810277 0.4090909090909091 0.043478260869565216 0.07342657342657342
1 0.6986166007905138 0.4370629370629371 0.04743083003952569 0.08741258741258741
1 0.8448616600790514 0.43356643356643354 0.05928853754940711 0.08741258741258741
1 0.8774703557312253 0.4755244755244755 0.0691699604743083 0.10839160839160839
1 0.9624505928853755 0.44755244755244755 0.05731225296442688 0.10139860139860139
1 0.3300395256916996 0.270979020979021 0.017786561264822136 0.055944055944055944
1 0.30138339920948615 0.3041958041958042 0.019762845849802372 0.0944055944055944
1 0.23517786561264822 0.28146853146853146 0.029644268774703556 0.06993006993006994
1 0.25790513833992096 0.270979020979021 0.023715415019762844 0.06993006993006994
1 0.2756916996047431 0.2534965034965035 0.019762845849802372 0.06993006993006994
1 0.35968379446640314 0.28146853146853146 0.021739130434782608 0.06293706293706294
1 0.3409090909090909 0.23076923076923078 0.019762845849802372 0.045454545454545456
1 0.3824110671936759 0.2395104895104895 0.015810276679841896 0.04895104895104895
2 0.3557312252964427 0.3618881118881119 0.1007905138339921 0.09090909090909091
2 0.4980237154150198 0.3618881118881119 0.045454545454545456 0.0979020979020979
2 0.6086956521739131 0.47027972027972026 0.15612648221343872 0.13286713286713286
2 0.7420948616600791 0.40034965034965037 0.1067193675889328 0.0979020979020979
2 0.5306324110671937 0.2744755244755245 0.039525691699604744 0.06993006993006994
4 0.6264822134387352 0.3146853146853147 0.10869565217391304 0.13636363636363635
4 0.45948616600790515 0.27797202797202797 0.13043478260869565 0.13286713286713286
4 0.6027667984189723 0.21503496503496503 0.08498023715415019 0.06993006993006994
1 0.20553359683794467 0.20279720279720279 0.029644268774703556 0.05244755244755245
1 0.17588932806324112 0.20104895104895104 0.029644268774703556 0.04895104895104895
