1 0.741106719367589 0.8583916083916084 0.12845849802371542 0.26573426573426573
1 0.45454545454545453 0.743006993006993 0.09683794466403162 0.23076923076923078
1 0.6936758893280632 0.3479020979020979 0.0691699604743083 0.11188811188811189
1 0.941699604743083 0.8863636363636364 0.1067193675889328 0.2097902097902098
1 0.39920948616600793 0.5576923076923077 0.08102766798418973 0.16783216783216784
1 0.4209486166007905 0.49475524475524474 0.07707509881422925 0.16783216783216784
1 0.24802371541501977 0.5262237762237763 0.06719367588932806 0.15384615384615385
1 0.18280632411067194 0.3968531468531469 0.06324110671936758 0.14685314685314685
1 0.9426877470355731 0.12937062937062938 0.021739130434782608 0.06643356643356643
1 0.9683794466403162 0.19755244755244755 0.025691699604743084 0.07692307692307693
2 0.3814229249011858 0.33916083916083917 0.1442687747035573 0.12937062937062938
2 0.09980237154150198 0.263986013986014 0.1225296442687747 0.1258741258741259
