1 0.22924901185770752 0.513986013986014 0.03162055335968379 0.13636363636363635
1 0.19367588932806323 0.527972027972028 0.02766798418972332 0.1258741258741259
1 0.13636363636363635 0.5664335664335665 0.039525691699604744 0.13286713286713286
1 0.07312252964426877 0.7132867132867133 0.04940711462450593 0.16783216783216784
1 0.39920948616600793 0.6713286713286714 0.06126482213438735 0.15384615384615385
1 0.3181818181818182 0.8671328671328671 0.08893280632411067 0.1258741258741259
1 0.6027667984189723 0.8461538461538461 0.07509881422924901 0.14335664335664336
1 0.6739130434782609 0.6223776223776224 0.07114624505928854 0.13986013986013987
1 0.7490118577075099 0.7272727272727273 0.09486166007905138 0.17482517482517482
1 0.8300395256916996 0.7377622377622378 0.08498023715415019 0.16083916083916083
1 0.8043478260869565 0.6573426573426573 0.07509881422924901 0.14685314685314685
1 0.8853754940711462 0.6048951048951049 0.041501976284584984 0.12237762237762238
1 0.8715415019762845 0.513986013986014 0.03359683794466403 0.10139860139860139
1 0.8537549407114624 0.4405594405594406 0.03162055335968379 0.08041958041958042
1 0.7430830039525692 0.4160839160839161 0.025691699604743084 0.08741258741258741
1 0.7094861660079052 0.43356643356643354 0.021739130434782608 0.08041958041958042
1 0.6739130434782609 0.4195804195804196 0.019762845849802372 0.08391608391608392
1 0.9011857707509882 0.8286713286713286 0.09288537549407115 0.16783216783216784
1 0.6086956521739131 0.3986013986013986 0.041501976284584984 0.07342657342657342
1 0.5296442687747036 0.4125874125874126 0.043478260869565216 0.07692307692307693
1 0.4743083003952569 0.4020979020979021 0.039525691699604744 0.06643356643356643
1 0.44664031620553357 0.4160839160839161 0.043478260869565216 0.07692307692307693
1 0.3774703557312253 0.3881118881118881 0.043478260869565216 0.08041958041958042
1 0.25691699604743085 0.4230769230769231 0.025691699604743084 0.0979020979020979
1 0.22727272727272727 0.40559440559440557 0.037549407114624504 0.08391608391608392
1 0.20355731225296442 0.3951048951048951 0.029644268774703556 0.08041958041958042
1 0.1482213438735178 0.4160839160839161 0.019762845849802372 0.08391608391608392
1 0.09881422924901186 0.45454545454545453 0.02766798418972332 0.08741258741258741
1 0.06324110671936758 0.44405594405594406 0.023715415019762844 0.09090909090909091
1 0.03359683794466403 0.3531468531468531 0.01383399209486166 0.06643356643356643
1 0.06126482213438735 0.3531468531468531 0.015810276679841896 0.06643356643356643
1 0.07707509881422925 0.34965034965034963 0.019762845849802372 0.06643356643356643
1 0.08498023715415019 0.36713286713286714 0.015810276679841896 0.05944055944055944
1 0.09090909090909091 0.3356643356643357 0.023715415019762844 0.055944055944055944
1 0.12055335968379446 0.3356643356643357 0.021739130434782608 0.06993006993006994
1 0.05928853754940711 0.3041958041958042 0.015810276679841896 0.05244755244755245
1 0.07905138339920949 0.2937062937062937 0.019762845849802372 0.04895104895104895
1 0.10869565217391304 0.2762237762237762 0.01383399209486166 0.038461538461538464
1 0.15019762845849802 0.3356643356643357 0.01383399209486166 0.03496503496503497
1 0.19367588932806323 0.3006993006993007 0.015810276679841896 0.05944055944055944
1 0.20948616600790515 0.2937062937062937 0.021739130434782608 0.06293706293706294
1 0.22924901185770752 0.27972027972027974 0.023715415019762844 0.04895104895104895
1 0.2450592885375494 0.28321678321678323 0.019762845849802372 0.05944055944055944
1 0.26877470355731226 0.2692307692307692 0.025691699604743084 0.038461538461538464
1 0.3142292490118577 0.27972027972027974 0.023715415019762844 0.045454545454545456
1 0.8517786561264822 0.3356643356643357 0.019762845849802372 0.055944055944055944
1 0.8260869565217391 0.36013986013986016 0.029644268774703556 0.0979020979020979
1 0.7806324110671937 0.36013986013986016 0.017786561264822136 0.045454545454545456
1 0.7707509881422925 0.3111888111888112 0.02766798418972332 0.045454545454545456
1 0.7470355731225297 0.32517482517482516 0.023715415019762844 0.03496503496503497
1 0.7213438735177866 0.3076923076923077 0.023715415019762844 0.05244755244755245
2 0.12648221343873517 0.3706293706293706 0.0533596837944664 0.07342657342657342
2 0.15612648221343872 0.3111888111888112 0.037549407114624504 0.055944055944055944
2 0.13636363636363635 0.2867132867132867 0.025691699604743084 0.04195804195804196
2 0.32608695652173914 0.2692307692307692 0.04743083003952569 0.03146853146853147
2 0.3695652173913043 0.2762237762237762 0.05731225296442688 0.038461538461538464
2 0.5711462450592886 0.2867132867132867 0.05138339920948617 0.03496503496503497
2 0.6561264822134387 0.3006993006993007 0.05533596837944664 0.045454545454545456
2 0.6442687747035574 0.2902097902097902 0.05731225296442688 0.038461538461538464
2 0.758893280632411 0.40559440559440557 0.06126482213438735 0.07342657342657342
2 0.8616600790513834 0.3951048951048951 0.06126482213438735 0.06643356643356643
2 0.8932806324110671 0.3741258741258741 0.06719367588932806 0.06643356643356643
2 0.9169960474308301 0.36013986013986016 0.07905138339920949 0.05944055944055944
2 0.7549407114624506 0.2517482517482518 0.045454545454545456 0.045454545454545456
2 0.21146245059288538 0.6398601398601399 0.20355731225296442 0.1993006993006993
2 0.017786561264822136 0.8531468531468531 0.28063241106719367 0.13986013986013987
2 0.5098814229249012 0.6573426573426573 0.2391304347826087 0.3111888111888112
