2 0.5632411067193676 0.40559440559440557 0.24703557312252963 0.26573426573426573
2 0.83399209486166 0.7622377622377622 0.1600790513833992 0.23076923076923078
2 0.21936758893280633 0.24825174825174826 0.15019762845849802 0.17132867132867133
2 0.08695652173913043 0.2972027972027972 0.14031620553359683 0.13986013986013987
2 0.06126482213438735 0.19230769230769232 0.13043478260869565 0.11538461538461539
1 0.5928853754940712 0.6783216783216783 0.1225296442687747 0.24125874125874125
1 0.3774703557312253 0.6468531468531469 0.09090909090909091 0.23776223776223776
1 0.33794466403162055 0.527972027972028 0.08300395256916997 0.15734265734265734
1 0.16600790513833993 0.43006993006993005 0.05928853754940711 0.16433566433566432
1 0.18379446640316205 0.3776223776223776 0.06126482213438735 0.14685314685314685
1 0.025691699604743084 0.34265734265734266 0.045454545454545456 0.09090909090909091
