1 0.14723320158102768 0.6538461538461539 0.07905138339920949 0.17132867132867133
1 0.8448616600790514 0.46503496503496505 0.07114624505928854 0.10139860139860139
1 0.9397233201581028 0.4230769230769231 0.05928853754940711 0.10839160839160839
1 0.766798418972332 0.4772727272727273 0.05731225296442688 0.11888111888111888
1 0.6966403162055336 0.40734265734265734 0.04743083003952569 0.0979020979020979
1 0.20948616600790515 0.5087412587412588 0.045454545454545456 0.13986013986013987
1 0.29545454545454547 0.5087412587412588 0.043478260869565216 0.13986013986013987
1 0.4367588932806324 0.4965034965034965 0.03359683794466403 0.12237762237762238
1 0.4881422924901186 0.5209790209790209 0.041501976284584984 0.13636363636363635
1 0.12351778656126482 0.5961538461538461 0.05138339920948617 0.15384615384615385
1 0.14624505928853754 0.2867132867132867 0.03359683794466403 0.08041958041958042
1 0.8537549407114624 0.4020979020979021 0.05731225296442688 0.0944055944055944
1 0.525691699604743 0.36363636363636365 0.025691699604743084 0.0944055944055944
1 0.24604743083003952 0.3706293706293706 0.043478260869565216 0.0944055944055944
1 0.34288537549407117 0.3531468531468531 0.039525691699604744 0.10839160839160839
1 0.6106719367588933 0.3146853146853147 0.03359683794466403 0.08041958041958042
1 0.2994071146245059 0.36363636363636365 0.039525691699604744 0.10839160839160839
1 0.09090909090909091 0.263986013986014 0.021739130434782608 0.06993006993006994
1 0.5227272727272727 0.27797202797202797 0.02766798418972332 0.06993006993006994
1 0.4614624505928854 0.2744755244755245 0.02766798418972332 0.06293706293706294
1 0.05533596837944664 0.25874125874125875 0.029644268774703556 0.08741258741258741
1 0.019762845849802372 0.28496503496503495 0.021739130434782608 0.06993006993006994
1 0.34189723320158105 0.2692307692307692 0.025691699604743084 0.07342657342657342
1 0.37648221343873517 0.3548951048951049 0.03162055335968379 0.09090909090909091
1 0.4990118577075099 0.23776223776223776 0.023715415019762844 0.05244755244755245
1 0.43478260869565216 0.23601398601398602 0.025691699604743084 0.055944055944055944
1 0.21640316205533597 0.2902097902097902 0.03162055335968379 0.06643356643356643
2 0.4357707509881423 0.3916083916083916 0.06719367588932806 0.11538461538461539
2 0.42193675889328064 0.3094405594405594 0.08300395256916997 0.07692307692307693
2 0.24802371541501977 0.263986013986014 0.08300395256916997 0.07692307692307693
2 0.39031620553359686 0.263986013986014 0.05138339920948617 0.06293706293706294
3 0.5691699604743083 0.23076923076923078 0.07707509881422925 0.10139860139860139
2 0.6403162055335968 0.2202797202797203 0.06126482213438735 0.05944055944055944
1 0.16304347826086957 0.21853146853146854 0.023715415019762844 0.06293706293706294
1 0.575098814229249 0.30594405594405594 0.021739130434782608 0.06293706293706294
1 0.5573122529644269 0.32167832167832167 0.021739130434782608 0.06643356643356643
1 0.7786561264822134 0.4318181818181818 0.06126482213438735 0.0979020979020979
