1 0.12450592885375494 0.8181818181818182 0.07509881422924901 0.17132867132867133
1 0.3458498023715415 0.6748251748251748 0.06324110671936758 0.26223776223776224
1 0.06719367588932806 0.2762237762237762 0.025691699604743084 0.08041958041958042
1 0.015810276679841896 0.2517482517482518 0.017786561264822136 0.06293706293706294
1 0.021739130434782608 0.22377622377622378 0.023715415019762844 0.06293706293706294
1 0.0533596837944664 0.2202797202797203 0.023715415019762844 0.06643356643356643
1 0.18379446640316205 0.3041958041958042 0.037549407114624504 0.09090909090909091
1 0.22332015810276679 0.32167832167832167 0.041501976284584984 0.09090909090909091
1 0.2648221343873518 0.3776223776223776 0.043478260869565216 0.1048951048951049
1 0.2924901185770751 0.35664335664335667 0.037549407114624504 0.10139860139860139
1 0.2608695652173913 0.3111888111888112 0.037549407114624504 0.07342657342657342
1 0.19960474308300397 0.24125874125874125 0.02766798418972332 0.08391608391608392
1 0.22727272727272727 0.25524475524475526 0.021739130434782608 0.06643356643356643
1 0.30434782608695654 0.3146853146853147 0.039525691699604744 0.09090909090909091
1 0.3339920948616601 0.3356643356643357 0.029644268774703556 0.0979020979020979
1 0.34189723320158105 0.5034965034965035 0.037549407114624504 0.13986013986013987
1 0.30237154150197626 0.46853146853146854 0.029644268774703556 0.13286713286713286
1 0.3675889328063241 0.43006993006993005 0.02766798418972332 0.13286713286713286
1 0.424901185770751 0.4125874125874126 0.025691699604743084 0.12937062937062938
1 0.37549407114624506 0.36363636363636365 0.045454545454545456 0.10139860139860139
1 0.4624505928853755 0.3811188811188811 0.025691699604743084 0.10839160839160839
1 0.47035573122529645 0.3321678321678322 0.02766798418972332 0.08741258741258741
1 0.5731225296442688 0.3706293706293706 0.043478260869565216 0.10139860139860139
1 0.6462450592885376 0.4125874125874126 0.06521739130434782 0.11888111888111888
1 0.8399209486166008 0.43006993006993005 0.0691699604743083 0.11888111888111888
1 0.5158102766798419 0.3111888111888112 0.03359683794466403 0.08041958041958042
1 0.4407114624505929 0.2762237762237762 0.023715415019762844 0.07692307692307693
1 0.5474308300395256 0.3076923076923077 0.023715415019762844 0.07342657342657342
1 0.575098814229249 0.2727272727272727 0.019762845849802372 0.06643356643356643
1 0.5592885375494071 0.24825174825174826 0.017786561264822136 0.07342657342657342
2 0.07905138339920949 0.45104895104895104 0.15019762845849802 0.25524475524475526
2 0.5039525691699605 0.25524475524475526 0.05731225296442688 0.08391608391608392
2 0.12450592885375494 0.25874125874125875 0.0691699604743083 0.08741258741258741
2 0.08102766798418973 0.23426573426573427 0.05731225296442688 0.05944055944055944
2 0.24110671936758893 0.2062937062937063 0.07509881422924901 0.045454545454545456
2 0.5770750988142292 0.32867132867132864 0.116600790513834 0.12237762237762238
2 0.6818181818181818 0.32517482517482516 0.1541501976284585 0.13286713286713286
2 0.8675889328063241 0.4020979020979021 0.13043478260869565 0.13986013986013987
2 0.7984189723320159 0.1958041958041958 0.043478260869565216 0.03496503496503497
2 0.43478260869565216 0.1993006993006993 0.03162055335968379 0.045454545454545456
2 0.5355731225296443 0.22377622377622378 0.05138339920948617 0.045454545454545456
2 0.5395256916996047 0.20279720279720279 0.06324110671936758 0.04195804195804196
2 0.20355731225296442 0.17832167832167833 0.07905138339920949 0.05244755244755245
4 0.31225296442687744 0.2202797202797203 0.13438735177865613 0.16083916083916083
