2 0.5227272727272727 0.8269230769230769 0.11857707509881422 0.3041958041958042
2 0.13438735177865613 0.2727272727272727 0.0691699604743083 0.06643356643356643
2 0.11363636363636363 0.229020979020979 0.04743083003952569 0.04195804195804196
2 0.5148221343873518 0.6835664335664335 0.11857707509881422 0.0944055944055944
2 0.5681818181818182 0.7185314685314685 0.11462450592885376 0.0944055944055944
2 0.3092885375494071 0.4090909090909091 0.039525691699604744 0.05944055944055944
2 0.17391304347826086 0.291958041958042 0.06521739130434782 0.07342657342657342
2 0.3349802371541502 0.4125874125874126 0.05928853754940711 0.045454545454545456
2 0.40217391304347827 0.4755244755244755 0.04743083003952569 0.038461538461538464
2 0.43774703557312256 0.5087412587412588 0.05138339920948617 0.04895104895104895
2 0.5227272727272727 0.5891608391608392 0.05138339920948617 0.045454545454545456
2 0.6986166007905138 0.7377622377622378 0.05138339920948617 0.05244755244755245
2 0.782608695652174 0.8094405594405595 0.045454545454545456 0.04195804195804196
2 0.9337944664031621 0.965034965034965 0.05928853754940711 0.038461538461538464
2 0.9604743083003953 0.9807692307692307 0.04940711462450593 0.03496503496503497
1 0.07114624505928854 0.3269230769230769 0.03359683794466403 0.0944055944055944
1 0.09189723320158102 0.3006993006993007 0.039525691699604744 0.1258741258741259
1 0.05632411067193676 0.25874125874125875 0.03557312252964427 0.1048951048951049
1 0.043478260869565216 0.22202797202797203 0.021739130434782608 0.10839160839160839
1 0.06422924901185771 0.243006993006993 0.023715415019762844 0.10139860139860139
1 0.14624505928853754 0.3181818181818182 0.03359683794466403 0.10839160839160839
1 0.1422924901185771 0.291958041958042 0.021739130434782608 0.07342657342657342
1 0.23221343873517786 0.38986013986013984 0.03557312252964427 0.09090909090909091
1 0.5009881422924901 0.708041958041958 0.07114624505928854 0.13286713286713286
1 0.6996047430830039 0.965034965034965 0.041501976284584984 0.20279720279720279
1 0.7183794466403162 0.9230769230769231 0.03557312252964427 0.15734265734265734
1 0.6472332015810277 0.7797202797202797 0.03162055335968379 0.11888111888111888
1 0.7440711462450593 0.8968531468531469 0.06719367588932806 0.11188811188811189
1 0.6798418972332015 0.7867132867132867 0.04940711462450593 0.08741258741258741
1 0.7658102766798419 0.8741258741258742 0.04743083003952569 0.09090909090909091
1 0.8389328063241107 0.9685314685314685 0.05928853754940711 0.1048951048951049
1 0.9120553359683794 1.0244755244755244 0.06324110671936758 0.08741258741258741
1 0.9298418972332015 1.062937062937063 0.06324110671936758 0.0944055944055944
1 0.4318181818181818 0.6206293706293706 0.06719367588932806 0.0944055944055944
1 0.4041501976284585 0.5856643356643356 0.05928853754940711 0.08741258741258741
1 0.5444664031620553 0.6958041958041958 0.05928853754940711 0.0979020979020979
1 0.4792490118577075 0.6241258741258742 0.039525691699604744 0.0944055944055944
1 0.41304347826086957 0.5541958041958042 0.037549407114624504 0.08041958041958042
1 0.3774703557312253 0.513986013986014 0.041501976284584984 0.09090909090909091
1 0.43379446640316205 0.5594405594405595 0.03162055335968379 0.08391608391608392
1 0.42193675889328064 0.5052447552447552 0.019762845849802372 0.06643356643356643
1 0.40019762845849804 0.48951048951048953 0.023715415019762844 0.06293706293706294
1 0.3824110671936759 0.46678321678321677 0.015810276679841896 0.06293706293706294
4 0.5691699604743083 0.6748251748251748 0.14031620553359683 0.15384615384615385
3 0.18972332015810275 0.5384615384615384 0.36561264822134387 0.5734265734265734
