2 0.15217391304347827 0.23426573426573427 0.11857707509881422 0.11188811188811189
1 0.5395256916996047 0.28321678321678323 0.06521739130434782 0.11188811188811189
1 0.4841897233201581 0.19230769230769232 0.043478260869565216 0.07692307692307693
1 0.5533596837944664 0.7762237762237763 0.12450592885375494 0.21678321678321677
1 0.17391304347826086 0.43006993006993005 0.0691699604743083 0.15734265734265734
1 0.16600790513833993 0.3531468531468531 0.06324110671936758 0.13286713286713286
1 0.2075098814229249 0.3321678321678322 0.05533596837944664 0.12237762237762238
1 0.025691699604743084 0.3356643356643357 0.04743083003952569 0.11538461538461539
2 0.8438735177865613 0.6048951048951049 0.15019762845849802 0.24125874125874125
1 0.1067193675889328 0.1993006993006993 0.043478260869565216 0.08741258741258741
1 0.04940711462450593 0.2097902097902098 0.043478260869565216 0.0979020979020979
1 0.233201581027668 0.12937062937062938 0.03162055335968379 0.06293706293706294
