1 0.06126482213438735 0.6888111888111889 0.08498023715415019 0.21678321678321677
1 0.009881422924901186 0.36713286713286714 0.023715415019762844 0.10139860139860139
1 0.03557312252964427 0.3076923076923077 0.025691699604743084 0.09090909090909091
1 0.09090909090909091 0.35664335664335667 0.03162055335968379 0.11188811188811189
1 0.09486166007905138 0.3076923076923077 0.025691699604743084 0.08391608391608392
1 0.08498023715415019 0.2727272727272727 0.023715415019762844 0.06293706293706294
1 0.011857707509881422 0.2692307692307692 0.019762845849802372 0.05944055944055944
1 0.037549407114624504 0.25524475524475526 0.015810276679841896 0.06993006993006994
1 0.16798418972332016 0.44755244755244755 0.03359683794466403 0.13636363636363635
1 0.2450592885375494 0.4755244755244755 0.05928853754940711 0.13636363636363635
1 0.191699604743083 0.3741258741258741 0.029644268774703556 0.10839160839160839
1 0.16996047430830039 0.3321678321678322 0.021739130434782608 0.08741258741258741
1 0.22924901185770752 0.4090909090909091 0.05138339920948617 0.12237762237762238
1 0.2845849802371542 0.42657342657342656 0.03162055335968379 0.13286713286713286
1 0.15612648221343872 0.2902097902097902 0.019762845849802372 0.06993006993006994
1 0.06324110671936758 0.23426573426573427 0.021739130434782608 0.06993006993006994
1 0.3616600790513834 0.4160839160839161 0.02766798418972332 0.10839160839160839
1 0.36561264822134387 0.48951048951048953 0.07114624505928854 0.13986013986013987
1 0.4090909090909091 0.45104895104895104 0.06719367588932806 0.11538461538461539
1 0.3932806324110672 0.36363636363636365 0.045454545454545456 0.0944055944055944
1 0.35968379446640314 0.3356643356643357 0.021739130434782608 0.08741258741258741
1 0.3893280632411067 0.2972027972027972 0.017786561264822136 0.06293706293706294
1 0.4367588932806324 0.32167832167832167 0.019762845849802372 0.08741258741258741
1 0.45849802371541504 0.34265734265734266 0.03162055335968379 0.10139860139860139
1 0.49407114624505927 0.3881118881118881 0.043478260869565216 0.1048951048951049
1 0.6027667984189723 0.6153846153846154 0.09881422924901186 0.16783216783216784
1 0.5395256916996047 0.4230769230769231 0.06126482213438735 0.11538461538461539
1 0.5019762845849802 0.3111888111888112 0.019762845849802372 0.08391608391608392
1 0.4644268774703557 0.3146853146853147 0.019762845849802372 0.06643356643356643
1 0.5592885375494071 0.3741258741258741 0.05138339920948617 0.0944055944055944
1 0.6304347826086957 0.4125874125874126 0.06324110671936758 0.11538461538461539
1 0.691699604743083 0.36363636363636365 0.04940711462450593 0.09090909090909091
1 0.6739130434782609 0.3111888111888112 0.025691699604743084 0.06993006993006994
1 0.7608695652173914 0.513986013986014 0.08695652173913043 0.1258741258741259
1 0.6798418972332015 0.45104895104895104 0.07312252964426877 0.10839160839160839
1 0.8616600790513834 0.5979020979020979 0.10474308300395258 0.13986013986013987
1 0.8952569169960475 0.6433566433566433 0.1007905138339921 0.18181818181818182
1 0.7430830039525692 0.43006993006993005 0.07114624505928854 0.11888111888111888
1 0.8181818181818182 0.43006993006993005 0.06521739130434782 0.10139860139860139
1 0.8893280632411067 0.44405594405594406 0.0691699604743083 0.11188811188811189
1 0.9367588932806324 0.4090909090909091 0.05731225296442688 0.1048951048951049
1 0.9347826086956522 0.43006993006993005 0.04743083003952569 0.1048951048951049
1 0.8003952569169961 0.3811188811188811 0.043478260869565216 0.08741258741258741
2 0.005928853754940711 0.19230769230769232 0.0533596837944664 0.05244755244755245
2 0.13043478260869565 0.2202797202797203 0.05533596837944664 0.06293706293706294
2 0.33992094861660077 0.24125874125874125 0.045454545454545456 0.055944055944055944
2 0.41106719367588934 0.28321678321678323 0.08893280632411067 0.07692307692307693
2 0.49407114624505927 0.2902097902097902 0.08498023715415019 0.06993006993006994
2 0.5335968379446641 0.34265734265734266 0.13438735177865613 0.1048951048951049
2 0.5948616600790514 0.2867132867132867 0.08300395256916997 0.11188811188811189
2 0.5276679841897233 0.22377622377622378 0.04743083003952569 0.06293706293706294
2 0.4051383399209486 0.23076923076923078 0.041501976284584984 0.05244755244755245
2 0.466403162055336 0.2097902097902098 0.043478260869565216 0.04895104895104895
2 0.5691699604743083 0.2097902097902098 0.043478260869565216 0.055944055944055944
2 0.6106719367588933 0.20279720279720279 0.045454545454545456 0.04895104895104895
2 0.6798418972332015 0.1993006993006993 0.05533596837944664 0.04195804195804196
2 0.9169960474308301 0.22377622377622378 0.06521739130434782 0.03496503496503497
3 0.22332015810276679 0.28321678321678323 0.14624505928853754 0.18181818181818182
3 0.7964426877470355 0.19230769230769232 0.05533596837944664 0.04195804195804196
2 0.17984189723320157 0.23076923076923078 0.09288537549407115 0.05944055944055944
2 0.4150197628458498 0.1888111888111888 0.03557312252964427 0.045454545454545456
