1 0.22134387351778656 0.7902097902097902 0.07312252964426877 0.1888111888111888
1 0.2490118577075099 0.7062937062937062 0.05533596837944664 0.16433566433566432
1 0.3181818181818182 0.7062937062937062 0.06126482213438735 0.16433566433566432
1 0.29051383399209485 0.6363636363636364 0.04940711462450593 0.12237762237762238
1 0.2865612648221344 0.5629370629370629 0.04743083003952569 0.14685314685314685
1 0.3616600790513834 0.5664335664335665 0.03162055335968379 0.12937062937062938
1 0.3715415019762846 0.6818181818181818 0.0533596837944664 0.15034965034965034
1 0.38537549407114624 0.6293706293706294 0.04743083003952569 0.14335664335664336
1 0.4189723320158103 0.5454545454545454 0.03359683794466403 0.11188811188811189
1 0.4288537549407115 0.6083916083916084 0.04743083003952569 0.13986013986013987
1 0.5296442687747036 0.7727272727272727 0.07905138339920949 0.1993006993006993
1 0.6956521739130435 0.7202797202797203 0.04940711462450593 0.17482517482517482
1 0.1422924901185771 0.4090909090909091 0.029644268774703556 0.08391608391608392
1 0.5019762845849802 0.4160839160839161 0.05138339920948617 0.08391608391608392
1 0.05731225296442688 0.3706293706293706 0.019762845849802372 0.06993006993006994
1 0.01383399209486166 0.33916083916083917 0.01383399209486166 0.07342657342657342
1 0.2015810276679842 0.38461538461538464 0.02766798418972332 0.06643356643356643
1 0.18774703557312253 0.3706293706293706 0.021739130434782608 0.06643356643356643
1 0.11067193675889328 0.33916083916083917 0.017786561264822136 0.06293706293706294
1 0.14031620553359683 0.3706293706293706 0.017786561264822136 0.04895104895104895
1 0.2509881422924901 0.3531468531468531 0.023715415019762844 0.06643356643356643
1 0.2727272727272727 0.3741258741258741 0.02766798418972332 0.04895104895104895
1 0.22332015810276679 0.36363636363636365 0.025691699604743084 0.06293706293706294
1 0.17193675889328064 0.32167832167832167 0.015810276679841896 0.055944055944055944
1 0.1541501976284585 0.3041958041958042 0.01383399209486166 0.05944055944055944
1 0.12648221343873517 0.32867132867132864 0.015810276679841896 0.06293706293706294
1 0.5770750988142292 0.4195804195804196 0.039525691699604744 0.07342657342657342
1 0.6146245059288538 0.42657342657342656 0.039525691699604744 0.07692307692307693
1 0.8063241106719368 0.43006993006993005 0.021739130434782608 0.07692307692307693
1 0.782608695652174 0.3916083916083916 0.021739130434782608 0.06643356643356643
1 0.7964426877470355 0.4160839160839161 0.017786561264822136 0.07342657342657342
1 0.8873517786561265 0.44755244755244755 0.01383399209486166 0.09090909090909091
1 0.9169960474308301 0.46153846153846156 0.02766798418972332 0.0979020979020979
1 0.7984189723320159 0.3706293706293706 0.019762845849802372 0.07342657342657342
1 0.8695652173913043 0.36013986013986016 0.023715415019762844 0.07692307692307693
1 0.7608695652173914 0.3146853146853147 0.019762845849802372 0.05944055944055944
1 0.7252964426877471 0.3041958041958042 0.025691699604743084 0.045454545454545456
1 0.9486166007905138 0.36013986013986016 0.023715415019762844 0.06643356643356643
1 0.9644268774703557 0.4125874125874126 0.025691699604743084 0.07342657342657342
1 0.9762845849802372 0.34965034965034963 0.019762845849802372 0.06643356643356643
1 0.8735177865612648 0.3146853146853147 0.015810276679841896 0.045454545454545456
2 0.2490118577075099 0.4160839160839161 0.10869565217391304 0.08741258741258741
2 0.30632411067193677 0.3811188811188811 0.09881422924901186 0.08741258741258741
2 0.30632411067193677 0.27972027972027974 0.06126482213438735 0.045454545454545456
2 0.1857707509881423 0.3076923076923077 0.04940711462450593 0.04895104895104895
2 0.2707509881422925 0.24475524475524477 0.037549407114624504 0.038461538461538464
2 0.30039525691699603 0.2517482517482518 0.041501976284584984 0.038461538461538464
2 0.5513833992094862 0.3986013986013986 0.10276679841897234 0.06993006993006994
2 0.6778656126482213 0.43356643356643354 0.09881422924901186 0.0979020979020979
2 0.6086956521739131 0.5174825174825175 0.09090909090909091 0.08041958041958042
2 0.8221343873517787 0.3951048951048951 0.05731225296442688 0.06643356643356643
2 0.849802371541502 0.4230769230769231 0.06126482213438735 0.08391608391608392
2 0.9051383399209486 0.3356643356643357 0.04940711462450593 0.055944055944055944
2 0.7885375494071146 0.2867132867132867 0.05138339920948617 0.038461538461538464
2 0.66600790513834 0.2727272727272727 0.05731225296442688 0.04195804195804196
2 0.5513833992094862 0.2867132867132867 0.0533596837944664 0.038461538461538464
2 0.8814229249011858 0.2902097902097902 0.05928853754940711 0.04195804195804196
3 0.08102766798418973 0.2517482517482518 0.045454545454545456 0.10839160839160839
3 0.49209486166007904 0.5524475524475524 0.20355731225296442 0.26573426573426573
