2 0.6146245059288538 0.24825174825174826 0.1442687747035573 0.12237762237762238
2 0.4901185770750988 0.47202797202797203 0.2391304347826087 0.24125874125874125
2 0.1324110671936759 0.21328671328671328 0.14031620553359683 0.13986013986013987
2 0.045454545454545456 0.28321678321678323 0.06719367588932806 0.07342657342657342
1 0.45849802371541504 0.27972027972027974 0.06719367588932806 0.11188811188811189
1 0.383399209486166 0.506993006993007 0.07114624505928854 0.1888111888111888
1 0.24110671936758893 0.4230769230769231 0.05928853754940711 0.16083916083916083
1 0.1225296442687747 0.3951048951048951 0.07905138339920949 0.17132867132867133
1 0.10276679841897234 0.3146853146853147 0.05533596837944664 0.0944055944055944
1 0.03359683794466403 0.36013986013986016 0.043478260869565216 0.11188811188811189
