2 0.5958498023715415 0.7867132867132867 0.32806324110671936 0.34615384615384615
2 0.8567193675889329 0.6800699300699301 0.2727272727272727 0.2937062937062937
2 0.9100790513833992 0.2534965034965035 0.08695652173913043 0.14685314685314685
2 0.9199604743083004 0.17482517482517482 0.06719367588932806 0.08741258741258741
2 0.21640316205533597 0.3968531468531469 0.1422924901185771 0.16083916083916083
2 0.13537549407114624 0.5 0.1857707509881423 0.1993006993006993
2 0.9011857707509882 0.08741258741258741 0.0533596837944664 0.08041958041958042
2 0.8616600790513834 0.06293706293706294 0.041501976284584984 0.06643356643356643
3 0.0691699604743083 0.6590909090909091 0.12450592885375494 0.2867132867132867
1 0.6699604743083004 0.47027972027972026 0.08893280632411067 0.14685314685314685
1 0.9120553359683794 0.5192307692307693 0.06719367588932806 0.08391608391608392
1 0.4782608695652174 0.42832167832167833 0.07312252964426877 0.13286713286713286
1 0.4367588932806324 0.3776223776223776 0.06126482213438735 0.10839160839160839
1 0.391304347826087 0.4125874125874126 0.045454545454545456 0.12937062937062938
1 0.36561264822134387 0.4562937062937063 0.07312252964426877 0.13986013986013987
1 0.2855731225296443 0.5 0.07114624505928854 0.15034965034965034
1 0.30138339920948615 0.3146853146853147 0.04743083003952569 0.11538461538461539
1 0.2766798418972332 0.3548951048951049 0.045454545454545456 0.1258741258741259
1 0.20454545454545456 0.28146853146853146 0.043478260869565216 0.08391608391608392
1 0.15810276679841898 0.30594405594405594 0.037549407114624504 0.0979020979020979
1 0.12845849802371542 0.270979020979021 0.041501976284584984 0.08391608391608392
1 0.10968379446640317 0.24475524475524477 0.02766798418972332 0.06643356643356643
1 0.09486166007905138 0.3041958041958042 0.041501976284584984 0.10139860139860139
1 0.7341897233201581 0.23426573426573427 0.03162055335968379 0.0944055944055944
1 0.7717391304347826 0.24125874125874125 0.023715415019762844 0.0944055944055944
1 0.7984189723320159 0.21853146853146854 0.017786561264822136 0.09090909090909091
1 0.8468379446640316 0.256993006993007 0.02766798418972332 0.1048951048951049
1 0.8952569169960475 0.31993006993006995 0.04940711462450593 0.1048951048951049
1 0.7025691699604744 0.6398601398601399 0.05928853754940711 0.0944055944055944
1 0.05434782608695652 0.3041958041958042 0.043478260869565216 0.11538461538461539
