2 0.2717391304347826 0.6241258741258742 0.17391304347826086 0.16083916083916083
2 0.4318181818181818 0.6258741258741258 0.11462450592885376 0.08741258741258741
2 0.7193675889328063 1.0961538461538463 0.22332015810276679 0.23076923076923078
2 0.8903162055335968 1.2412587412587412 0.20948616600790515 0.25874125874125875
2 0.13142292490118576 0.33916083916083917 0.05928853754940711 0.07692307692307693
2 0.1383399209486166 0.3129370629370629 0.045454545454545456 0.055944055944055944
2 0.09288537549407115 0.2395104895104895 0.03359683794466403 0.04895104895104895
2 0.1422924901185771 0.263986013986014 0.025691699604743084 0.024475524475524476
2 0.2648221343873518 0.4020979020979021 0.04940711462450593 0.045454545454545456
2 0.33893280632411066 0.46503496503496505 0.05138339920948617 0.03496503496503497
2 0.7183794466403162 0.8146853146853147 0.05928853754940711 0.05244755244755245
2 0.6521739130434783 0.7534965034965035 0.06126482213438735 0.038461538461538464
2 0.5849802371541502 0.6800699300699301 0.04940711462450593 0.04195804195804196
2 0.9525691699604744 1.0594405594405594 0.08102766798418973 0.06993006993006994
2 0.9604743083003953 1.0227272727272727 0.037549407114624504 0.04195804195804196
2 0.7776679841897233 0.8304195804195804 0.039525691699604744 0.04195804195804196
1 0.08102766798418973 0.2972027972027972 0.025691699604743084 0.07692307692307693
1 0.06521739130434782 0.2674825174825175 0.021739130434782608 0.07692307692307693
1 0.05138339920948617 0.23076923076923078 0.017786561264822136 0.06643356643356643
1 0.012845849802371542 0.21678321678321677 0.019762845849802372 0.07342657342657342
1 0.010869565217391304 0.25524475524475526 0.019762845849802372 0.07692307692307693
1 0.4426877470355731 0.6695804195804196 0.0533596837944664 0.10839160839160839
1 0.3339920948616601 0.7377622377622378 0.08498023715415019 0.17482517482517482
1 0.4041501976284585 0.8374125874125874 0.05928853754940711 0.08391608391608392
1 0.6541501976284585 0.8513986013986014 0.04940711462450593 0.10139860139860139
1 0.7618577075098815 0.8916083916083916 0.019762845849802372 0.08041958041958042
1 0.7144268774703557 0.8251748251748252 0.023715415019762844 0.06293706293706294
1 0.7519762845849802 0.8636363636363636 0.023715415019762844 0.05244755244755245
1 0.7638339920948617 0.8671328671328671 0.023715415019762844 0.055944055944055944
1 0.7954545454545454 0.9213286713286714 0.019762845849802372 0.07342657342657342
1 0.8567193675889329 1.006993006993007 0.03162055335968379 0.09090909090909091
1 0.8043478260869565 0.9073426573426573 0.025691699604743084 0.06993006993006994
1 0.9189723320158103 1.0367132867132867 0.021739130434782608 0.07342657342657342
1 0.9308300395256917 1.0367132867132867 0.021739130434782608 0.06643356643356643
1 0.9654150197628458 1.083916083916084 0.02766798418972332 0.06993006993006994
1 0.983201581027668 1.1013986013986015 0.019762845849802372 0.08741258741258741
3 0.8656126482213439 0.986013986013986 0.1007905138339921 0.07692307692307693
4 0.19960474308300397 0.3513986013986014 0.07312252964426877 0.1258741258741259
