1 0.039525691699604744 0.3741258741258741 0.045454545454545456 0.15384615384615385
1 0.15217391304347827 0.44405594405594406 0.037549407114624504 0.13636363636363635
1 0.15118577075098813 0.40734265734265734 0.03557312252964427 0.0979020979020979
1 0.208498023715415 0.486013986013986 0.039525691699604744 0.12237762237762238
1 0.2381422924901186 0.493006993006993 0.03162055335968379 0.12937062937062938
1 0.274703557312253 0.5262237762237763 0.029644268774703556 0.1258741258741259
1 0.31521739130434784 0.5594405594405595 0.039525691699604744 0.12237762237762238
1 0.3241106719367589 0.534965034965035 0.029644268774703556 0.10139860139860139
1 0.06521739130434782 0.23076923076923078 0.01383399209486166 0.055944055944055944
1 0.19367588932806323 0.3409090909090909 0.021739130434782608 0.07342657342657342
1 0.5049407114624506 0.7465034965034965 0.05138339920948617 0.11538461538461539
1 0.6373517786561265 0.9527972027972028 0.05533596837944664 0.15384615384615385
1 0.6383399209486166 0.8706293706293706 0.037549407114624504 0.12237762237762238
1 0.7707509881422925 0.9615384615384616 0.037549407114624504 0.10139860139860139
1 0.782608695652174 0.9405594405594405 0.025691699604743084 0.08741258741258741
1 0.6996047430830039 0.8426573426573427 0.041501976284584984 0.06993006993006994
1 0.6590909090909091 0.8024475524475524 0.043478260869565216 0.06643356643356643
1 0.8181818181818182 1.0017482517482517 0.03359683794466403 0.10139860139860139
1 0.8675889328063241 1.0506993006993006 0.037549407114624504 0.10839160839160839
1 0.9239130434782609 1.0996503496503496 0.039525691699604744 0.10839160839160839
1 0.8754940711462451 0.9842657342657343 0.025691699604743084 0.07342657342657342
1 0.7025691699604744 0.8146853146853147 0.019762845849802372 0.04895104895104895
1 0.8428853754940712 0.9213286713286714 0.02766798418972332 0.055944055944055944
1 0.9713438735177866 1.048951048951049 0.03557312252964427 0.06993006993006994
2 0.05039525691699605 0.27972027972027974 0.08695652173913043 0.0944055944055944
2 0.17094861660079053 0.4353146853146853 0.1067193675889328 0.10839160839160839
2 0.06521739130434782 0.5367132867132867 0.12055335968379446 0.13986013986013987
2 0.2391304347826087 0.3881118881118881 0.05731225296442688 0.04895104895104895
2 0.14031620553359683 0.2674825174825175 0.029644268774703556 0.04195804195804196
2 0.06324110671936758 0.2202797202797203 0.037549407114624504 0.045454545454545456
2 0.08794466403162056 0.22377622377622378 0.02766798418972332 0.03496503496503497
2 0.11264822134387352 0.23426573426573427 0.021739130434782608 0.038461538461538464
2 0.3705533596837945 0.4755244755244755 0.043478260869565216 0.04195804195804196
2 0.6452569169960475 0.8706293706293706 0.11857707509881422 0.11888111888111888
2 0.30138339920948615 0.40734265734265734 0.043478260869565216 0.038461538461538464
2 0.9357707509881423 1.0472027972027973 0.06719367588932806 0.07342657342657342
2 0.8033596837944664 0.9038461538461539 0.05138339920948617 0.07342657342657342
2 0.7450592885375494 0.8793706293706294 0.0691699604743083 0.06643356643356643
2 0.8913043478260869 0.9877622377622378 0.045454545454545456 0.055944055944055944
4 0.14723320158102768 0.3304195804195804 0.07905138339920949 0.15034965034965034
4 0.5316205533596838 0.7325174825174825 0.1442687747035573 0.1853146853146853
