1 0.34782608695652173 0.7045454545454546 0.0691699604743083 0.1888111888111888
1 0.3883399209486166 0.701048951048951 0.05533596837944664 0.14685314685314685
1 0.2391304347826087 0.4737762237762238 0.025691699604743084 0.08741258741258741
1 0.16798418972332016 0.38461538461538464 0.029644268774703556 0.09090909090909091
1 0.20454545454545456 0.38636363636363635 0.019762845849802372 0.07342657342657342
1 0.44861660079051385 0.6958041958041958 0.04940711462450593 0.11538461538461539
1 0.5770750988142292 0.8286713286713286 0.04940711462450593 0.13636363636363635
1 0.5266798418972332 0.8199300699300699 0.043478260869565216 0.14685314685314685
1 0.5108695652173914 0.8304195804195804 0.05533596837944664 0.16783216783216784
1 0.4851778656126482 0.8321678321678322 0.05138339920948617 0.17482517482517482
1 0.45652173913043476 0.8636363636363636 0.0533596837944664 0.11188811188811189
1 0.6284584980237155 0.9440559440559441 0.0533596837944664 0.16783216783216784
1 0.682806324110672 1.0751748251748252 0.06324110671936758 0.10139860139860139
1 0.7559288537549407 1.0716783216783217 0.04743083003952569 0.17132867132867133
1 0.7529644268774703 1.0367132867132867 0.0533596837944664 0.15034965034965034
1 0.7292490118577075 0.9825174825174825 0.041501976284584984 0.1048951048951049
1 0.7302371541501976 0.9440559440559441 0.03557312252964427 0.0979020979020979
1 0.7658102766798419 0.9475524475524476 0.02766798418972332 0.11188811188811189
1 0.682806324110672 0.8793706293706294 0.02766798418972332 0.1048951048951049
1 0.642292490118577 0.8444055944055944 0.029644268774703556 0.1048951048951049
1 0.7035573122529645 0.8776223776223776 0.03359683794466403 0.0944055944055944
1 0.6926877470355731 0.833916083916084 0.039525691699604744 0.06643356643356643
1 0.8557312252964426 0.9895104895104895 0.025691699604743084 0.08741258741258741
1 0.8073122529644269 0.9248251748251748 0.023715415019762844 0.06993006993006994
1 0.7944664031620553 0.8741258741258742 0.021739130434782608 0.04895104895104895
1 0.9051383399209486 0.9877622377622378 0.01383399209486166 0.055944055944055944
1 0.9357707509881423 1.0104895104895104 0.019762845849802372 0.06293706293706294
1 0.9624505928853755 1.0332167832167831 0.017786561264822136 0.05244755244755245
1 0.9822134387351779 1.0472027972027973 0.017786561264822136 0.055944055944055944
1 0.8794466403162056 0.958041958041958 0.029644268774703556 0.045454545454545456
1 0.8409090909090909 0.8968531468531469 0.023715415019762844 0.038461538461538464
1 0.7223320158102767 0.8006993006993007 0.023715415019762844 0.04895104895104895
1 0.691699604743083 0.7692307692307693 0.017786561264822136 0.045454545454545456
1 0.6788537549407114 0.7517482517482518 0.015810276679841896 0.04895104895104895
1 0.31225296442687744 0.42482517482517484 0.017786561264822136 0.045454545454545456
1 0.26679841897233203 0.3916083916083916 0.029644268774703556 0.04895104895104895
1 0.22134387351778656 0.3583916083916084 0.01383399209486166 0.045454545454545456
1 0.1442687747035573 0.3041958041958042 0.017786561264822136 0.04895104895104895
1 0.11758893280632411 0.30244755244755245 0.015810276679841896 0.04895104895104895
1 0.03557312252964427 0.23076923076923078 0.017786561264822136 0.06643356643356643
1 0.06422924901185771 0.2202797202797203 0.019762845849802372 0.04195804195804196
1 0.025691699604743084 0.1888111888111888 0.01383399209486166 0.05244755244755245
1 0.12351778656126482 0.28496503496503495 0.015810276679841896 0.045454545454545456
1 0.4357707509881423 0.527972027972028 0.023715415019762844 0.038461538461538464
1 0.45454545454545453 0.5437062937062938 0.01383399209486166 0.024475524475524476
2 0.30434782608695654 0.6031468531468531 0.12450592885375494 0.15734265734265734
2 0.5513833992094862 0.7325174825174825 0.09683794466403162 0.08391608391608392
2 0.7707509881422925 0.9353146853146853 0.08893280632411067 0.1048951048951049
2 0.758893280632411 0.8618881118881119 0.045454545454545456 0.07342657342657342
2 0.8547430830039525 0.9632867132867133 0.05928853754940711 0.08741258741258741
2 0.07015810276679842 0.28496503496503495 0.06719367588932806 0.10839160839160839
2 0.1590909090909091 0.35664335664335667 0.04743083003952569 0.08391608391608392
2 0.17193675889328064 0.34265734265734266 0.037549407114624504 0.05244755244755245
2 0.09782608695652174 0.2517482517482518 0.03162055335968379 0.06293706293706294
2 0.06719367588932806 0.21678321678321677 0.029644268774703556 0.03496503496503497
2 0.34881422924901184 0.4562937062937063 0.04743083003952569 0.045454545454545456
2 0.5899209486166008 0.6818181818181818 0.05533596837944664 0.04195804195804196
2 0.6324110671936759 0.7307692307692307 0.06521739130434782 0.045454545454545456
4 0.14723320158102768 0.2674825174825175 0.043478260869565216 0.05944055944055944
3 0.1956521739130435 0.30244755244755245 0.041501976284584984 0.045454545454545456
2 0.233201581027668 0.33916083916083917 0.029644268774703556 0.03496503496503497
3 0.15019762845849802 0.5104895104895105 0.29051383399209485 0.493006993006993
