1 0.7361660079051383 0.9038461538461539 0.05138339920948617 0.17132867132867133
1 0.682806324110672 0.7867132867132867 0.05138339920948617 0.15034965034965034
1 0.4407114624505929 0.7709790209790209 0.09683794466403162 0.23426573426573427
1 0.6314229249011858 0.708041958041958 0.039525691699604744 0.11538461538461539
1 0.3092885375494071 0.4388111888111888 0.06719367588932806 0.11188811188811189
1 0.1976284584980237 0.3041958041958042 0.041501976284584984 0.0979020979020979
1 0.10474308300395258 0.23251748251748253 0.04940711462450593 0.1048951048951049
1 0.8893280632411067 0.9003496503496503 0.03359683794466403 0.1048951048951049
1 0.6798418972332015 0.736013986013986 0.03359683794466403 0.10839160839160839
1 0.7075098814229249 0.7465034965034965 0.029644268774703556 0.0979020979020979
1 0.7351778656126482 0.7587412587412588 0.025691699604743084 0.10839160839160839
1 0.7460474308300395 0.7447552447552448 0.019762845849802372 0.09090909090909091
1 0.7687747035573123 0.7517482517482518 0.017786561264822136 0.08041958041958042
1 0.9347826086956522 0.8793706293706294 0.025691699604743084 0.07342657342657342
2 0.5 0.6835664335664335 0.21146245059288538 0.18181818181818182
2 0.8754940711462451 0.9702797202797203 0.10474308300395258 0.18181818181818182
2 0.6620553359683794 1.0926573426573427 0.191699604743083 0.14685314685314685
3 0.8369565217391305 0.8129370629370629 0.12648221343873517 0.22727272727272727
