2 0.18972332015810275 0.43006993006993005 0.08893280632411067 0.13636363636363635
2 0.29051383399209485 0.5454545454545454 0.13043478260869565 0.15384615384615385
2 0.37549407114624506 0.43006993006993005 0.10869565217391304 0.11538461538461539
2 0.45849802371541504 0.5629370629370629 0.15019762845849802 0.15734265734265734
2 0.19960474308300397 0.35664335664335667 0.05533596837944664 0.06643356643356643
2 0.233201581027668 0.3006993006993007 0.045454545454545456 0.045454545454545456
2 0.11857707509881422 0.32517482517482516 0.043478260869565216 0.07342657342657342
2 0.0691699604743083 0.2972027972027972 0.03359683794466403 0.04895104895104895
2 0.3241106719367589 0.28321678321678323 0.05928853754940711 0.038461538461538464
2 0.3181818181818182 0.2727272727272727 0.045454545454545456 0.03496503496503497
2 0.5731225296442688 0.2902097902097902 0.05138339920948617 0.038461538461538464
2 0.6363636363636364 0.3006993006993007 0.06126482213438735 0.045454545454545456
2 0.7015810276679841 0.3111888111888112 0.05138339920948617 0.06293706293706294
2 0.733201581027668 0.3041958041958042 0.039525691699604744 0.045454545454545456
2 0.7905138339920948 0.3181818181818182 0.07707509881422925 0.05244755244755245
2 0.6521739130434783 0.2692307692307692 0.05138339920948617 0.03496503496503497
1 0.12450592885375494 0.7517482517482518 0.06521739130434782 0.17832167832167833
1 0.17786561264822134 0.6783216783216783 0.037549407114624504 0.16083916083916083
1 0.1324110671936759 0.6328671328671329 0.04940711462450593 0.1258741258741259
1 0.1600790513833992 0.5909090909090909 0.03359683794466403 0.10139860139860139
1 0.22332015810276679 0.6328671328671329 0.045454545454545456 0.15034965034965034
1 0.30039525691699603 0.6503496503496503 0.041501976284584984 0.16433566433566432
1 0.3201581027667984 0.6223776223776224 0.041501976284584984 0.13636363636363635
1 0.2075098814229249 0.8986013986013986 0.08695652173913043 0.0979020979020979
1 0.4505928853754941 0.7902097902097902 0.10474308300395258 0.16083916083916083
1 0.6106719367588933 0.5629370629370629 0.05138339920948617 0.13286713286713286
1 0.7213438735177866 0.9090909090909091 0.09090909090909091 0.08391608391608392
1 0.8221343873517787 0.7377622377622378 0.041501976284584984 0.13986013986013987
1 0.83399209486166 0.6328671328671329 0.041501976284584984 0.1258741258741259
1 0.7035573122529645 0.43006993006993005 0.02766798418972332 0.08391608391608392
1 0.7371541501976284 0.3776223776223776 0.021739130434782608 0.06993006993006994
1 0.7786561264822134 0.36713286713286714 0.025691699604743084 0.06293706293706294
1 0.808300395256917 0.3951048951048951 0.017786561264822136 0.07342657342657342
1 0.8656126482213439 0.486013986013986 0.025691699604743084 0.0944055944055944
1 0.8754940711462451 0.6573426573426573 0.045454545454545456 0.14335664335664336
1 0.950592885375494 0.5664335664335665 0.03162055335968379 0.11888111888111888
1 0.9683794466403162 0.6923076923076923 0.02766798418972332 0.14685314685314685
1 0.9011857707509882 0.3986013986013986 0.015810276679841896 0.07342657342657342
1 0.8399209486166008 0.3706293706293706 0.019762845849802372 0.05944055944055944
1 0.8774703557312253 0.36713286713286714 0.021739130434782608 0.055944055944055944
1 0.8972332015810277 0.33916083916083917 0.01383399209486166 0.045454545454545456
1 0.8754940711462451 0.32517482517482516 0.01383399209486166 0.04195804195804196
1 0.924901185770751 0.33916083916083917 0.019762845849802372 0.05244755244755245
1 0.9545454545454546 0.3741258741258741 0.015810276679841896 0.07342657342657342
1 0.9565217391304348 0.32517482517482516 0.02766798418972332 0.055944055944055944
1 0.9664031620553359 0.34265734265734266 0.017786561264822136 0.038461538461538464
1 0.9822134387351779 0.34615384615384615 0.01383399209486166 0.06643356643356643
1 0.019762845849802372 0.40559440559440557 0.019762845849802372 0.07692307692307693
1 0.09486166007905138 0.486013986013986 0.03557312252964427 0.1048951048951049
1 0.06719367588932806 0.3741258741258741 0.015810276679841896 0.06293706293706294
1 0.11264822134387352 0.3881118881118881 0.021739130434782608 0.08041958041958042
1 0.09486166007905138 0.36363636363636365 0.015810276679841896 0.06993006993006994
1 0.05731225296442688 0.3531468531468531 0.019762845849802372 0.05944055944055944
1 0.03162055335968379 0.27972027972027974 0.01383399209486166 0.04895104895104895
1 0.1956521739130435 0.27972027972027974 0.017786561264822136 0.024475524475524476
1 0.17193675889328064 0.42657342657342656 0.017786561264822136 0.08741258741258741
1 0.15612648221343872 0.3706293706293706 0.019762845849802372 0.06293706293706294
1 0.16996047430830039 0.35664335664335667 0.015810276679841896 0.055944055944055944
1 0.2628458498023715 0.38461538461538464 0.029644268774703556 0.06293706293706294
1 0.2509881422924901 0.3531468531468531 0.011857707509881422 0.055944055944055944
1 0.42292490118577075 0.3881118881118881 0.045454545454545456 0.06643356643356643
1 0.2865612648221344 0.2902097902097902 0.019762845849802372 0.045454545454545456
1 0.3102766798418972 0.47202797202797203 0.03359683794466403 0.08391608391608392
3 0.7015810276679841 0.24475524475524477 0.09486166007905138 0.06293706293706294
2 0.13636363636363635 0.2937062937062937 0.03359683794466403 0.04195804195804196
1 0.07114624505928854 0.2517482517482518 0.019762845849802372 0.045454545454545456
