1 0.27865612648221344 0.46153846153846156 0.05138339920948617 0.14685314685314685
1 0.1857707509881423 0.27972027972027974 0.025691699604743084 0.06993006993006994
1 0.17588932806324112 0.2902097902097902 0.02766798418972332 0.08041958041958042
1 0.2608695652173913 0.3321678321678322 0.045454545454545456 0.0944055944055944
1 0.31620553359683795 0.2972027972027972 0.03557312252964427 0.08041958041958042
1 0.42292490118577075 0.3356643356643357 0.04940711462450593 0.09090909090909091
1 0.5138339920948617 0.4125874125874126 0.05928853754940711 0.10839160839160839
1 0.6936758893280632 0.4125874125874126 0.07312252964426877 0.11538461538461539
1 0.8972332015810277 0.45454545454545453 0.07114624505928854 0.10839160839160839
1 0.1600790513833992 0.17482517482517482 0.03162055335968379 0.05244755244755245
1 0.4051383399209486 0.2972027972027972 0.039525691699604744 0.10139860139860139
1 0.24703557312252963 0.3006993006993007 0.039525691699604744 0.08391608391608392
1 0.29051383399209485 0.2727272727272727 0.023715415019762844 0.06993006993006994
1 0.1422924901185771 0.25874125874125875 0.03557312252964427 0.07342657342657342
1 0.1225296442687747 0.24125874125874125 0.023715415019762844 0.06993006993006994
1 0.5197628458498024 0.32517482517482516 0.045454545454545456 0.08391608391608392
1 0.4782608695652174 0.3181818181818182 0.04940711462450593 0.09090909090909091
1 0.650197628458498 0.32867132867132864 0.04743083003952569 0.0979020979020979
1 0.6996047430830039 0.3181818181818182 0.04743083003952569 0.08391608391608392
1 0.7312252964426877 0.34265734265734266 0.05138339920948617 0.09090909090909091
1 0.849802371541502 0.36013986013986016 0.06126482213438735 0.09090909090909091
1 0.3359683794466403 0.2762237762237762 0.021739130434782608 0.07342657342657342
2 0.2015810276679842 0.25874125874125875 0.08300395256916997 0.06993006993006994
2 0.2075098814229249 0.1958041958041958 0.07312252964426877 0.04895104895104895
2 0.30632411067193677 0.20279720279720279 0.05928853754940711 0.05244755244755245
2 0.2885375494071146 0.18181818181818182 0.05731225296442688 0.05244755244755245
2 0.5810276679841897 0.32167832167832167 0.05731225296442688 0.1258741258741259
2 0.5968379446640316 0.2062937062937063 0.0691699604743083 0.05244755244755245
4 0.4090909090909091 0.23426573426573427 0.12450592885375494 0.13986013986013987
4 0.005928853754940711 0.36013986013986016 0.17193675889328064 0.3811188811188811
3 0.005928853754940711 0.16433566433566432 0.06521739130434782 0.11188811188811189
2 0.5098814229249012 0.19230769230769232 0.05138339920948617 0.04895104895104895
2 0.525691699604743 0.2517482517482518 0.05731225296442688 0.07692307692307693
4 0.7134387351778656 0.1853146853146853 0.09090909090909091 0.05944055944055944
4 0.6324110671936759 0.15034965034965034 0.07114624505928854 0.05244755244755245
4 0.5276679841897233 0.13986013986013987 0.05533596837944664 0.05244755244755245
4 0.7944664031620553 0.17482517482517482 0.0533596837944664 0.055944055944055944
2 0.38537549407114624 0.23076923076923078 0.025691699604743084 0.07342657342657342
3 0.43478260869565216 0.14335664335664336 0.03162055335968379 0.06293706293706294
