1 0.22529644268774704 0.6695804195804196 0.07707509881422925 0.1958041958041958
1 0.21936758893280633 0.3986013986013986 0.029644268774703556 0.10139860139860139
1 0.308300395256917 0.46153846153846156 0.04940711462450593 0.11538461538461539
1 0.07905138339920949 0.25874125874125875 0.029644268774703556 0.07342657342657342
1 0.12450592885375494 0.26573426573426573 0.021739130434782608 0.06643356643356643
1 0.42193675889328064 0.5367132867132867 0.07114624505928854 0.13286713286713286
1 0.208498023715415 0.3041958041958042 0.04743083003952569 0.06643356643356643
1 0.17193675889328064 0.25874125874125875 0.029644268774703556 0.06643356643356643
1 0.2855731225296443 0.29545454545454547 0.03162055335968379 0.06993006993006994
1 0.6936758893280632 0.5104895104895105 0.06521739130434782 0.11538461538461539
1 0.6729249011857708 0.4493006993006993 0.06324110671936758 0.09090909090909091
1 0.6511857707509882 0.34965034965034963 0.03557312252964427 0.08741258741258741
1 0.9654150197628458 0.4772727272727273 0.06324110671936758 0.1048951048951049
1 0.34189723320158105 0.28146853146853146 0.029644268774703556 0.06293706293706294
1 0.358695652173913 0.32342657342657344 0.03557312252964427 0.07692307692307693
1 0.4851778656126482 0.2762237762237762 0.015810276679841896 0.05244755244755245
1 0.5849802371541502 0.29895104895104896 0.021739130434782608 0.06293706293706294
1 0.2974308300395257 0.22202797202797203 0.03162055335968379 0.04195804195804196
2 0.22826086956521738 0.21853146853146854 0.07905138339920949 0.055944055944055944
2 0.4209486166007905 0.4458041958041958 0.1600790513833992 0.13986013986013987
2 0.5405138339920948 0.2692307692307692 0.043478260869565216 0.06643356643356643
2 0.7934782608695652 0.4388111888111888 0.16205533596837945 0.13986013986013987
2 0.7638339920948617 0.3776223776223776 0.1225296442687747 0.08741258741258741
4 0.13438735177865613 0.19055944055944055 0.12055335968379446 0.09090909090909091
3 0.40810276679841895 0.19405594405594406 0.05928853754940711 0.06993006993006994
4 0.49703557312252966 0.1660839160839161 0.039525691699604744 0.06993006993006994
