1 0.9407114624505929 0.08041958041958042 0.021739130434782608 0.055944055944055944
1 0.8932806324110671 0.0979020979020979 0.029644268774703556 0.07342657342657342
1 0.5217391304347826 0.5664335664335665 0.09090909090909091 0.2097902097902098
1 0.24703557312252963 0.48951048951048953 0.08498023715415019 0.17482517482517482
1 0.26679841897233203 0.3741258741258741 0.06324110671936758 0.14335664335664336
1 0.2134387351778656 0.2902097902097902 0.05928853754940711 0.11538461538461539
1 0.13043478260869565 0.3986013986013986 0.05731225296442688 0.13986013986013987
1 0.13438735177865613 0.3356643356643357 0.04743083003952569 0.0979020979020979
1 0.1442687747035573 0.2902097902097902 0.041501976284584984 0.11538461538461539
1 0.10869565217391304 0.24125874125874125 0.037549407114624504 0.1048951048951049
1 0.06324110671936758 0.28321678321678323 0.041501976284584984 0.09090909090909091
1 0.029644268774703556 0.34265734265734266 0.05138339920948617 0.11888111888111888
1 0.03557312252964427 0.2972027972027972 0.03557312252964427 0.08741258741258741
2 0.05731225296442688 0.21328671328671328 0.116600790513834 0.11188811188811189
