1 0.044466403162055336 0.6153846153846154 0.05928853754940711 0.16433566433566432
1 0.04743083003952569 0.4493006993006993 0.037549407114624504 0.11888111888111888
1 0.2519762845849802 0.49475524475524474 0.04743083003952569 0.13286713286713286
1 0.08695652173913043 0.33916083916083917 0.025691699604743084 0.08741258741258741
1 0.07213438735177866 0.29545454545454547 0.02766798418972332 0.06993006993006994
1 0.12944664031620554 0.291958041958042 0.02766798418972332 0.07692307692307693
1 0.15711462450592886 0.31993006993006995 0.019762845849802372 0.07692307692307693
1 0.18873517786561264 0.28321678321678323 0.023715415019762844 0.07342657342657342
1 0.23616600790513834 0.3618881118881119 0.03557312252964427 0.0979020979020979
1 0.15612648221343872 0.2465034965034965 0.021739130434782608 0.055944055944055944
1 0.424901185770751 0.4230769230769231 0.0533596837944664 0.10139860139860139
1 0.5009881422924901 0.45104895104895104 0.03162055335968379 0.08741258741258741
1 0.5533596837944664 0.36013986013986016 0.037549407114624504 0.08741258741258741
1 0.6086956521739131 0.42482517482517484 0.06126482213438735 0.09090909090909091
1 0.8241106719367589 0.5786713286713286 0.08893280632411067 0.13286713286713286
1 0.7885375494071146 0.5087412587412588 0.03359683794466403 0.11188811188811189
1 0.932806324110672 0.6048951048951049 0.09683794466403162 0.15034965034965034
1 0.8606719367588933 0.4020979020979021 0.05928853754940711 0.0944055944055944
1 0.7608695652173914 0.38286713286713286 0.04940711462450593 0.08391608391608392
1 0.6057312252964426 0.38286713286713286 0.04743083003952569 0.07692307692307693
1 0.33201581027667987 0.263986013986014 0.021739130434782608 0.06293706293706294
1 0.5237154150197628 0.28321678321678323 0.017786561264822136 0.05944055944055944
1 0.6561264822134387 0.3513986013986014 0.037549407114624504 0.06993006993006994
1 0.22035573122529645 0.2762237762237762 0.02766798418972332 0.06643356643356643
2 0.325098814229249 0.4178321678321678 0.1067193675889328 0.11188811188811189
2 0.5375494071146245 0.5629370629370629 0.17588932806324112 0.16433566433566432
2 0.6768774703557312 0.4632867132867133 0.08300395256916997 0.16783216783216784
2 0.558300395256917 0.2062937062937063 0.05928853754940711 0.045454545454545456
2 0.3824110671936759 0.3129370629370629 0.09090909090909091 0.06993006993006994
2 0.4762845849802372 0.3881118881118881 0.12845849802371542 0.12237762237762238
2 0.40118577075098816 0.2465034965034965 0.045454545454545456 0.06293706293706294
4 0.2183794466403162 0.23776223776223776 0.06719367588932806 0.07342657342657342
2 0.2826086956521739 0.3076923076923077 0.1007905138339921 0.08741258741258741
2 0.4841897233201581 0.24125874125874125 0.07707509881422925 0.045454545454545456
2 0.6047430830039525 0.22202797202797203 0.04940711462450593 0.04895104895104895
2 0.7252964426877471 0.21853146853146854 0.0533596837944664 0.04895104895104895
2 0.06126482213438735 0.25 0.06126482213438735 0.06293706293706294
