1 0.1383399209486166 0.5506993006993007 0.03359683794466403 0.1048951048951049
1 0.10869565217391304 0.5104895104895105 0.025691699604743084 0.0944055944055944
1 0.07608695652173914 0.4493006993006993 0.023715415019762844 0.08391608391608392
1 0.04940711462450593 0.4353146853146853 0.017786561264822136 0.07692307692307693
1 0.02865612648221344 0.4160839160839161 0.019762845849802372 0.07342657342657342
1 0.1324110671936759 0.458041958041958 0.025691699604743084 0.08041958041958042
1 0.1007905138339921 0.4318181818181818 0.021739130434782608 0.07692307692307693
1 0.14031620553359683 0.40559440559440557 0.017786561264822136 0.08041958041958042
1 0.16106719367588934 0.3986013986013986 0.019762845849802372 0.06643356643356643
1 0.18379446640316205 0.4597902097902098 0.021739130434782608 0.07692307692307693
1 0.19268774703557312 0.5122377622377622 0.023715415019762844 0.09090909090909091
1 0.2075098814229249 0.5891608391608392 0.03359683794466403 0.11888111888111888
1 0.24011857707509882 0.4597902097902098 0.02766798418972332 0.08391608391608392
1 0.20553359683794467 0.3986013986013986 0.025691699604743084 0.06643356643356643
1 0.26778656126482214 0.5227272727272727 0.03162055335968379 0.0979020979020979
1 0.2875494071146245 0.4597902097902098 0.011857707509881422 0.06293706293706294
1 0.29446640316205536 0.48951048951048953 0.021739130434782608 0.08741258741258741
1 0.31719367588932806 0.5174825174825175 0.039525691699604744 0.10139860139860139
1 0.34782608695652173 0.48776223776223776 0.021739130434782608 0.08391608391608392
1 0.43774703557312256 0.47202797202797203 0.03162055335968379 0.05244755244755245
1 0.4723320158102767 0.44755244755244755 0.041501976284584984 0.08741258741258741
1 0.49110671936758893 0.4405594405594406 0.03162055335968379 0.07342657342657342
1 0.5069169960474308 0.42482517482517484 0.039525691699604744 0.07692307692307693
1 0.6304347826086957 0.42832167832167833 0.045454545454545456 0.06993006993006994
1 0.6353754940711462 0.4737762237762238 0.05138339920948617 0.06993006993006994
1 0.6363636363636364 0.5751748251748252 0.05731225296442688 0.11888111888111888
1 0.6205533596837944 0.6083916083916084 0.0691699604743083 0.0944055944055944
1 0.6492094861660079 0.6486013986013986 0.05928853754940711 0.13986013986013987
1 0.6413043478260869 0.7062937062937062 0.05928853754940711 0.14335664335664336
1 0.7569169960474308 0.763986013986014 0.08893280632411067 0.17482517482517482
1 0.6442687747035574 0.9038461538461539 0.0533596837944664 0.16783216783216784
1 0.7865612648221344 0.43356643356643354 0.03359683794466403 0.07342657342657342
1 0.8191699604743083 0.4493006993006993 0.03162055335968379 0.07692307692307693
1 0.7658102766798419 0.38636363636363635 0.02766798418972332 0.06293706293706294
1 0.7984189723320159 0.3951048951048951 0.025691699604743084 0.06643356643356643
1 0.8349802371541502 0.3951048951048951 0.019762845849802372 0.05944055944055944
1 0.8715415019762845 0.4160839160839161 0.025691699604743084 0.07342657342657342
1 0.9150197628458498 0.3688811188811189 0.029644268774703556 0.055944055944055944
1 0.9486166007905138 0.3968531468531469 0.041501976284584984 0.06293706293706294
1 0.691699604743083 0.32517482517482516 0.017786561264822136 0.05944055944055944
1 0.7183794466403162 0.32517482517482516 0.023715415019762844 0.05944055944055944
1 0.7628458498023716 0.3304195804195804 0.029644268774703556 0.06293706293706294
1 0.799407114624506 0.3321678321678322 0.019762845849802372 0.05244755244755245
1 0.8468379446640316 0.34265734265734266 0.02766798418972332 0.045454545454545456
1 0.11758893280632411 0.3374125874125874 0.019762845849802372 0.055944055944055944
1 0.2381422924901186 0.3304195804195804 0.019762845849802372 0.04895104895104895
1 0.22134387351778656 0.32867132867132864 0.017786561264822136 0.05244755244755245
1 0.2025691699604743 0.32342657342657344 0.015810276679841896 0.055944055944055944
1 0.15118577075098813 0.3339160839160839 0.019762845849802372 0.055944055944055944
1 0.31521739130434784 0.29545454545454547 0.023715415019762844 0.04195804195804196
1 0.3448616600790514 0.2867132867132867 0.023715415019762844 0.038461538461538464
2 0.17588932806324112 0.36013986013986016 0.045454545454545456 0.05944055944055944
2 0.06422924901185771 0.3129370629370629 0.043478260869565216 0.04895104895104895
2 0.024703557312252964 0.3688811188811189 0.039525691699604744 0.07692307692307693
2 0.12055335968379446 0.3041958041958042 0.03359683794466403 0.045454545454545456
2 0.16403162055335968 0.30594405594405594 0.029644268774703556 0.06293706293706294
2 0.27865612648221344 0.75 0.21541501976284586 0.21678321678321677
2 0.1650197628458498 0.9265734265734266 0.2964426877470356 0.12937062937062938
2 0.4258893280632411 0.29545454545454547 0.06324110671936758 0.04195804195804196
2 0.4367588932806324 0.263986013986014 0.04940711462450593 0.027972027972027972
2 0.575098814229249 0.29895104895104896 0.06521739130434782 0.04195804195804196
3 0.4426877470355731 0.5664335664335665 0.18774703557312253 0.17832167832167833
4 0.5069169960474308 0.8076923076923077 0.2490118577075099 0.36013986013986016
