1 0.01383399209486166 0.45104895104895104 0.041501976284584984 0.1258741258741259
1 0.07114624505928854 0.3776223776223776 0.029644268774703556 0.10839160839160839
1 0.1225296442687747 0.33916083916083917 0.029644268774703556 0.10139860139860139
1 0.09486166007905138 0.3356643356643357 0.02766798418972332 0.1048951048951049
1 0.025691699604743084 0.32867132867132864 0.03162055335968379 0.1048951048951049
1 0.03359683794466403 0.2762237762237762 0.021739130434782608 0.06993006993006994
1 0.05533596837944664 0.24825174825174826 0.025691699604743084 0.07342657342657342
1 0.08300395256916997 0.26573426573426573 0.021739130434782608 0.07692307692307693
1 0.11857707509881422 0.24825174825174826 0.037549407114624504 0.08041958041958042
1 0.116600790513834 0.2902097902097902 0.029644268774703556 0.07342657342657342
1 0.16600790513833993 0.35664335664335667 0.05138339920948617 0.10139860139860139
1 0.15810276679841898 0.27972027972027974 0.023715415019762844 0.08741258741258741
1 0.18379446640316205 0.2902097902097902 0.021739130434782608 0.07692307692307693
1 0.2075098814229249 0.2937062937062937 0.019762845849802372 0.08741258741258741
1 0.24110671936758893 0.3706293706293706 0.029644268774703556 0.10839160839160839
1 0.2845849802371542 0.4020979020979021 0.0533596837944664 0.11188811188811189
1 0.26877470355731226 0.3531468531468531 0.04743083003952569 0.08391608391608392
1 0.2490118577075099 0.3041958041958042 0.023715415019762844 0.08741258741258741
1 0.3201581027667984 0.3356643356643357 0.04743083003952569 0.0944055944055944
1 0.41699604743083 0.3741258741258741 0.05138339920948617 0.1048951048951049
1 0.38735177865612647 0.3356643356643357 0.04940711462450593 0.08741258741258741
1 0.5830039525691699 0.43356643356643354 0.0691699604743083 0.11888111888111888
1 0.6284584980237155 0.479020979020979 0.07312252964426877 0.1258741258741259
1 0.7430830039525692 0.486013986013986 0.07905138339920949 0.12937062937062938
1 0.7252964426877471 0.4090909090909091 0.06521739130434782 0.0979020979020979
1 0.8142292490118577 0.486013986013986 0.07509881422924901 0.11888111888111888
1 0.7924901185770751 0.4370629370629371 0.07114624505928854 0.0979020979020979
1 0.8735177865612648 0.46503496503496505 0.07114624505928854 0.10839160839160839
1 0.2391304347826087 0.26223776223776224 0.023715415019762844 0.05944055944055944
1 0.17984189723320157 0.1888111888111888 0.03359683794466403 0.04895104895104895
1 0.34189723320158105 0.2202797202797203 0.015810276679841896 0.055944055944055944
1 0.36363636363636365 0.21678321678321677 0.015810276679841896 0.06643356643356643
1 0.5296442687747036 0.2692307692307692 0.021739130434782608 0.07692307692307693
1 0.23517786561264822 0.1888111888111888 0.02766798418972332 0.045454545454545456
2 0.35375494071146246 0.28321678321678323 0.11067193675889328 0.10839160839160839
2 0.43280632411067194 0.2937062937062937 0.09683794466403162 0.0944055944055944
2 0.5296442687747036 0.32867132867132864 0.11857707509881422 0.12237762237762238
2 0.6264822134387352 0.34965034965034963 0.116600790513834 0.1048951048951049
2 0.7924901185770751 0.3916083916083916 0.15612648221343872 0.11888111888111888
2 0.7114624505928854 0.2097902097902098 0.06521739130434782 0.038461538461538464
2 0.5948616600790514 0.20279720279720279 0.05533596837944664 0.04895104895104895
4 0.39920948616600793 0.19230769230769232 0.08893280632411067 0.12237762237762238
4 0.4683794466403162 0.17132867132867133 0.07707509881422925 0.07692307692307693
2 0.7549407114624506 0.3321678321678322 0.1600790513833992 0.11538461538461539
3 0.2766798418972332 0.22377622377622378 0.05731225296442688 0.11538461538461539
2 0.021739130434782608 0.2097902097902098 0.07114624505928854 0.06993006993006994
