1 0.6185770750988142 0.583916083916084 0.06126482213438735 0.1958041958041958
1 0.741106719367589 0.7692307692307693 0.07114624505928854 0.2202797202797203
1 0.8537549407114624 0.4405594405594406 0.05533596837944664 0.17132867132867133
1 0.9071146245059288 0.34615384615384615 0.041501976284584984 0.1258741258741259
1 0.8320158102766798 0.3006993006993007 0.03557312252964427 0.1258741258741259
1 0.7924901185770751 0.35664335664335667 0.039525691699604744 0.1048951048951049
1 0.7766798418972332 0.44755244755244755 0.041501976284584984 0.16083916083916083
1 0.7114624505928854 0.4195804195804196 0.045454545454545456 0.15384615384615385
1 0.4980237154150198 0.8286713286713286 0.07905138339920949 0.16083916083916083
1 0.7707509881422925 0.3076923076923077 0.029644268774703556 0.12237762237762238
1 0.808300395256917 0.16783216783216784 0.021739130434782608 0.08741258741258741
1 0.8438735177865613 0.2097902097902098 0.02766798418972332 0.09090909090909091
1 0.8517786561264822 0.16083916083916083 0.015810276679841896 0.055944055944055944
1 0.8517786561264822 0.13986013986013987 0.015810276679841896 0.03146853146853147
1 0.883399209486166 0.17132867132867133 0.023715415019762844 0.08391608391608392
1 0.9031620553359684 0.2097902097902098 0.025691699604743084 0.0979020979020979
1 0.9169960474308301 0.17132867132867133 0.023715415019762844 0.07692307692307693
1 0.9071146245059288 0.13986013986013987 0.021739130434782608 0.06293706293706294
1 0.883399209486166 0.11538461538461539 0.023715415019762844 0.07342657342657342
1 0.8735177865612648 0.08741258741258741 0.015810276679841896 0.055944055944055944
1 0.924901185770751 0.10139860139860139 0.017786561264822136 0.04895104895104895
1 0.9624505928853755 0.09090909090909091 0.017786561264822136 0.05944055944055944
1 0.9446640316205533 0.08041958041958042 0.017786561264822136 0.045454545454545456
1 0.9288537549407114 0.07342657342657342 0.015810276679841896 0.03496503496503497
1 0.3438735177865613 0.23426573426573427 0.03162055335968379 0.12237762237762238
1 0.233201581027668 0.11888111888111888 0.043478260869565216 0.06993006993006994
1 0.6837944664031621 0.12237762237762238 0.025691699604743084 0.08391608391608392
1 0.04940711462450593 0.2692307692307692 0.04743083003952569 0.10839160839160839
2 0.650197628458498 0.28321678321678323 0.10869565217391304 0.12937062937062938
2 0.08498023715415019 0.2062937062937063 0.08300395256916997 0.10139860139860139
2 0.8952569169960475 0.055944055944055944 0.039525691699604744 0.05944055944055944
2 0.8853754940711462 0.03496503496503497 0.03359683794466403 0.04895104895104895
1 0.021739130434782608 0.35664335664335667 0.02766798418972332 0.06993006993006994
