2 0.8695652173913043 0.8304195804195804 0.041501976284584984 0.06293706293706294
2 0.8883399209486166 0.8216783216783217 0.039525691699604744 0.06293706293706294
2 0.1956521739130435 0.34440559440559443 0.1442687747035573 0.13636363636363635
1 0.9219367588932806 0.972027972027972 0.02766798418972332 0.10139860139860139
1 0.9071146245059288 0.8776223776223776 0.021739130434782608 0.07692307692307693
1 0.974308300395257 0.8951048951048951 0.017786561264822136 0.06293706293706294
1 0.9337944664031621 0.8618881118881119 0.019762845849802372 0.05944055944055944
1 0.2075098814229249 0.3758741258741259 0.06126482213438735 0.13286713286713286
1 0.16304347826086957 0.35664335664335667 0.05928853754940711 0.14335664335664336
1 0.08596837944664032 0.2534965034965035 0.05928853754940711 0.12237762237762238
1 0.11067193675889328 0.2465034965034965 0.041501976284584984 0.10139860139860139
1 0.14525691699604742 0.21678321678321677 0.039525691699604744 0.06993006993006994
1 0.25395256916996045 0.3076923076923077 0.043478260869565216 0.06293706293706294
