1 0.5454545454545454 0.6048951048951049 0.10869565217391304 0.17832167832167833
1 0.6324110671936759 0.506993006993007 0.08893280632411067 0.15734265734265734
1 0.6699604743083004 0.4632867132867133 0.06126482213438735 0.15384615384615385
1 0.8073122529644269 0.5786713286713286 0.11067193675889328 0.15384615384615385
1 0.8784584980237155 0.6678321678321678 0.1383399209486166 0.16433566433566432
1 0.7895256916996047 0.7744755244755245 0.13438735177865613 0.1958041958041958
1 0.6343873517786561 0.9055944055944056 0.1482213438735178 0.17132867132867133
1 0.9337944664031621 0.784965034965035 0.11857707509881422 0.20279720279720279
1 0.9525691699604744 0.3513986013986014 0.045454545454545456 0.11888111888111888
1 0.9051383399209486 0.3409090909090909 0.041501976284584984 0.15384615384615385
1 0.6541501976284585 0.291958041958042 0.03359683794466403 0.1258741258741259
1 0.6936758893280632 0.31643356643356646 0.03359683794466403 0.11188811188811189
1 0.7282608695652174 0.28321678321678323 0.02766798418972332 0.10839160839160839
1 0.7658102766798419 0.24125874125874125 0.023715415019762844 0.10839160839160839
1 0.7905138339920948 0.21853146853146854 0.021739130434782608 0.09090909090909091
1 0.7450592885375494 0.22202797202797203 0.029644268774703556 0.1048951048951049
1 0.5029644268774703 0.4772727272727273 0.07905138339920949 0.15384615384615385
1 0.5158102766798419 0.3811188811188811 0.07312252964426877 0.12937062937062938
1 0.3932806324110672 0.486013986013986 0.0691699604743083 0.15034965034965034
1 0.39822134387351776 0.40034965034965037 0.07114624505928854 0.1258741258741259
1 0.27964426877470355 0.3986013986013986 0.05928853754940711 0.13636363636363635
1 0.1600790513833992 0.44755244755244755 0.05731225296442688 0.15034965034965034
1 0.1383399209486166 0.6013986013986014 0.07312252964426877 0.15734265734265734
2 0.3458498023715415 0.6590909090909091 0.2391304347826087 0.25874125874125875
2 0.07608695652173914 0.7045454545454546 0.1383399209486166 0.25874125874125875
2 0.05731225296442688 0.46153846153846156 0.1007905138339921 0.17832167832167833
2 0.12845849802371542 0.3916083916083916 0.1482213438735178 0.12937062937062938
2 0.83399209486166 0.21328671328671328 0.08102766798418973 0.14335664335664336
2 0.9199604743083004 0.24825174825174826 0.06719367588932806 0.11538461538461539
2 0.9347826086956522 0.18181818181818182 0.06126482213438735 0.08041958041958042
3 0.15118577075098813 0.24825174825174826 0.2885375494071146 0.2692307692307692
