0 0.7509881422924901 0.2902097902097902 0.029644268774703556 0.10139860139860139
1 0.25395256916996045 0.15384615384615385 0.04743083003952569 0.06643356643356643
1 0.40217391304347827 0.6835664335664335 0.08300395256916997 0.20279720279720279
1 0.4743083003952569 0.6520979020979021 0.07707509881422925 0.1888111888111888
1 0.633399209486166 0.8583916083916084 0.12648221343873517 0.25874125874125875
1 0.274703557312253 0.6800699300699301 0.0691699604743083 0.1958041958041958
1 0.15810276679841898 0.4755244755244755 0.05731225296442688 0.15034965034965034
1 0.08399209486166008 0.39335664335664333 0.05138339920948617 0.13286713286713286
2 0.31521739130434784 0.3181818181818182 0.16600790513833993 0.15734265734265734
2 0.1492094861660079 0.33916083916083917 0.15810276679841898 0.16433566433566432
2 0.532608695652174 0.5979020979020979 0.22529644268774704 0.25524475524475526
2 0.9318181818181818 0.4737762237762238 0.12648221343873517 0.16783216783216784
0 0.7124505928853755 0.13286713286713286 0.015810276679841896 0.05944055944055944
