1 0.15118577075098813 0.4632867132867133 0.039525691699604744 0.14335664335664336
1 0.23517786561264822 0.5314685314685315 0.037549407114624504 0.15384615384615385
1 0.16897233201581027 0.4195804195804196 0.03557312252964427 0.11538461538461539
1 0.18774703557312253 0.38986013986013984 0.025691699604743084 0.1048951048951049
1 0.25 0.506993006993007 0.03162055335968379 0.13636363636363635
1 0.31521739130434784 0.5751748251748252 0.039525691699604744 0.13286713286713286
1 0.2707509881422925 0.4965034965034965 0.029644268774703556 0.11188811188811189
1 0.26778656126482214 0.4737762237762238 0.03557312252964427 0.1048951048951049
1 0.3932806324110672 0.6223776223776224 0.025691699604743084 0.0979020979020979
1 0.5889328063241107 0.8601398601398601 0.045454545454545456 0.13986013986013987
1 0.5612648221343873 0.7132867132867133 0.045454545454545456 0.07692307692307693
1 0.09090909090909091 0.23601398601398602 0.01383399209486166 0.055944055944055944
1 0.016798418972332016 0.3513986013986014 0.023715415019762844 0.15734265734265734
1 0.019762845849802372 0.19055944055944055 0.01383399209486166 0.055944055944055944
1 0.05731225296442688 0.20804195804195805 0.01383399209486166 0.04895104895104895
1 0.17292490118577075 0.291958041958042 0.015810276679841896 0.04195804195804196
1 0.23221343873517786 0.3723776223776224 0.019762845849802372 0.04895104895104895
1 0.15612648221343872 0.3356643356643357 0.025691699604743084 0.07342657342657342
1 0.19268774703557312 0.32517482517482516 0.015810276679841896 0.05244755244755245
1 0.29051383399209485 0.4090909090909091 0.021739130434782608 0.045454545454545456
1 0.21640316205533597 0.3356643356643357 0.011857707509881422 0.03496503496503497
1 0.31719367588932806 0.42657342657342656 0.019762845849802372 0.03496503496503497
1 0.7341897233201581 0.8199300699300699 0.015810276679841896 0.055944055944055944
1 0.7509881422924901 0.8706293706293706 0.037549407114624504 0.05944055944055944
1 0.7885375494071146 0.9055944055944056 0.017786561264822136 0.06993006993006994
1 0.7183794466403162 0.7902097902097902 0.023715415019762844 0.03496503496503497
1 0.7480237154150198 0.8094405594405595 0.023715415019762844 0.04195804195804196
1 0.782608695652174 0.8426573426573427 0.021739130434782608 0.045454545454545456
1 0.8843873517786561 0.9877622377622378 0.043478260869565216 0.05244755244755245
1 0.8517786561264822 0.9370629370629371 0.03359683794466403 0.04895104895104895
1 0.9496047430830039 1.0454545454545454 0.043478260869565216 0.05944055944055944
2 0.4199604743083004 0.7604895104895105 0.18181818181818182 0.17832167832167833
2 0.1274703557312253 0.28846153846153844 0.039525691699604744 0.05944055944055944
2 0.11561264822134387 0.25 0.03162055335968379 0.04895104895104895
2 0.20355731225296442 0.3723776223776224 0.04940711462450593 0.06293706293706294
2 0.2618577075098814 0.4597902097902098 0.07114624505928854 0.07692307692307693
2 0.5444664031620553 0.7674825174825175 0.10276679841897234 0.1048951048951049
2 0.6452569169960475 0.8129370629370629 0.09486166007905138 0.08391608391608392
2 0.6818181818181818 0.8653846153846154 0.08102766798418973 0.09090909090909091
2 0.8043478260869565 0.9073426573426573 0.04940711462450593 0.055944055944055944
2 0.8527667984189723 0.9353146853146853 0.04743083003952569 0.05244755244755245
2 0.9565217391304348 1.0087412587412588 0.041501976284584984 0.038461538461538464
2 0.9515810276679841 1.0506993006993006 0.08300395256916997 0.06293706293706294
2 0.283596837944664 0.38986013986013984 0.03557312252964427 0.03496503496503497
3 0.41304347826086957 0.5174825174825175 0.06521739130434782 0.04895104895104895
