1 0.4743083003952569 0.7097902097902098 0.06126482213438735 0.10139860139860139
1 0.5790513833992095 0.8688811188811189 0.07312252964426877 0.15734265734265734
1 0.5691699604743083 0.8164335664335665 0.037549407114624504 0.11188811188811189
1 0.2134387351778656 0.4160839160839161 0.021739130434782608 0.09090909090909091
1 0.16205533596837945 0.3741258741258741 0.041501976284584984 0.09090909090909091
1 0.0800395256916996 0.3321678321678322 0.039525691699604744 0.11188811188811189
1 0.036561264822134384 0.3146853146853147 0.02766798418972332 0.07692307692307693
1 0.7707509881422925 1.0104895104895104 0.041501976284584984 0.12237762237762238
1 0.7835968379446641 0.951048951048951 0.023715415019762844 0.09090909090909091
1 0.9347826086956522 1.0874125874125875 0.021739130434782608 0.1048951048951049
1 0.967391304347826 1.1730769230769231 0.03557312252964427 0.12937062937062938
1 0.9318181818181818 1.06993006993007 0.02766798418972332 0.08391608391608392
1 0.9229249011857708 1.0122377622377623 0.021739130434782608 0.05944055944055944
1 0.8260869565217391 0.9090909090909091 0.017786561264822136 0.07692307692307693
1 0.08992094861660078 0.27797202797202797 0.023715415019762844 0.07342657342657342
1 0.1324110671936759 0.29895104895104896 0.021739130434782608 0.07342657342657342
1 0.043478260869565216 0.2937062937062937 0.03359683794466403 0.08741258741258741
1 0.19960474308300397 0.38286713286713286 0.037549407114624504 0.06293706293706294
1 0.22727272727272727 0.40734265734265734 0.017786561264822136 0.08391608391608392
1 0.2381422924901186 0.3986013986013986 0.023715415019762844 0.06643356643356643
1 0.22233201581027667 0.3723776223776224 0.015810276679841896 0.05944055944055944
1 0.5079051383399209 0.715034965034965 0.0533596837944664 0.0944055944055944
1 0.7460474308300395 0.8776223776223776 0.039525691699604744 0.07692307692307693
1 0.9792490118577075 1.0891608391608392 0.03162055335968379 0.07692307692307693
1 0.9614624505928854 1.0262237762237763 0.019762845849802372 0.055944055944055944
1 0.9407114624505929 1.0017482517482517 0.017786561264822136 0.055944055944055944
1 0.04743083003952569 0.243006993006993 0.025691699604743084 0.05944055944055944
1 0.05731225296442688 0.20804195804195805 0.025691699604743084 0.04195804195804196
1 0.22826086956521738 0.34965034965034963 0.023715415019762844 0.045454545454545456
1 0.25790513833992096 0.715034965034965 0.09881422924901186 0.1048951048951049
1 0.6739130434782609 0.756993006993007 0.029644268774703556 0.045454545454545456
2 0.4041501976284585 0.7237762237762237 0.1541501976284585 0.18181818181818182
2 0.7114624505928854 0.9405594405594405 0.10474308300395258 0.13286713286713286
2 0.5405138339920948 0.763986013986014 0.13438735177865613 0.08041958041958042
2 0.30039525691699603 0.5174825174825175 0.09288537549407115 0.1048951048951049
2 0.10573122529644269 0.2692307692307692 0.039525691699604744 0.055944055944055944
2 0.16699604743083005 0.3339160839160839 0.04743083003952569 0.055944055944055944
2 0.10177865612648221 0.2534965034965035 0.03162055335968379 0.027972027972027972
2 0.15217391304347827 0.29545454545454547 0.029644268774703556 0.045454545454545456
2 0.19268774703557312 0.3409090909090909 0.05138339920948617 0.055944055944055944
2 0.7391304347826086 0.8548951048951049 0.06126482213438735 0.06643356643356643
2 0.7776679841897233 0.9055944055944056 0.07114624505928854 0.055944055944055944
2 0.7855731225296443 0.8828671328671329 0.043478260869565216 0.04895104895104895
2 0.2776679841897233 0.4143356643356643 0.06324110671936758 0.05944055944055944
2 0.3547430830039526 0.4825174825174825 0.06719367588932806 0.038461538461538464
2 0.1482213438735178 0.27797202797202797 0.029644268774703556 0.027972027972027972
2 0.8873517786561265 0.9877622377622378 0.045454545454545456 0.05944055944055944
2 0.7865612648221344 0.8618881118881119 0.0533596837944664 0.045454545454545456
2 0.8972332015810277 0.9615384615384616 0.045454545454545456 0.03496503496503497
2 0.9594861660079052 1.0174825174825175 0.05533596837944664 0.038461538461538464
4 0.10177865612648221 0.4737762237762238 0.18972332015810275 0.38461538461538464
4 0.8507905138339921 1.0 0.09881422924901186 0.16083916083916083
2 0.6136363636363636 0.7097902097902098 0.05928853754940711 0.04195804195804196
4 0.5286561264822134 0.6171328671328671 0.05533596837944664 0.05944055944055944
1 0.43379446640316205 0.527972027972028 0.023715415019762844 0.038461538461538464
