1 0.4950592885375494 0.5856643356643356 0.09486166007905138 0.18181818181818182
1 0.9071146245059288 0.4160839160839161 0.037549407114624504 0.13636363636363635
1 0.9229249011857708 0.20454545454545456 0.025691699604743084 0.08391608391608392
1 0.9031620553359684 0.08391608391608392 0.021739130434782608 0.06643356643356643
1 0.9357707509881423 0.08741258741258741 0.019762845849802372 0.06643356643356643
1 0.9664031620553359 0.08566433566433566 0.01383399209486166 0.055944055944055944
1 0.9802371541501976 0.06818181818181818 0.017786561264822136 0.055944055944055944
1 0.3725296442687747 0.4755244755244755 0.05928853754940711 0.15734265734265734
1 0.3804347826086957 0.6853146853146853 0.09090909090909091 0.2202797202797203
1 0.2648221343873518 0.5209790209790209 0.07312252964426877 0.17132867132867133
1 0.17588932806324112 0.4090909090909091 0.05731225296442688 0.13636363636363635
1 0.0741106719367589 0.3741258741258741 0.04743083003952569 0.12237762237762238
1 0.25296442687747034 0.15734265734265734 0.045454545454545456 0.07342657342657342
2 0.2440711462450593 0.30594405594405594 0.13438735177865613 0.1258741258741259
2 0.08399209486166008 0.243006993006993 0.06719367588932806 0.0979020979020979
2 0.04743083003952569 0.2937062937062937 0.06521739130434782 0.10839160839160839
0 0.6343873517786561 0.033216783216783216 0.01383399209486166 0.04195804195804196
