3 0.2826086956521739 0.26573426573426573 0.5138339920948617 0.5979020979020979
0 0.8023715415019763 0.2692307692307692 0.02766798418972332 0.10139860139860139
1 0.932806324110672 0.12237762237762238 0.025691699604743084 0.07342657342657342
1 0.1225296442687747 0.36713286713286714 0.05731225296442688 0.12937062937062938
1 0.07509881422924901 0.3776223776223776 0.05731225296442688 0.15034965034965034
1 0.05533596837944664 0.3321678321678322 0.045454545454545456 0.12237762237762238
1 0.12055335968379446 0.32517482517482516 0.05533596837944664 0.1048951048951049
1 0.15217391304347827 0.27972027972027974 0.045454545454545456 0.12237762237762238
2 0.2075098814229249 0.24825174825174826 0.11264822134387352 0.13986013986013987
2 0.029644268774703556 0.17132867132867133 0.09683794466403162 0.12237762237762238
