1 0.13142292490118576 0.4527972027972028 0.05138339920948617 0.20279720279720279
1 0.045454545454545456 0.3304195804195804 0.05731225296442688 0.16433566433566432
1 0.2549407114624506 0.48426573426573427 0.041501976284584984 0.13636363636363635
1 0.325098814229249 0.5629370629370629 0.043478260869565216 0.15734265734265734
1 0.15019762845849802 0.3111888111888112 0.025691699604743084 0.05944055944055944
1 0.39624505928853754 0.5506993006993007 0.02766798418972332 0.11888111888111888
1 0.12549407114624506 0.270979020979021 0.02766798418972332 0.09090909090909091
1 0.040513833992094864 0.16083916083916083 0.023715415019762844 0.06993006993006994
1 0.0958498023715415 0.21853146853146854 0.023715415019762844 0.06293706293706294
1 0.18181818181818182 0.3006993006993007 0.029644268774703556 0.07342657342657342
1 0.17391304347826086 0.3076923076923077 0.021739130434782608 0.06993006993006994
1 0.2618577075098814 0.3916083916083916 0.02766798418972332 0.07692307692307693
1 0.22035573122529645 0.34615384615384615 0.019762845849802372 0.05244755244755245
1 0.2490118577075099 0.34440559440559443 0.017786561264822136 0.06293706293706294
1 0.30237154150197626 0.4458041958041958 0.03359683794466403 0.08391608391608392
1 0.34782608695652173 0.479020979020979 0.025691699604743084 0.07692307692307693
1 0.43280632411067194 0.5524475524475524 0.03359683794466403 0.10839160839160839
1 0.5820158102766798 0.7062937062937062 0.02766798418972332 0.0979020979020979
1 0.5543478260869565 0.6643356643356644 0.023715415019762844 0.08391608391608392
1 0.5247035573122529 0.5926573426573427 0.015810276679841896 0.05944055944055944
1 0.283596837944664 0.36013986013986016 0.02766798418972332 0.04895104895104895
1 0.591897233201581 0.6433566433566433 0.019762845849802372 0.05244755244755245
1 0.8468379446640316 0.9527972027972028 0.05928853754940711 0.0979020979020979
1 0.9229249011857708 1.0611888111888113 0.0691699604743083 0.10839160839160839
1 0.9624505928853755 1.1276223776223777 0.07312252964426877 0.11888111888111888
1 0.8695652173913043 1.0262237762237763 0.06126482213438735 0.11888111888111888
2 0.13339920948616601 0.3531468531468531 0.09486166007905138 0.17132867132867133
2 0.21442687747035574 0.3916083916083916 0.08695652173913043 0.0944055944055944
2 0.11561264822134387 0.2395104895104895 0.07114624505928854 0.07692307692307693
2 0.2974308300395257 0.43006993006993005 0.07509881422924901 0.0944055944055944
2 0.3359683794466403 0.45454545454545453 0.06521739130434782 0.06293706293706294
2 0.38735177865612647 0.493006993006993 0.041501976284584984 0.09090909090909091
2 0.3784584980237154 0.46853146853146854 0.04743083003952569 0.05244755244755245
2 0.34980237154150196 0.4353146853146853 0.06521739130434782 0.04195804195804196
2 0.43478260869565216 0.5087412587412588 0.03359683794466403 0.06293706293706294
2 0.4644268774703557 0.5559440559440559 0.041501976284584984 0.07342657342657342
2 0.508893280632411 0.5751748251748252 0.05928853754940711 0.04895104895104895
2 0.5780632411067194 0.6276223776223776 0.05533596837944664 0.055944055944055944
2 0.6383399209486166 0.6835664335664335 0.06126482213438735 0.04895104895104895
2 0.7134387351778656 0.7587412587412588 0.06126482213438735 0.04195804195804196
2 0.7727272727272727 0.8059440559440559 0.04940711462450593 0.038461538461538464
4 0.16403162055335968 0.2674825174825175 0.08498023715415019 0.10139860139860139
2 0.7045454545454546 0.8951048951048951 0.17391304347826086 0.14685314685314685
2 0.6887351778656127 0.8479020979020979 0.1422924901185771 0.0979020979020979
2 0.733201581027668 0.8618881118881119 0.1007905138339921 0.1048951048951049
2 0.5938735177865613 0.6993006993006993 0.07509881422924901 0.10839160839160839
