2 0.8003952569169961 0.32867132867132864 0.11067193675889328 0.2097902097902098
2 0.8952569169960475 0.15384615384615385 0.07312252964426877 0.14335664335664336
2 0.9268774703557312 0.10139860139860139 0.0533596837944664 0.08391608391608392
2 0.9446640316205533 0.05944055944055944 0.04743083003952569 0.06993006993006994
2 0.8735177865612648 0.03146853146853147 0.05533596837944664 0.08391608391608392
2 0.849802371541502 0.0944055944055944 0.05138339920948617 0.07342657342657342
2 0.8221343873517787 0.13986013986013987 0.06521739130434782 0.0979020979020979
2 0.6047430830039525 0.24825174825174826 0.1600790513833992 0.1993006993006993
2 0.41106719367588934 0.6188811188811189 0.32806324110671936 0.34615384615384615
2 0.10474308300395258 0.506993006993007 0.21739130434782608 0.16083916083916083
2 0.007905138339920948 0.36363636363636365 0.1383399209486166 0.20279720279720279
2 0.7727272727272727 0.1853146853146853 0.08695652173913043 0.16083916083916083
4 0.08300395256916997 0.5699300699300699 0.4723320158102767 0.4230769230769231
1 0.6936758893280632 0.5944055944055944 0.08300395256916997 0.21328671328671328
1 0.924901185770751 0.8321678321678322 0.0691699604743083 0.16083916083916083
1 0.8201581027667985 0.8881118881118881 0.07114624505928854 0.1048951048951049
1 0.6007905138339921 0.479020979020979 0.04940711462450593 0.17482517482517482
1 0.5652173913043478 0.3741258741258741 0.03557312252964427 0.17482517482517482
1 0.5079051383399209 0.43006993006993005 0.04940711462450593 0.16433566433566432
1 0.4426877470355731 0.3811188811188811 0.05138339920948617 0.15384615384615385
1 0.41304347826086957 0.35664335664335667 0.045454545454545456 0.13636363636363635
1 0.4644268774703557 0.2972027972027972 0.06126482213438735 0.11188811188811189
1 0.5217391304347826 0.3111888111888112 0.043478260869565216 0.13636363636363635
1 0.5573122529644269 0.2727272727272727 0.05138339920948617 0.11188811188811189
1 0.5928853754940712 0.2517482517482518 0.037549407114624504 0.0944055944055944
1 0.6521739130434783 0.21328671328671328 0.02766798418972332 0.07692307692307693
1 0.766798418972332 0.16083916083916083 0.015810276679841896 0.08741258741258741
1 0.7470355731225297 0.13986013986013987 0.019762845849802372 0.08041958041958042
1 0.7845849802371542 0.12237762237762238 0.019762845849802372 0.08391608391608392
1 0.808300395256917 0.12237762237762238 0.017786561264822136 0.06993006993006994
1 0.883399209486166 0.2762237762237762 0.029644268774703556 0.0944055944055944
1 0.8735177865612648 0.2202797202797203 0.021739130434782608 0.11538461538461539
1 0.22332015810276679 0.2902097902097902 0.06324110671936758 0.11188811188811189
1 0.20948616600790515 0.2692307692307692 0.03359683794466403 0.0944055944055944
1 0.191699604743083 0.23076923076923078 0.03162055335968379 0.0979020979020979
1 0.16205533596837945 0.2517482517482518 0.039525691699604744 0.10139860139860139
1 0.13636363636363635 0.35664335664335667 0.0533596837944664 0.13286713286713286
1 0.10474308300395258 0.2937062937062937 0.05533596837944664 0.0944055944055944
1 0.13636363636363635 0.2692307692307692 0.04743083003952569 0.0979020979020979
1 0.12450592885375494 0.22377622377622378 0.03359683794466403 0.08391608391608392
1 0.07312252964426877 0.1993006993006993 0.045454545454545456 0.08391608391608392
1 0.0691699604743083 0.26573426573426573 0.04743083003952569 0.0944055944055944
1 0.045454545454545456 0.3006993006993007 0.03162055335968379 0.07342657342657342
1 0.009881422924901186 0.25874125874125875 0.045454545454545456 0.10139860139860139
1 0.017786561264822136 0.1958041958041958 0.037549407114624504 0.08741258741258741
1 0.7154150197628458 0.1853146853146853 0.03162055335968379 0.07342657342657342
