1 0.0800395256916996 0.43006993006993005 0.05533596837944664 0.13636363636363635
1 0.7796442687747036 0.3513986013986014 0.03557312252964427 0.11888111888111888
1 0.8586956521739131 0.36013986013986016 0.039525691699604744 0.11538461538461539
1 0.8646245059288538 0.4982517482517482 0.04743083003952569 0.14685314685314685
1 0.9090909090909091 0.3583916083916084 0.03359683794466403 0.1258741258741259
1 0.9298418972332015 0.2395104895104895 0.023715415019762844 0.09090909090909091
1 0.9130434782608695 0.20104895104895104 0.025691699604743084 0.07692307692307693
1 0.8517786561264822 0.21853146853146854 0.025691699604743084 0.07692307692307693
1 0.8567193675889329 0.15734265734265734 0.023715415019762844 0.07342657342657342
1 0.8725296442687747 0.13636363636363635 0.019762845849802372 0.06643356643356643
1 0.8685770750988142 0.08041958041958042 0.015810276679841896 0.05244755244755245
1 0.8863636363636364 0.07342657342657342 0.015810276679841896 0.05244755244755245
1 0.9357707509881423 0.13636363636363635 0.019762845849802372 0.06643356643356643
2 0.9090909090909091 0.11013986013986014 0.045454545454545456 0.07692307692307693
1 0.9693675889328063 0.10139860139860139 0.019762845849802372 0.05244755244755245
2 0.17193675889328064 0.2902097902097902 0.12845849802371542 0.10839160839160839
2 0.11166007905138339 0.32167832167832167 0.09486166007905138 0.10839160839160839
1 0.24802371541501977 0.16083916083916083 0.03557312252964427 0.06643356643356643
1 0.7895256916996047 0.270979020979021 0.02766798418972332 0.06993006993006994
