1 0.14031620553359683 0.6031468531468531 0.0533596837944664 0.16083916083916083
1 0.0533596837944664 0.6013986013986014 0.05731225296442688 0.15034965034965034
1 0.09288537549407115 0.5052447552447552 0.037549407114624504 0.13986013986013987
1 0.043478260869565216 0.34965034965034963 0.041501976284584984 0.08741258741258741
1 0.03260869565217391 0.263986013986014 0.023715415019762844 0.07692307692307693
1 0.08992094861660078 0.30594405594405594 0.023715415019762844 0.07692307692307693
1 0.16996047430830039 0.3409090909090909 0.029644268774703556 0.08391608391608392
1 0.16996047430830039 0.4527972027972028 0.029644268774703556 0.11888111888111888
1 0.2025691699604743 0.3706293706293706 0.03162055335968379 0.0944055944055944
1 0.21442687747035574 0.33916083916083917 0.019762845849802372 0.08041958041958042
1 0.2519762845849802 0.36363636363636365 0.03557312252964427 0.08741258741258741
1 0.2707509881422925 0.3339160839160839 0.017786561264822136 0.08391608391608392
1 0.30335968379446643 0.36538461538461536 0.04743083003952569 0.07692307692307693
1 0.3231225296442688 0.42832167832167833 0.02766798418972332 0.1048951048951049
1 0.4268774703557312 0.5454545454545454 0.037549407114624504 0.15734265734265734
1 0.44367588932806323 0.49125874125874125 0.05138339920948617 0.1258741258741259
1 0.47134387351778656 0.4527972027972028 0.06324110671936758 0.1048951048951049
1 0.3893280632411067 0.3706293706293706 0.025691699604743084 0.0944055944055944
1 0.31126482213438733 0.25 0.03162055335968379 0.06293706293706294
1 0.5108695652173914 0.34615384615384615 0.015810276679841896 0.08041958041958042
1 0.5385375494071146 0.33916083916083917 0.019762845849802372 0.07342657342657342
1 0.5474308300395256 0.3618881118881119 0.017786561264822136 0.06993006993006994
1 0.5533596837944664 0.4090909090909091 0.045454545454545456 0.0944055944055944
1 0.5800395256916996 0.4020979020979021 0.039525691699604744 0.10139860139860139
1 0.5681818181818182 0.32167832167832167 0.015810276679841896 0.06643356643356643
1 0.6037549407114624 0.3776223776223776 0.043478260869565216 0.08041958041958042
1 0.6205533596837944 0.3479020979020979 0.029644268774703556 0.09090909090909091
1 0.682806324110672 0.42482517482517484 0.06324110671936758 0.09090909090909091
1 0.7272727272727273 0.4825174825174825 0.06521739130434782 0.11538461538461539
1 0.741106719367589 0.4195804195804196 0.05731225296442688 0.08741258741258741
1 0.6956521739130435 0.3793706293706294 0.04940711462450593 0.08391608391608392
1 0.6719367588932806 0.3583916083916084 0.041501976284584984 0.07692307692307693
1 0.8191699604743083 0.42657342657342656 0.05533596837944664 0.10139860139860139
1 0.849802371541502 0.4632867132867133 0.07312252964426877 0.1048951048951049
1 0.8913043478260869 0.44755244755244755 0.06521739130434782 0.10139860139860139
1 0.9733201581027668 0.458041958041958 0.039525691699604744 0.0944055944055944
2 0.6057312252964426 0.6503496503496503 0.21739130434782608 0.1853146853146853
2 0.5405138339920948 0.5034965034965035 0.07509881422924901 0.17832167832167833
2 0.466403162055336 0.42482517482517484 0.13636363636363635 0.11188811188811189
2 0.34881422924901184 0.3304195804195804 0.09486166007905138 0.1048951048951049
2 0.12154150197628459 0.263986013986014 0.05928853754940711 0.06293706293706294
2 0.12154150197628459 0.21153846153846154 0.06719367588932806 0.04895104895104895
2 0.41205533596837945 0.32167832167832167 0.09881422924901186 0.08741258741258741
2 0.4772727272727273 0.291958041958042 0.04743083003952569 0.08391608391608392
2 0.5316205533596838 0.2762237762237762 0.04940711462450593 0.06643356643356643
2 0.5019762845849802 0.22202797202797203 0.025691699604743084 0.04895104895104895
2 0.6136363636363636 0.22552447552447552 0.05138339920948617 0.04195804195804196
4 0.22035573122529645 0.26573426573426573 0.1067193675889328 0.11538461538461539
4 0.4575098814229249 0.22202797202797203 0.06719367588932806 0.08391608391608392
