1 0.24011857707509882 0.6346153846153846 0.09090909090909091 0.22727272727272727
1 0.12450592885375494 0.4423076923076923 0.09288537549407115 0.16783216783216784
1 0.21047430830039526 0.5017482517482518 0.06324110671936758 0.1888111888111888
1 0.11264822134387352 0.30594405594405594 0.037549407114624504 0.11188811188811189
1 0.06225296442687747 0.21503496503496503 0.03162055335968379 0.09090909090909091
1 0.16996047430830039 0.34615384615384615 0.029644268774703556 0.11888111888111888
1 0.2124505928853755 0.3881118881118881 0.03557312252964427 0.1258741258741259
1 0.13636363636363635 0.25524475524475526 0.025691699604743084 0.06993006993006994
1 0.19960474308300397 0.3356643356643357 0.029644268774703556 0.08741258741258741
1 0.3814229249011858 0.5472027972027972 0.04940711462450593 0.10839160839160839
1 0.2509881422924901 0.39335664335664333 0.025691699604743084 0.0979020979020979
1 0.29446640316205536 0.43006993006993005 0.025691699604743084 0.0979020979020979
1 0.26679841897233203 0.38636363636363635 0.029644268774703556 0.07692307692307693
1 0.25592885375494073 0.3706293706293706 0.03162055335968379 0.05944055944055944
1 0.29545454545454547 0.40734265734265734 0.02766798418972332 0.07692307692307693
1 0.6383399209486166 0.7954545454545454 0.06126482213438735 0.11188811188811189
1 0.7341897233201581 0.8566433566433567 0.05533596837944664 0.0944055944055944
1 0.700592885375494 0.798951048951049 0.039525691699604744 0.08391608391608392
1 0.7786561264822134 0.8881118881118881 0.0533596837944664 0.08741258741258741
1 0.8557312252964426 0.9895104895104895 0.06126482213438735 0.11538461538461539
1 0.8804347826086957 0.9877622377622378 0.05533596837944664 0.0944055944055944
1 0.4298418972332016 0.5052447552447552 0.019762845849802372 0.05244755244755245
1 0.3221343873517787 0.42657342657342656 0.025691699604743084 0.06993006993006994
1 0.3409090909090909 0.4405594405594406 0.02766798418972332 0.07342657342657342
1 0.21541501976284586 0.2972027972027972 0.029644268774703556 0.05244755244755245
1 0.40711462450592883 0.46503496503496505 0.029644268774703556 0.045454545454545456
1 0.4772727272727273 0.5769230769230769 0.019762845849802372 0.08741258741258741
1 0.5276679841897233 0.5699300699300699 0.021739130434782608 0.05244755244755245
1 0.43774703557312256 0.4755244755244755 0.019762845849802372 0.05244755244755245
2 0.5187747035573123 0.6311188811188811 0.05138339920948617 0.0979020979020979
2 0.4160079051383399 0.5227272727272727 0.043478260869565216 0.08391608391608392
2 0.3438735177865613 0.4370629370629371 0.07707509881422925 0.05944055944055944
2 0.5662055335968379 0.6346153846153846 0.04743083003952569 0.055944055944055944
2 0.6195652173913043 0.6783216783216783 0.06324110671936758 0.04195804195804196
1 0.6067193675889329 0.6555944055944056 0.021739130434782608 0.05244755244755245
4 0.48023715415019763 0.5472027972027972 0.05731225296442688 0.11188811188811189
4 0.08102766798418973 0.19405594405594406 0.1007905138339921 0.1048951048951049
3 0.5079051383399209 0.534965034965035 0.037549407114624504 0.04895104895104895
