1 0.5938735177865613 0.8286713286713286 0.09486166007905138 0.1993006993006993
1 0.35079051383399207 0.5559440559440559 0.07905138339920949 0.17832167832167833
1 0.2183794466403162 0.42832167832167833 0.07114624505928854 0.17482517482517482
1 0.08596837944664032 0.28146853146853146 0.05138339920948617 0.13286713286713286
1 0.1383399209486166 0.30594405594405594 0.04940711462450593 0.12937062937062938
1 0.18280632411067194 0.3111888111888112 0.043478260869565216 0.11538461538461539
1 0.23023715415019763 0.3881118881118881 0.05138339920948617 0.12237762237762238
1 0.25592885375494073 0.38286713286713286 0.043478260869565216 0.11888111888111888
1 0.8764822134387352 0.8618881118881119 0.019762845849802372 0.08391608391608392
1 0.9239130434782609 0.9125874125874126 0.02766798418972332 0.08041958041958042
1 0.8725296442687747 0.833916083916084 0.023715415019762844 0.06293706293706294
1 0.8913043478260869 0.8444055944055944 0.021739130434782608 0.06293706293706294
1 0.9239130434782609 0.8653846153846154 0.019762845849802372 0.06643356643356643
2 0.08399209486166008 0.2062937062937063 0.06324110671936758 0.07692307692307693
1 0.24703557312252963 0.29895104895104896 0.03359683794466403 0.06293706293706294
