1 0.021739130434782608 0.6818181818181818 0.05731225296442688 0.15384615384615385
1 0.1422924901185771 0.7132867132867133 0.06719367588932806 0.17132867132867133
1 0.1422924901185771 0.5804195804195804 0.03359683794466403 0.13636363636363635
1 0.12450592885375494 0.9020979020979021 0.09090909090909091 0.09090909090909091
1 0.2608695652173913 0.6433566433566433 0.03359683794466403 0.14685314685314685
1 0.13636363636363635 0.45454545454545453 0.025691699604743084 0.0979020979020979
1 0.03557312252964427 0.4090909090909091 0.023715415019762844 0.08741258741258741
1 0.011857707509881422 0.3811188811188811 0.019762845849802372 0.06643356643356643
1 0.05731225296442688 0.3741258741258741 0.019762845849802372 0.07342657342657342
1 0.0691699604743083 0.36013986013986016 0.015810276679841896 0.06293706293706294
1 0.17786561264822134 0.47202797202797203 0.02766798418972332 0.08391608391608392
1 0.233201581027668 0.45454545454545453 0.03162055335968379 0.0979020979020979
1 0.3181818181818182 0.5174825174825175 0.029644268774703556 0.11888111888111888
1 0.30632411067193677 0.493006993006993 0.029644268774703556 0.08041958041958042
1 0.30039525691699603 0.40559440559440557 0.041501976284584984 0.07692307692307693
1 0.2648221343873518 0.3706293706293706 0.029644268774703556 0.05944055944055944
1 0.2015810276679842 0.3356643356643357 0.019762845849802372 0.06993006993006994
1 0.4743083003952569 0.3916083916083916 0.043478260869565216 0.08041958041958042
1 0.5869565217391305 0.5909090909090909 0.041501976284584984 0.12937062937062938
1 0.6067193675889329 0.6398601398601399 0.05138339920948617 0.12237762237762238
1 0.6146245059288538 0.6678321678321678 0.0533596837944664 0.15034965034965034
1 0.7075098814229249 0.5559440559440559 0.041501976284584984 0.11888111888111888
1 0.758893280632411 0.5769230769230769 0.039525691699604744 0.11888111888111888
1 0.8003952569169961 0.6293706293706294 0.04940711462450593 0.13636363636363635
1 0.7608695652173914 0.5 0.03162055335968379 0.0979020979020979
1 0.7766798418972332 0.3916083916083916 0.03359683794466403 0.06643356643356643
1 0.7470355731225297 0.36013986013986016 0.021739130434782608 0.055944055944055944
1 0.8438735177865613 0.32867132867132864 0.017786561264822136 0.05244755244755245
1 0.8636363636363636 0.32167832167832167 0.01383399209486166 0.045454545454545456
1 0.8735177865612648 0.32517482517482516 0.01383399209486166 0.04895104895104895
1 0.8913043478260869 0.3321678321678322 0.021739130434782608 0.045454545454545456
1 0.9486166007905138 0.3951048951048951 0.019762845849802372 0.07342657342657342
1 0.3695652173913043 0.27972027972027974 0.017786561264822136 0.038461538461538464
1 0.7885375494071146 0.3111888111888112 0.025691699604743084 0.05244755244755245
1 0.9150197628458498 0.34615384615384615 0.017786561264822136 0.05244755244755245
1 0.9229249011857708 0.32517482517482516 0.019762845849802372 0.04895104895104895
1 0.6679841897233202 0.3006993006993007 0.021739130434782608 0.045454545454545456
2 0.09090909090909091 0.34265734265734266 0.04940711462450593 0.08391608391608392
2 0.1067193675889328 0.2692307692307692 0.06324110671936758 0.04895104895104895
2 0.15217391304347827 0.3356643356643357 0.03557312252964427 0.04895104895104895
2 0.1442687747035573 0.3776223776223776 0.05533596837944664 0.06993006993006994
2 0.17588932806324112 0.5559440559440559 0.11462450592885376 0.15384615384615385
2 0.37351778656126483 0.6223776223776224 0.16205533596837945 0.15734265734265734
2 0.5375494071146245 0.513986013986014 0.116600790513834 0.11538461538461539
2 0.9169960474308301 0.3811188811188811 0.07707509881422925 0.06993006993006994
-1 0.41304347826086957 0.7167832167832168 0.15019762845849802 0.24825174825174826
2 0.2984189723320158 0.27972027972027974 0.05928853754940711 0.045454545454545456
2 0.41304347826086957 0.26573426573426573 0.04743083003952569 0.038461538461538464
