1 0.567193675889328 0.7482517482517482 0.13438735177865613 0.23776223776223776
1 0.49407114624505927 0.6188811188811189 0.1007905138339921 0.20279720279720279
1 0.33201581027667987 0.5594405594405595 0.08695652173913043 0.21678321678321677
1 0.2766798418972332 0.47202797202797203 0.07114624505928854 0.16783216783216784
1 0.2015810276679842 0.506993006993007 0.06324110671936758 0.18181818181818182
1 0.1383399209486166 0.4020979020979021 0.0533596837944664 0.15734265734265734
1 0.2015810276679842 0.3741258741258741 0.0691699604743083 0.16083916083916083
1 0.191699604743083 0.2902097902097902 0.0533596837944664 0.11188811188811189
1 0.0533596837944664 0.3741258741258741 0.06324110671936758 0.13986013986013987
1 0.10474308300395258 0.32167832167832167 0.05533596837944664 0.12937062937062938
1 0.13438735177865613 0.3111888111888112 0.05138339920948617 0.11888111888111888
1 0.1007905138339921 0.24825174825174826 0.04743083003952569 0.0944055944055944
1 0.5296442687747036 0.26223776223776224 0.06324110671936758 0.1048951048951049
2 0.2964426877470356 0.2762237762237762 0.17786561264822134 0.16433566433566432
2 0.3201581027667984 0.3951048951048951 0.23122529644268774 0.27972027972027974
1 0.8636363636363636 0.15734265734265734 0.025691699604743084 0.08391608391608392
2 0.8735177865612648 0.03496503496503497 0.043478260869565216 0.06293706293706294
