1 0.7233201581027668 0.43356643356643354 0.09881422924901186 0.14685314685314685
1 0.6442687747035574 0.4965034965034965 0.1007905138339921 0.16783216783216784
1 0.5770750988142292 0.4195804195804196 0.09090909090909091 0.15384615384615385
1 0.6126482213438735 0.3146853146853147 0.039525691699604744 0.13636363636363635
1 0.7351778656126482 0.16783216783216784 0.03162055335968379 0.09090909090909091
1 0.7687747035573123 0.5174825174825175 0.11067193675889328 0.13636363636363635
1 0.8379446640316206 0.583916083916084 0.10869565217391304 0.18181818181818182
1 0.9229249011857708 0.5874125874125874 0.07114624505928854 0.11188811188811189
1 0.733201581027668 0.6538461538461539 0.1007905138339921 0.0979020979020979
1 0.5612648221343873 0.8356643356643356 0.1482213438735178 0.15734265734265734
1 0.4980237154150198 0.5244755244755245 0.10276679841897234 0.17832167832167833
1 0.42292490118577075 0.46503496503496505 0.08893280632411067 0.15734265734265734
1 0.5019762845849802 0.4370629370629371 0.08893280632411067 0.15734265734265734
1 0.4426877470355731 0.3531468531468531 0.08102766798418973 0.14685314685314685
1 0.35375494071146246 0.3741258741258741 0.06719367588932806 0.13636363636363635
1 0.3438735177865613 0.3076923076923077 0.05533596837944664 0.10839160839160839
1 0.2648221343873518 0.4020979020979021 0.07312252964426877 0.13636363636363635
1 0.17193675889328064 0.36363636363636365 0.06324110671936758 0.13286713286713286
1 0.23715415019762845 0.3356643356643357 0.0533596837944664 0.11538461538461539
1 0.19960474308300397 0.3006993006993007 0.041501976284584984 0.1048951048951049
1 0.233201581027668 0.2867132867132867 0.03557312252964427 0.09090909090909091
1 0.21146245059288538 0.2517482517482518 0.03162055335968379 0.07342657342657342
1 0.12648221343873517 0.32167832167832167 0.04940711462450593 0.11888111888111888
1 0.09881422924901186 0.27972027972027974 0.039525691699604744 0.10839160839160839
1 0.8596837944664032 0.20279720279720279 0.023715415019762844 0.11188811188811189
1 0.8774703557312253 0.17832167832167833 0.023715415019762844 0.0979020979020979
2 0.1956521739130435 0.7552447552447552 0.2984189723320158 0.23776223776223776
2 0.3201581027667984 0.6013986013986014 0.2391304347826087 0.2727272727272727
2 0.007905138339920948 0.3321678321678322 0.09090909090909091 0.16783216783216784
2 0.8992094861660079 0.15734265734265734 0.06126482213438735 0.10839160839160839
3 0.7786561264822134 0.11888111888111888 0.09288537549407115 0.17132867132867133
1 0.12648221343873517 0.21678321678321677 0.03557312252964427 0.08041958041958042
