2 0.28063241106719367 0.7657342657342657 0.3181818181818182 0.23426573426573427
2 0.3705533596837945 0.6940559440559441 0.2450592885375494 0.24825174825174826
2 0.1551383399209486 0.43006993006993005 0.1976284584980237 0.16783216783216784
2 0.3310276679841897 0.5541958041958042 0.16996047430830039 0.16083916083916083
2 0.7865612648221344 1.2325174825174825 0.4090909090909091 0.2762237762237762
2 0.08399209486166008 0.42482517482517484 0.1541501976284585 0.24825174825174826
2 0.039525691699604744 0.22202797202797203 0.06521739130434782 0.16433566433566432
2 0.039525691699604744 0.18181818181818182 0.06521739130434782 0.10839160839160839
2 0.9090909090909091 0.9265734265734266 0.08498023715415019 0.15034965034965034
1 0.7104743083003953 0.7307692307692307 0.023715415019762844 0.0979020979020979
1 0.7381422924901185 0.7534965034965035 0.023715415019762844 0.0944055944055944
1 0.758893280632411 0.7797202797202797 0.021739130434782608 0.10139860139860139
1 0.8438735177865613 0.8583916083916084 0.021739130434782608 0.1048951048951049
1 0.8152173913043478 0.8321678321678322 0.02766798418972332 0.10139860139860139
1 0.791501976284585 0.8041958041958042 0.023715415019762844 0.10839160839160839
1 0.7262845849802372 0.8898601398601399 0.09090909090909091 0.13636363636363635
1 0.5938735177865613 0.7325174825174825 0.07114624505928854 0.13286713286713286
1 0.5830039525691699 0.7884615384615384 0.09288537549407115 0.15734265734265734
1 0.5128458498023716 0.6818181818181818 0.06719367588932806 0.13986013986013987
1 0.5365612648221344 0.6818181818181818 0.07114624505928854 0.12237762237762238
1 0.43478260869565216 0.5821678321678322 0.0691699604743083 0.13286713286713286
1 0.7845849802371542 1.055944055944056 0.09288537549407115 0.11188811188811189
1 0.3942687747035573 0.5157342657342657 0.043478260869565216 0.0979020979020979
1 0.27865612648221344 0.4178321678321678 0.05731225296442688 0.11538461538461539
1 0.25889328063241107 0.3758741258741259 0.037549407114624504 0.0979020979020979
1 0.18972332015810275 0.3339160839160839 0.04940711462450593 0.11538461538461539
1 0.15019762845849802 0.26573426573426573 0.041501976284584984 0.10839160839160839
1 0.0958498023715415 0.21503496503496503 0.039525691699604744 0.0979020979020979
1 0.037549407114624504 0.1381118881118881 0.03359683794466403 0.08391608391608392
1 0.18972332015810275 0.29895104895104896 0.029644268774703556 0.07342657342657342
1 0.18478260869565216 0.46503496503496505 0.09486166007905138 0.17832167832167833
3 0.8537549407114624 1.0926573426573427 0.27865612648221344 0.3811188811188811
3 0.8330039525691699 0.8129370629370629 0.13438735177865613 0.19230769230769232
