1 0.8824110671936759 0.666083916083916 0.1225296442687747 0.17482517482517482
1 0.5988142292490118 0.6433566433566433 0.11264822134387352 0.17832167832167833
1 0.6274703557312253 0.48776223776223776 0.08695652173913043 0.15384615384615385
1 0.45948616600790515 0.458041958041958 0.05533596837944664 0.14335664335664336
1 0.5187747035573123 0.2972027972027972 0.04743083003952569 0.10839160839160839
1 0.3774703557312253 0.40559440559440557 0.0533596837944664 0.11538461538461539
1 0.33201581027667987 0.4562937062937063 0.06521739130434782 0.13986013986013987
1 0.30335968379446643 0.6433566433566433 0.09090909090909091 0.17832167832167833
1 0.22233201581027667 0.5244755244755245 0.06324110671936758 0.16433566433566432
1 0.12351778656126482 0.5454545454545454 0.07114624505928854 0.16433566433566432
1 0.2391304347826087 0.46153846153846156 0.06126482213438735 0.14335664335664336
1 0.17885375494071146 0.38986013986013984 0.05533596837944664 0.13986013986013987
1 0.1383399209486166 0.3356643356643357 0.045454545454545456 0.10839160839160839
1 0.15118577075098813 0.2744755244755245 0.043478260869565216 0.0979020979020979
1 0.02766798418972332 0.2727272727272727 0.037549407114624504 0.0944055944055944
1 0.7213438735177866 0.25 0.025691699604743084 0.0979020979020979
1 0.7598814229249012 0.2465034965034965 0.02766798418972332 0.0979020979020979
1 0.7944664031620553 0.25 0.025691699604743084 0.0979020979020979
1 0.8369565217391305 0.25874125874125875 0.02766798418972332 0.11538461538461539
1 0.9525691699604744 0.291958041958042 0.037549407114624504 0.11888111888111888
1 0.8181818181818182 0.21153846153846154 0.025691699604743084 0.0979020979020979
1 0.2865612648221344 0.38636363636363635 0.0533596837944664 0.11188811188811189
1 0.25889328063241107 0.3146853146853147 0.04940711462450593 0.10139860139860139
1 0.36561264822134387 0.3321678321678322 0.04940711462450593 0.10139860139860139
1 0.08498023715415019 0.34965034965034963 0.037549407114624504 0.10839160839160839
2 0.9090909090909091 0.2395104895104895 0.07707509881422925 0.13986013986013987
2 0.8586956521739131 0.16258741258741258 0.05928853754940711 0.1258741258741259
2 0.9288537549407114 0.15734265734265734 0.06126482213438735 0.10139860139860139
2 0.9545454545454546 0.13111888111888112 0.041501976284584984 0.09090909090909091
2 0.9575098814229249 0.07517482517482517 0.043478260869565216 0.06293706293706294
2 0.5632411067193676 0.9108391608391608 0.37351778656126483 0.16083916083916083
2 0.9110671936758893 0.9020979020979021 0.16403162055335968 0.17832167832167833
2 0.05039525691699605 0.40034965034965037 0.08695652173913043 0.16783216783216784
