1 0.09288537549407115 0.5437062937062938 0.116600790513834 0.17132867132867133
1 0.3883399209486166 0.708041958041958 0.06719367588932806 0.21678321678321677
1 0.21442687747035574 0.4423076923076923 0.05533596837944664 0.13636363636363635
1 0.10177865612648221 0.31643356643356646 0.039525691699604744 0.11888111888111888
1 0.15217391304347827 0.3531468531468531 0.03359683794466403 0.12237762237762238
1 0.05632411067193676 0.19755244755244755 0.02766798418972332 0.06993006993006994
1 0.07905138339920949 0.20279720279720279 0.017786561264822136 0.07342657342657342
1 0.03162055335968379 0.13986013986013987 0.017786561264822136 0.08041958041958042
1 0.366600790513834 0.6048951048951049 0.06719367588932806 0.12937062937062938
1 0.3448616600790514 0.5576923076923077 0.05533596837944664 0.11188811188811189
1 0.3241106719367589 0.5227272727272727 0.0533596837944664 0.11538461538461539
1 0.3814229249011858 0.5786713286713286 0.0533596837944664 0.12237762237762238
1 0.4624505928853755 0.6958041958041958 0.08102766798418973 0.13986013986013987
1 0.4654150197628458 0.6713286713286714 0.06324110671936758 0.11538461538461539
1 0.516798418972332 0.7255244755244755 0.06324110671936758 0.13286713286713286
1 0.5484189723320159 0.6765734265734266 0.02766798418972332 0.1048951048951049
1 0.6699604743083004 0.8146853146853147 0.0533596837944664 0.10139860139860139
1 0.6452569169960475 0.736013986013986 0.023715415019762844 0.08741258741258741
1 0.7480237154150198 0.8706293706293706 0.05533596837944664 0.10839160839160839
1 0.8023715415019763 0.9073426573426573 0.0533596837944664 0.08741258741258741
1 0.9150197628458498 1.0594405594405594 0.07312252964426877 0.1258741258741259
1 0.8873517786561265 1.013986013986014 0.06521739130434782 0.0979020979020979
1 0.9693675889328063 1.0944055944055944 0.043478260869565216 0.11538461538461539
1 0.9367588932806324 1.0437062937062938 0.05731225296442688 0.09090909090909091
1 0.9703557312252964 1.062937062937063 0.045454545454545456 0.08741258741258741
2 0.34980237154150196 0.4982517482517482 0.08498023715415019 0.08741258741258741
1 0.22826086956521738 0.38986013986013984 0.02766798418972332 0.10839160839160839
1 0.2756916996047431 0.40559440559440557 0.019762845849802372 0.1048951048951049
1 0.3142292490118577 0.4632867132867133 0.03359683794466403 0.0944055944055944
1 0.36264822134387353 0.5157342657342657 0.03557312252964427 0.08041958041958042
1 0.18972332015810275 0.3111888111888112 0.025691699604743084 0.08391608391608392
1 0.10177865612648221 0.23776223776223776 0.02766798418972332 0.08391608391608392
1 0.12154150197628459 0.2692307692307692 0.015810276679841896 0.08741258741258741
1 0.22529644268774704 0.3479020979020979 0.025691699604743084 0.07692307692307693
1 0.24604743083003952 0.3776223776223776 0.02766798418972332 0.0979020979020979
1 0.10770750988142293 0.19055944055944055 0.015810276679841896 0.05244755244755245
1 0.16996047430830039 0.2692307692307692 0.029644268774703556 0.06993006993006994
1 0.3142292490118577 0.38636363636363635 0.03359683794466403 0.04195804195804196
1 0.33893280632411066 0.42482517482517484 0.023715415019762844 0.055944055944055944
1 0.35968379446640314 0.4527972027972028 0.01383399209486166 0.05244755244755245
1 0.5177865612648221 0.6188811188811189 0.021739130434782608 0.0944055944055944
1 0.42193675889328064 0.4982517482517482 0.015810276679841896 0.06293706293706294
1 0.45652173913043476 0.5192307692307693 0.017786561264822136 0.06293706293706294
1 0.4654150197628458 0.5716783216783217 0.02766798418972332 0.07342657342657342
1 0.391304347826087 0.46153846153846156 0.017786561264822136 0.06643356643356643
1 0.39822134387351776 0.4527972027972028 0.019762845849802372 0.055944055944055944
2 0.5513833992094862 0.6555944055944056 0.07707509881422925 0.07692307692307693
1 0.22233201581027667 0.29895104895104896 0.03162055335968379 0.045454545454545456
2 0.15316205533596838 0.32867132867132864 0.06324110671936758 0.1048951048951049
2 0.14130434782608695 0.2727272727272727 0.06324110671936758 0.08391608391608392
2 0.25889328063241107 0.3776223776223776 0.0691699604743083 0.07692307692307693
2 0.41304347826086957 0.548951048951049 0.08102766798418973 0.07692307692307693
2 0.3577075098814229 0.43006993006993005 0.045454545454545456 0.05944055944055944
2 0.4644268774703557 0.6433566433566433 0.10869565217391304 0.0944055944055944
2 0.4871541501976285 0.6206293706293706 0.05533596837944664 0.09090909090909091
2 0.4851778656126482 0.5821678321678322 0.04743083003952569 0.06643356643356643
2 0.5335968379446641 0.5996503496503497 0.03359683794466403 0.055944055944055944
2 0.4772727272727273 0.548951048951049 0.06719367588932806 0.055944055944055944
4 0.6067193675889329 0.666083916083916 0.09288537549407115 0.07342657342657342
3 0.4743083003952569 0.5472027972027972 0.10869565217391304 0.05244755244755245
