1 0.10573122529644269 0.8164335664335665 0.043478260869565216 0.11188811188811189
1 0.09782608695652174 0.5804195804195804 0.03162055335968379 0.11538461538461539
1 0.13043478260869565 0.534965034965035 0.03359683794466403 0.0944055944055944
1 0.1007905138339921 0.5 0.025691699604743084 0.0944055944055944
1 0.11462450592885376 0.46503496503496505 0.021739130434782608 0.05944055944055944
1 0.07608695652173914 0.40734265734265734 0.023715415019762844 0.06993006993006994
1 0.058300395256917 0.40559440559440557 0.019762845849802372 0.06643356643356643
1 0.22134387351778656 0.47202797202797203 0.025691699604743084 0.08041958041958042
1 0.24308300395256918 0.5034965034965035 0.025691699604743084 0.0944055944055944
1 0.2924901185770751 0.548951048951049 0.029644268774703556 0.10139860139860139
1 0.2608695652173913 0.4143356643356643 0.017786561264822136 0.07692307692307693
1 0.23221343873517786 0.4195804195804196 0.019762845849802372 0.06643356643356643
1 0.16699604743083005 0.3618881118881119 0.015810276679841896 0.055944055944055944
1 0.18774703557312253 0.36713286713286714 0.021739130434782608 0.06643356643356643
1 0.208498023715415 0.3548951048951049 0.015810276679841896 0.055944055944055944
1 0.22826086956521738 0.36538461538461536 0.015810276679841896 0.04895104895104895
1 0.024703557312252964 0.4020979020979021 0.015810276679841896 0.038461538461538464
1 0.4673913043478261 0.4230769230769231 0.043478260869565216 0.07342657342657342
1 0.4308300395256917 0.9318181818181818 0.08893280632411067 0.11888111888111888
1 0.5849802371541502 0.9248251748251748 0.07707509881422925 0.13286713286713286
1 0.5592885375494071 0.6940559440559441 0.0533596837944664 0.1258741258741259
1 0.5701581027667985 0.6153846153846154 0.05138339920948617 0.11538461538461539
1 0.607707509881423 0.5821678321678322 0.03557312252964427 0.1048951048951049
1 0.5968379446640316 0.4597902097902098 0.04940711462450593 0.07692307692307693
1 0.6482213438735178 0.7534965034965035 0.06126482213438735 0.13986013986013987
1 0.6590909090909091 0.8426573426573427 0.06324110671936758 0.16433566433566432
1 0.7144268774703557 0.6590909090909091 0.04743083003952569 0.13286713286713286
1 0.8270750988142292 0.7604895104895105 0.04743083003952569 0.16083916083916083
1 0.8824110671936759 0.8321678321678322 0.05533596837944664 0.17132867132867133
1 0.7648221343873518 0.45104895104895104 0.025691699604743084 0.08041958041958042
1 0.7203557312252964 0.38986013986013984 0.023715415019762844 0.06293706293706294
1 0.8142292490118577 0.4493006993006993 0.017786561264822136 0.08391608391608392
1 0.9426877470355731 0.479020979020979 0.029644268774703556 0.08041958041958042
1 0.932806324110672 0.4388111888111888 0.03359683794466403 0.07692307692307693
1 0.7549407114624506 0.3479020979020979 0.01383399209486166 0.04895104895104895
1 0.7835968379446641 0.35664335664335667 0.019762845849802372 0.05944055944055944
1 0.8053359683794467 0.35664335664335667 0.015810276679841896 0.05244755244755245
1 0.8270750988142292 0.3688811188811189 0.019762845849802372 0.04895104895104895
1 0.849802371541502 0.3758741258741259 0.01383399209486166 0.055944055944055944
1 0.8903162055335968 0.3793706293706294 0.019762845849802372 0.055944055944055944
2 0.8656126482213439 0.4405594405594406 0.06126482213438735 0.08041958041958042
2 0.9654150197628458 0.3583916083916084 0.039525691699604744 0.04895104895104895
2 0.8557312252964426 0.31643356643356646 0.05731225296442688 0.03496503496503497
2 0.8369565217391305 0.30244755244755245 0.05138339920948617 0.03496503496503497
2 0.908102766798419 0.3146853146853147 0.04743083003952569 0.038461538461538464
2 0.6067193675889329 0.30244755244755245 0.0533596837944664 0.04195804195804196
2 0.5484189723320159 0.2972027972027972 0.05138339920948617 0.03146853146853147
2 0.34782608695652173 0.3006993006993007 0.0533596837944664 0.03146853146853147
2 0.29150197628458496 0.3094405594405594 0.05138339920948617 0.04195804195804196
2 0.13339920948616601 0.4405594405594406 0.06324110671936758 0.08741258741258741
2 0.024703557312252964 0.5314685314685315 0.03557312252964427 0.10839160839160839
2 0.037549407114624504 0.46678321678321677 0.06521739130434782 0.09090909090909091
3 0.6650197628458498 0.3111888111888112 0.07114624505928854 0.05944055944055944
2 0.14723320158102768 0.3321678321678322 0.03557312252964427 0.05244755244755245
3 0.23122529644268774 0.3094405594405594 0.05731225296442688 0.055944055944055944
2 0.3438735177865613 0.270979020979021 0.045454545454545456 0.03496503496503497
2 0.26976284584980237 0.26573426573426573 0.043478260869565216 0.038461538461538464
4 0.08794466403162056 0.34965034965034963 0.07114624505928854 0.10139860139860139
2 0.1808300395256917 0.9073426573426573 0.22924901185770752 0.16783216783216784
2 0.4367588932806324 0.6293706293706294 0.17588932806324112 0.17132867132867133
