1 0.6758893280632411 0.47202797202797203 0.11067193675889328 0.15384615384615385
1 0.950592885375494 0.6538461538461539 0.043478260869565216 0.0944055944055944
1 0.924901185770751 0.3076923076923077 0.043478260869565216 0.12937062937062938
1 0.6956521739130435 0.26223776223776224 0.037549407114624504 0.12237762237762238
1 0.7628458498023716 0.17132867132867133 0.02766798418972332 0.11188811188811189
1 0.7252964426877471 0.1888111888111888 0.03359683794466403 0.10139860139860139
1 0.7055335968379447 0.17132867132867133 0.023715415019762844 0.10839160839160839
1 0.49604743083003955 0.2692307692307692 0.06521739130434782 0.11538461538461539
1 0.3893280632411067 0.42657342657342656 0.08498023715415019 0.16083916083916083
1 0.33992094861660077 0.3146853146853147 0.06126482213438735 0.12237762237762238
1 0.21146245059288538 0.2972027972027972 0.05533596837944664 0.11538461538461539
1 0.15019762845849802 0.24475524475524477 0.04743083003952569 0.11188811188811189
1 0.12845849802371542 0.33916083916083917 0.05928853754940711 0.11188811188811189
1 0.06521739130434782 0.26223776223776224 0.045454545454545456 0.1048951048951049
1 0.09090909090909091 0.2202797202797203 0.03359683794466403 0.10839160839160839
1 0.029644268774703556 0.2097902097902098 0.039525691699604744 0.0979020979020979
1 0.8023715415019763 0.14685314685314685 0.017786561264822136 0.08041958041958042
1 0.8241106719367589 0.1048951048951049 0.015810276679841896 0.07342657342657342
1 0.8399209486166008 0.05944055944055944 0.015810276679841896 0.05944055944055944
1 0.8181818181818182 0.06643356643356643 0.017786561264822136 0.04895104895104895
1 0.8142292490118577 0.36013986013986016 0.001976284584980237 0.006993006993006993
