1 0.116600790513834 0.36713286713286714 0.03359683794466403 0.11538461538461539
1 0.15316205533596838 0.36363636363636365 0.023715415019762844 0.09090909090909091
1 0.05039525691699605 0.23601398601398602 0.015810276679841896 0.06993006993006994
1 0.03557312252964427 0.21678321678321677 0.01383399209486166 0.06993006993006994
1 0.40019762845849804 0.6800699300699301 0.07509881422924901 0.12937062937062938
1 0.42193675889328064 0.75 0.05928853754940711 0.16433566433566432
1 0.4397233201581028 0.6433566433566433 0.05928853754940711 0.09090909090909091
1 0.25296442687747034 0.4230769230769231 0.029644268774703556 0.08391608391608392
1 0.3132411067193676 0.48776223776223776 0.039525691699604744 0.08041958041958042
1 0.3409090909090909 0.506993006993007 0.03557312252964427 0.06993006993006994
1 0.7480237154150198 0.8863636363636364 0.043478260869565216 0.06993006993006994
1 0.7312252964426877 0.8374125874125874 0.017786561264822136 0.06293706293706294
1 0.09980237154150198 0.2517482517482518 0.015810276679841896 0.05244755244755245
1 0.07015810276679842 0.23251748251748253 0.015810276679841896 0.04895104895104895
1 0.13636363636363635 0.28321678321678323 0.01383399209486166 0.045454545454545456
1 0.8379446640316206 0.9458041958041958 0.017786561264822136 0.06993006993006994
1 0.892292490118577 0.9947552447552448 0.019762845849802372 0.07342657342657342
1 0.9100790513833992 1.0 0.019762845849802372 0.055944055944055944
1 0.9308300395256917 1.0367132867132867 0.025691699604743084 0.08041958041958042
1 0.9762845849802372 1.0856643356643356 0.025691699604743084 0.07692307692307693
1 0.9466403162055336 1.0314685314685315 0.021739130434782608 0.06293706293706294
1 0.9664031620553359 1.0524475524475525 0.021739130434782608 0.055944055944055944
1 0.983201581027668 1.0751748251748252 0.019762845849802372 0.04895104895104895
2 0.09881422924901186 0.5297202797202797 0.18774703557312253 0.23776223776223776
2 0.20355731225296442 0.3986013986013986 0.0533596837944664 0.11188811188811189
2 0.11758893280632411 0.3321678321678322 0.05138339920948617 0.08041958041958042
2 0.11462450592885376 0.3041958041958042 0.045454545454545456 0.04895104895104895
2 0.17292490118577075 0.34615384615384615 0.05138339920948617 0.07342657342657342
2 0.10770750988142293 0.2395104895104895 0.02766798418972332 0.04895104895104895
2 0.5849802371541502 0.9178321678321678 0.18379446640316205 0.20279720279720279
2 0.7944664031620553 0.916083916083916 0.05731225296442688 0.08391608391608392
2 0.825098814229249 0.9318181818181818 0.07509881422924901 0.06293706293706294
2 0.8982213438735178 1.0017482517482517 0.06719367588932806 0.05244755244755245
2 0.642292490118577 0.736013986013986 0.05731225296442688 0.04195804195804196
2 0.741106719367589 0.8269230769230769 0.05731225296442688 0.038461538461538464
2 0.825098814229249 0.8986013986013986 0.05928853754940711 0.045454545454545456
2 0.9209486166007905 0.9912587412587412 0.03359683794466403 0.038461538461538464
2 0.08794466403162056 0.23776223776223776 0.03162055335968379 0.04895104895104895
2 0.22727272727272727 0.3776223776223776 0.06521739130434782 0.05944055944055944
2 0.30138339920948615 0.4090909090909091 0.039525691699604744 0.038461538461538464
