1 0.8280632411067194 0.5716783216783217 0.116600790513834 0.15384615384615385
1 0.717391304347826 0.5699300699300699 0.10869565217391304 0.15034965034965034
1 0.6086956521739131 0.5017482517482518 0.09288537549407115 0.14685314685314685
1 0.4723320158102767 0.5402097902097902 0.09288537549407115 0.15384615384615385
1 0.4298418972332016 0.4597902097902098 0.07114624505928854 0.11888111888111888
1 0.2964426877470356 0.38636363636363635 0.06521739130434782 0.11888111888111888
1 0.191699604743083 0.38461538461538464 0.0533596837944664 0.12237762237762238
1 0.16106719367588934 0.4493006993006993 0.06719367588932806 0.13986013986013987
1 0.1324110671936759 0.5611888111888111 0.07707509881422925 0.15384615384615385
1 0.11264822134387352 0.38286713286713286 0.04940711462450593 0.11888111888111888
1 0.11166007905138339 0.3339160839160839 0.05138339920948617 0.0979020979020979
1 0.7223320158102767 0.2517482517482518 0.023715415019762844 0.10139860139860139
1 0.7579051383399209 0.23776223776223776 0.02766798418972332 0.11538461538461539
1 0.7905138339920948 0.25 0.025691699604743084 0.11188811188811189
1 0.7480237154150198 0.16958041958041958 0.023715415019762844 0.07692307692307693
1 0.7806324110671937 0.17482517482517482 0.021739130434782608 0.08041958041958042
1 0.8063241106719368 0.16433566433566432 0.017786561264822136 0.06643356643356643
1 0.3774703557312253 0.28846153846153844 0.045454545454545456 0.07692307692307693
1 0.9486166007905138 0.7097902097902098 0.08893280632411067 0.14335664335664336
1 0.45454545454545453 0.7814685314685315 0.10869565217391304 0.20279720279720279
2 0.9110671936758893 0.2202797202797203 0.07707509881422925 0.13636363636363635
2 0.8369565217391305 0.1888111888111888 0.07114624505928854 0.10139860139860139
2 0.8764822134387352 0.1258741258741259 0.05138339920948617 0.0944055944055944
2 0.9436758893280632 0.15034965034965034 0.05533596837944664 0.10839160839160839
2 0.8982213438735178 0.07692307692307693 0.039525691699604744 0.05944055944055944
2 0.3359683794466403 0.8636363636363636 0.34189723320158105 0.25524475524475526
2 0.1482213438735178 0.291958041958042 0.1482213438735178 0.1258741258741259
2 0.7302371541501976 0.8094405594405595 0.35177865612648224 0.34965034965034963
0 0.48320158102766797 0.22552447552447552 0.023715415019762844 0.08391608391608392
