1 0.03359683794466403 0.7255244755244755 0.06126482213438735 0.1958041958041958
1 0.2075098814229249 0.3321678321678322 0.03359683794466403 0.08041958041958042
1 0.11561264822134387 0.3723776223776224 0.02766798418972332 0.09090909090909091
1 0.9565217391304348 0.4807692307692308 0.0691699604743083 0.11188811188811189
1 0.9565217391304348 0.6870629370629371 0.07312252964426877 0.14685314685314685
1 0.932806324110672 0.8758741258741258 0.116600790513834 0.22377622377622378
1 0.5642292490118577 0.6328671328671329 0.08695652173913043 0.16433566433566432
1 0.24209486166007904 0.3793706293706294 0.03557312252964427 0.09090909090909091
1 0.5464426877470355 0.4423076923076923 0.03162055335968379 0.1048951048951049
1 0.030632411067193676 0.243006993006993 0.023715415019762844 0.06293706293706294
1 0.2924901185770751 0.4825174825174825 0.029644268774703556 0.12937062937062938
1 0.15019762845849802 0.2867132867132867 0.017786561264822136 0.07342657342657342
1 0.05434782608695652 0.28146853146853146 0.023715415019762844 0.06293706293706294
1 0.5217391304347826 0.36538461538461536 0.025691699604743084 0.09090909090909091
1 0.4140316205533597 0.4143356643356643 0.02766798418972332 0.09090909090909091
1 0.2924901185770751 0.20104895104895104 0.029644268774703556 0.04195804195804196
1 0.08794466403162056 0.1958041958041958 0.019762845849802372 0.05244755244755245
1 0.08992094861660078 0.29545454545454547 0.023715415019762844 0.06993006993006994
1 0.12648221343873517 0.25 0.029644268774703556 0.06293706293706294
1 0.4891304347826087 0.34265734265734266 0.023715415019762844 0.06643356643356643
1 0.5503952569169961 0.32867132867132864 0.02766798418972332 0.06643356643356643
1 0.19268774703557312 0.2937062937062937 0.02766798418972332 0.06643356643356643
1 0.3241106719367589 0.21153846153846154 0.029644268774703556 0.04895104895104895
1 0.5770750988142292 0.2902097902097902 0.021739130434782608 0.05944055944055944
1 0.5849802371541502 0.3374125874125874 0.021739130434782608 0.055944055944055944
1 0.28063241106719367 0.38986013986013984 0.041501976284584984 0.07692307692307693
1 0.32608695652173914 0.3968531468531469 0.037549407114624504 0.09090909090909091
1 0.2648221343873518 0.44755244755244755 0.03359683794466403 0.10839160839160839
1 0.5217391304347826 0.27797202797202797 0.021739130434782608 0.06293706293706294
1 0.35276679841897235 0.3776223776223776 0.023715415019762844 0.05944055944055944
1 0.3824110671936759 0.3688811188811189 0.03162055335968379 0.06293706293706294
1 0.32707509881422925 0.26223776223776224 0.023715415019762844 0.045454545454545456
1 0.3824110671936759 0.25524475524475526 0.019762845849802372 0.045454545454545456
1 0.4199604743083004 0.32167832167832167 0.019762845849802372 0.07342657342657342
1 0.3715415019762846 0.21503496503496503 0.017786561264822136 0.055944055944055944
1 0.39723320158102765 0.21503496503496503 0.017786561264822136 0.055944055944055944
1 0.2450592885375494 0.29895104895104896 0.017786561264822136 0.06993006993006994
1 0.4051383399209486 0.3304195804195804 0.017786561264822136 0.06993006993006994
2 0.36561264822134387 0.4807692307692308 0.08102766798418973 0.1888111888111888
2 0.5889328063241107 0.4160839160839161 0.06521739130434782 0.10839160839160839
2 0.4525691699604743 0.3776223776223776 0.05731225296442688 0.10139860139860139
2 0.48023715415019763 0.43356643356643354 0.06521739130434782 0.12937062937062938
2 0.5 0.24125874125874125 0.037549407114624504 0.07342657342657342
2 0.642292490118577 0.3741258741258741 0.07707509881422925 0.10139860139860139
2 0.2885375494071146 0.32867132867132864 0.08102766798418973 0.08741258741258741
2 0.5869565217391305 0.229020979020979 0.07312252964426877 0.055944055944055944
2 0.6640316205533597 0.22727272727272727 0.06126482213438735 0.05244755244755245
4 0.21640316205533597 0.23251748251748253 0.09881422924901186 0.0979020979020979
4 0.7598814229249012 0.2097902097902098 0.08695652173913043 0.05944055944055944
1 0.4199604743083004 0.21328671328671328 0.015810276679841896 0.045454545454545456
1 0.4397233201581028 0.21678321678321677 0.019762845849802372 0.05944055944055944
1 0.23616600790513834 0.5244755244755245 0.04743083003952569 0.14335664335664336
