2 0.16600790513833993 0.7062937062937062 0.1857707509881423 0.21328671328671328
2 0.0533596837944664 0.44405594405594406 0.1007905138339921 0.13286713286713286
2 0.35177865612648224 0.527972027972028 0.1600790513833992 0.19230769230769232
2 0.6620553359683794 0.458041958041958 0.09881422924901186 0.11188811188811189
2 0.11067193675889328 0.35664335664335667 0.05928853754940711 0.07692307692307693
2 0.2648221343873518 0.2902097902097902 0.0533596837944664 0.04895104895104895
2 0.20948616600790515 0.3146853146853147 0.041501976284584984 0.04895104895104895
2 0.6225296442687747 0.3041958041958042 0.0533596837944664 0.03146853146853147
2 0.5849802371541502 0.4195804195804196 0.09881422924901186 0.06293706293706294
2 0.733201581027668 0.2937062937062937 0.05928853754940711 0.03496503496503497
2 0.6640316205533597 0.2937062937062937 0.039525691699604744 0.045454545454545456
2 0.691699604743083 0.2867132867132867 0.03359683794466403 0.038461538461538464
2 0.5909090909090909 0.28321678321678323 0.04940711462450593 0.03496503496503497
2 0.5335968379446641 0.28321678321678323 0.05138339920948617 0.03496503496503497
1 0.5454545454545454 0.5454545454545454 0.039525691699604744 0.11888111888111888
1 0.6007905138339921 0.5209790209790209 0.03162055335968379 0.11538461538461539
1 0.6106719367588933 0.7902097902097902 0.06324110671936758 0.1888111888111888
1 0.7687747035573123 0.6818181818181818 0.045454545454545456 0.14335664335664336
1 0.7391304347826086 0.5244755244755245 0.03162055335968379 0.10839160839160839
1 0.8023715415019763 0.4230769230769231 0.02766798418972332 0.0944055944055944
1 0.6245059288537549 0.43006993006993005 0.03162055335968379 0.09090909090909091
1 0.8359683794466403 0.3741258741258741 0.019762845849802372 0.07342657342657342
1 0.8656126482213439 0.36363636363636365 0.021739130434782608 0.055944055944055944
1 0.8853754940711462 0.45454545454545453 0.019762845849802372 0.09090909090909091
1 0.9071146245059288 0.3916083916083916 0.019762845849802372 0.07342657342657342
1 0.9347826086956522 0.36013986013986016 0.019762845849802372 0.06293706293706294
1 0.950592885375494 0.44755244755244755 0.019762845849802372 0.0944055944055944
1 0.9703557312252964 0.42657342657342656 0.019762845849802372 0.07692307692307693
1 0.31225296442687744 0.4195804195804196 0.02766798418972332 0.09090909090909091
1 0.4031620553359684 0.458041958041958 0.0533596837944664 0.08391608391608392
1 0.2984189723320158 0.3741258741258741 0.03162055335968379 0.06643356643356643
1 0.23122529644268774 0.36363636363636365 0.023715415019762844 0.06293706293706294
1 0.1976284584980237 0.3916083916083916 0.039525691699604744 0.06993006993006994
1 0.20355731225296442 0.32517482517482516 0.019762845849802372 0.07342657342657342
1 0.10276679841897234 0.4020979020979021 0.02766798418972332 0.04195804195804196
1 0.15019762845849802 0.4020979020979021 0.02766798418972332 0.06993006993006994
1 0.03557312252964427 0.42657342657342656 0.02766798418972332 0.08041958041958042
1 0.025691699604743084 0.3706293706293706 0.01383399209486166 0.05244755244755245
1 0.03162055335968379 0.34265734265734266 0.019762845849802372 0.055944055944055944
1 0.04940711462450593 0.32867132867132864 0.015810276679841896 0.05944055944055944
1 0.06521739130434782 0.33916083916083917 0.017786561264822136 0.055944055944055944
1 0.08300395256916997 0.34265734265734266 0.017786561264822136 0.06293706293706294
1 0.34782608695652173 0.28321678321678323 0.019762845849802372 0.04195804195804196
1 0.7015810276679841 0.3776223776223776 0.021739130434782608 0.07342657342657342
1 0.8043478260869565 0.2972027972027972 0.019762845849802372 0.038461538461538464
1 0.8596837944664032 0.2902097902097902 0.023715415019762844 0.045454545454545456
1 0.8260869565217391 0.2937062937062937 0.029644268774703556 0.03146853146853147
1 0.15612648221343872 0.2692307692307692 0.017786561264822136 0.038461538461538464
1 0.17193675889328064 0.2517482517482518 0.015810276679841896 0.038461538461538464
1 0.07509881422924901 0.2867132867132867 0.015810276679841896 0.05244755244755245
4 0.691699604743083 0.32517482517482516 0.09486166007905138 0.10139860139860139
4 0.8774703557312253 0.2902097902097902 0.06521739130434782 0.0944055944055944
2 0.3300395256916996 0.2692307692307692 0.05928853754940711 0.045454545454545456
2 0.2391304347826087 0.24475524475524477 0.025691699604743084 0.03146853146853147
2 0.274703557312253 0.24825174825174826 0.039525691699604744 0.038461538461538464
