1 0.6818181818181818 0.38461538461538464 0.04940711462450593 0.15384615384615385
1 0.8162055335968379 0.1888111888111888 0.029644268774703556 0.1048951048951049
1 0.3458498023715415 0.5174825174825175 0.06719367588932806 0.1993006993006993
1 0.7233201581027668 0.7657342657342657 0.11462450592885376 0.23076923076923078
1 0.18379446640316205 0.7097902097902098 0.09683794466403162 0.15734265734265734
1 0.1600790513833992 0.8496503496503497 0.10869565217391304 0.14685314685314685
1 0.43280632411067194 0.21328671328671328 0.05731225296442688 0.11538461538461539
1 0.7213438735177866 0.17832167832167833 0.021739130434782608 0.07342657342657342
1 0.7450592885375494 0.2097902097902098 0.021739130434782608 0.08741258741258741
1 0.7747035573122529 0.13286713286713286 0.019762845849802372 0.09090909090909091
1 0.9169960474308301 0.07692307692307693 0.017786561264822136 0.07342657342657342
1 0.8478260869565217 0.05944055944055944 0.015810276679841896 0.05944055944055944
3 0.575098814229249 0.23076923076923078 0.17984189723320157 0.20279720279720279
2 0.7094861660079052 0.4125874125874126 0.16798418972332016 0.3076923076923077
2 0.8023715415019763 0.2727272727272727 0.12648221343873517 0.2202797202797203
2 0.8735177865612648 0.16783216783216784 0.0691699604743083 0.11188811188811189
2 0.9209486166007905 0.12237762237762238 0.05731225296442688 0.0979020979020979
2 0.8537549407114624 0.08041958041958042 0.05928853754940711 0.10839160839160839
2 0.932806324110672 0.08741258741258741 0.041501976284584984 0.045454545454545456
2 0.9110671936758893 0.02097902097902098 0.037549407114624504 0.05244755244755245
2 0.9565217391304348 0.06293706293706294 0.03162055335968379 0.06293706293706294
2 0.007905138339920948 0.3321678321678322 0.17588932806324112 0.17132867132867133
