1 0.12055335968379446 0.41083916083916083 0.037549407114624504 0.13286713286713286
1 0.19268774703557312 0.4562937062937063 0.03557312252964427 0.11888111888111888
1 0.2608695652173913 0.6381118881118881 0.07312252964426877 0.17132867132867133
1 0.13142292490118576 0.3706293706293706 0.023715415019762844 0.08741258741258741
1 0.17193675889328064 0.40734265734265734 0.029644268774703556 0.0944055944055944
1 0.2924901185770751 0.5664335664335665 0.045454545454545456 0.12937062937062938
1 0.05928853754940711 0.25 0.029644268774703556 0.06993006993006994
1 0.08102766798418973 0.26048951048951047 0.017786561264822136 0.06643356643356643
1 0.18181818181818182 0.38286713286713286 0.025691699604743084 0.08041958041958042
1 0.17786561264822134 0.35664335664335667 0.017786561264822136 0.06643356643356643
1 0.4278656126482213 0.7377622377622378 0.06324110671936758 0.17132867132867133
1 0.41007905138339923 0.8461538461538461 0.07905138339920949 0.0944055944055944
1 0.4792490118577075 0.7797202797202797 0.05928853754940711 0.15034965034965034
1 0.5227272727272727 0.8758741258741258 0.07905138339920949 0.17132867132867133
1 0.5869565217391305 0.9982517482517482 0.09288537549407115 0.11888111888111888
1 0.5553359683794467 0.7954545454545454 0.05731225296442688 0.12937062937062938
1 0.39624505928853754 0.5874125874125874 0.043478260869565216 0.07342657342657342
1 0.4407114624505929 0.6206293706293706 0.045454545454545456 0.08391608391608392
1 0.6946640316205533 0.8181818181818182 0.03162055335968379 0.06643356643356643
1 0.7796442687747036 0.9195804195804196 0.023715415019762844 0.08741258741258741
1 0.7658102766798419 0.8653846153846154 0.015810276679841896 0.055944055944055944
1 0.8310276679841897 0.9370629370629371 0.02766798418972332 0.06293706293706294
1 0.8517786561264822 1.0402097902097902 0.041501976284584984 0.10139860139860139
1 0.9179841897233202 1.1888111888111887 0.04743083003952569 0.15384615384615385
1 0.9575098814229249 1.1346153846153846 0.03557312252964427 0.1048951048951049
1 0.9239130434782609 1.0769230769230769 0.023715415019762844 0.0944055944055944
1 0.932806324110672 1.0506993006993006 0.029644268774703556 0.07692307692307693
1 0.8843873517786561 0.9807692307692307 0.023715415019762844 0.06643356643356643
2 0.8379446640316206 0.9458041958041958 0.06521739130434782 0.05944055944055944
2 0.6778656126482213 0.8898601398601399 0.116600790513834 0.1258741258741259
2 0.7154150197628458 0.8811188811188811 0.07707509881422925 0.08041958041958042
2 0.883399209486166 0.9597902097902098 0.045454545454545456 0.045454545454545456
2 0.27865612648221344 0.5174825174825175 0.10869565217391304 0.13636363636363635
2 0.2549407114624506 0.45104895104895104 0.09288537549407115 0.08391608391608392
2 0.1383399209486166 0.34265734265734266 0.06126482213438735 0.0944055944055944
2 0.13537549407114624 0.29545454545454547 0.03162055335968379 0.06293706293706294
2 0.12351778656126482 0.25874125874125875 0.02766798418972332 0.04895104895104895
2 0.191699604743083 0.3339160839160839 0.05731225296442688 0.045454545454545456
2 0.2865612648221344 0.42482517482517484 0.06521739130434782 0.04195804195804196
2 0.34881422924901184 0.4632867132867133 0.05138339920948617 0.05244755244755245
2 0.3774703557312253 0.4965034965034965 0.05731225296442688 0.04195804195804196
2 0.5701581027667985 0.6678321678321678 0.06324110671936758 0.055944055944055944
2 0.6758893280632411 0.7657342657342657 0.045454545454545456 0.045454545454545456
1 0.7065217391304348 0.7902097902097902 0.023715415019762844 0.04195804195804196
1 0.7391304347826086 0.8199300699300699 0.025691699604743084 0.04895104895104895
1 0.7697628458498024 0.8479020979020979 0.019762845849802372 0.045454545454545456
2 0.49110671936758893 0.6870629370629371 0.1067193675889328 0.07692307692307693
