2 0.8794466403162056 0.3618881118881119 0.1007905138339921 0.16783216783216784
2 0.808300395256917 0.24825174825174826 0.09683794466403162 0.15734265734265734
2 0.9100790513833992 0.23251748251748253 0.09090909090909091 0.13986013986013987
2 0.849802371541502 0.15384615384615385 0.06521739130434782 0.10839160839160839
2 0.8913043478260869 0.11013986013986014 0.045454545454545456 0.07692307692307693
2 0.941699604743083 0.1590909090909091 0.05138339920948617 0.08391608391608392
2 0.7944664031620553 0.8583916083916084 0.3102766798418972 0.25874125874125875
2 0.1442687747035573 0.7674825174825175 0.24308300395256918 0.2937062937062937
2 0.47035573122529645 0.6905594405594405 0.2628458498023715 0.25874125874125875
2 0.11067193675889328 0.3356643356643357 0.12055335968379446 0.15034965034965034
2 0.2924901185770751 0.9370629370629371 0.2707509881422925 0.10839160839160839
1 0.8794466403162056 0.6888111888111889 0.08102766798418973 0.21328671328671328
1 0.775691699604743 0.4982517482517482 0.05138339920948617 0.16783216783216784
1 0.7183794466403162 0.6031468531468531 0.06324110671936758 0.2097902097902098
1 0.6798418972332015 0.5594405594405595 0.045454545454545456 0.1993006993006993
1 0.6847826086956522 0.4458041958041958 0.043478260869565216 0.1258741258741259
1 0.708498023715415 0.3916083916083916 0.03557312252964427 0.15034965034965034
1 0.6195652173913043 0.5017482517482518 0.04743083003952569 0.16783216783216784
1 0.5830039525691699 0.4807692307692308 0.041501976284584984 0.15384615384615385
1 0.6225296442687747 0.4020979020979021 0.037549407114624504 0.0944055944055944
1 0.5385375494071146 0.4353146853146853 0.043478260869565216 0.13986013986013987
1 0.5039525691699605 0.5034965034965035 0.09288537549407115 0.15034965034965034
1 0.4792490118577075 0.4318181818181818 0.05533596837944664 0.1048951048951049
1 0.4535573122529644 0.3723776223776224 0.05138339920948617 0.1048951048951049
1 0.549407114624506 0.30244755244755245 0.06521739130434782 0.11188811188811189
1 0.6976284584980237 0.2465034965034965 0.025691699604743084 0.0979020979020979
1 0.7203557312252964 0.26573426573426573 0.03162055335968379 0.10839160839160839
1 0.75 0.25 0.023715415019762844 0.11188811188811189
1 0.8073122529644269 0.12412587412587413 0.023715415019762844 0.07692307692307693
1 0.7786561264822134 0.16958041958041958 0.021739130434782608 0.07692307692307693
1 0.4150197628458498 0.506993006993007 0.08102766798418973 0.12237762237762238
1 0.35276679841897235 0.47027972027972026 0.07509881422924901 0.13286713286713286
1 0.3181818181818182 0.7167832167832168 0.09288537549407115 0.1993006993006993
1 0.5247035573122529 0.8531468531468531 0.13043478260869565 0.1993006993006993
1 0.15019762845849802 0.5559440559440559 0.06521739130434782 0.15034965034965034
1 0.2183794466403162 0.6293706293706294 0.07509881422924901 0.17832167832167833
1 0.1650197628458498 0.2727272727272727 0.043478260869565216 0.0944055944055944
1 0.09387351778656126 0.23601398601398602 0.03162055335968379 0.06293706293706294
1 0.038537549407114624 0.2534965034965035 0.043478260869565216 0.09090909090909091
2 0.2025691699604743 0.4965034965034965 0.233201581027668 0.2202797202797203
1 0.21936758893280633 0.291958041958042 0.04940711462450593 0.0979020979020979
1 0.40810276679841895 0.33916083916083917 0.039525691699604744 0.11538461538461539
4 0.30632411067193677 0.3479020979020979 0.18379446640316205 0.21678321678321677
