0 0.5019762845849802 0.1888111888111888 0.015810276679841896 0.07692307692307693
0 0.48616600790513836 0.17482517482517482 0.015810276679841896 0.08391608391608392
1 0.9545454545454546 0.07342657342657342 0.015810276679841896 0.05944055944055944
1 0.7984189723320159 0.8671328671328671 0.1482213438735178 0.1258741258741259
1 0.43280632411067194 0.6048951048951049 0.09683794466403162 0.2202797202797203
1 0.38537549407114624 0.5174825174825175 0.07114624505928854 0.15034965034965034
1 0.2075098814229249 0.4195804195804196 0.07509881422924901 0.16783216783216784
1 0.11067193675889328 0.36013986013986016 0.05731225296442688 0.15734265734265734
1 0.07707509881422925 0.32167832167832167 0.03557312252964427 0.11888111888111888
1 0.011857707509881422 0.3321678321678322 0.02766798418972332 0.07692307692307693
2 0.31620553359683795 0.3146853146853147 0.16403162055335968 0.16083916083916083
2 0.1324110671936759 0.3111888111888112 0.16403162055335968 0.15384615384615385
2 0.11067193675889328 0.22377622377622378 0.12845849802371542 0.0979020979020979
1 0.22727272727272727 0.1258741258741259 0.04940711462450593 0.06643356643356643
