1 0.10276679841897234 0.7185314685314685 0.08102766798418973 0.23776223776223776
1 0.3606719367588933 0.3583916083916084 0.02766798418972332 0.08391608391608392
1 0.19861660079051383 0.39335664335664333 0.043478260869565216 0.1048951048951049
1 0.325098814229249 0.43006993006993005 0.03162055335968379 0.11538461538461539
1 0.17984189723320157 0.4772727272727273 0.03359683794466403 0.13286713286713286
1 0.2618577075098814 0.4755244755244755 0.03162055335968379 0.12937062937062938
1 0.14130434782608695 0.513986013986014 0.03557312252964427 0.13636363636363635
1 0.7519762845849802 0.479020979020979 0.07509881422924901 0.11538461538461539
1 0.5790513833992095 0.5506993006993007 0.07312252964426877 0.13986013986013987
1 0.42391304347826086 0.24475524475524477 0.019762845849802372 0.05944055944055944
1 0.046442687747035576 0.28146853146853146 0.023715415019762844 0.07692307692307693
1 0.38735177865612647 0.3129370629370629 0.025691699604743084 0.07692307692307693
1 0.6235177865612648 0.3356643356643357 0.039525691699604744 0.07342657342657342
1 0.18873517786561264 0.2867132867132867 0.039525691699604744 0.07342657342657342
1 0.1492094861660079 0.3094405594405594 0.039525691699604744 0.08391608391608392
1 0.383399209486166 0.5174825174825175 0.06521739130434782 0.14335664335664336
1 0.3942687747035573 0.23251748251748253 0.019762845849802372 0.04895104895104895
1 0.5484189723320159 0.4807692307692308 0.06324110671936758 0.11888111888111888
1 0.5197628458498024 0.44755244755244755 0.04940711462450593 0.10139860139860139
1 0.5642292490118577 0.2674825174825175 0.02766798418972332 0.06993006993006994
2 0.4288537549407115 0.3583916083916084 0.0533596837944664 0.1258741258741259
2 0.633399209486166 0.229020979020979 0.05533596837944664 0.06293706293706294
2 0.08794466403162056 0.26223776223776224 0.07114624505928854 0.0944055944055944
2 0.5909090909090909 0.38636363636363635 0.0691699604743083 0.1258741258741259
2 0.950592885375494 0.24125874125874125 0.0691699604743083 0.05944055944055944
2 0.7312252964426877 0.2202797202797203 0.07312252964426877 0.05244755244755245
4 0.7045454545454546 0.19755244755244755 0.07114624505928854 0.07692307692307693
4 0.48221343873517786 0.28146853146853146 0.08102766798418973 0.13986013986013987
3 0.2984189723320158 0.263986013986014 0.12845849802371542 0.21678321678321677
1 0.2766798418972332 0.40734265734265734 0.029644268774703556 0.0979020979020979
1 0.2549407114624506 0.3618881118881119 0.029644268774703556 0.0979020979020979
2 0.18774703557312253 0.26223776223776224 0.08498023715415019 0.10139860139860139
