1 0.7885375494071146 0.5314685314685315 0.11462450592885376 0.16783216783216784
1 0.8023715415019763 0.4825174825174825 0.11264822134387352 0.14335664335664336
1 0.525691699604743 0.36713286713286714 0.08300395256916997 0.13986013986013987
1 0.6719367588932806 0.458041958041958 0.08893280632411067 0.13986013986013987
1 0.7233201581027668 0.2062937062937063 0.02766798418972332 0.0944055944055944
1 0.7747035573122529 0.15734265734265734 0.02766798418972332 0.0944055944055944
1 0.7490118577075099 0.17832167832167833 0.02766798418972332 0.08741258741258741
1 0.4901185770750988 0.2692307692307692 0.039525691699604744 0.11888111888111888
1 0.41106719367588934 0.3881118881118881 0.08102766798418973 0.14335664335664336
1 0.32806324110671936 0.3076923076923077 0.04940711462450593 0.12937062937062938
1 0.274703557312253 0.3531468531468531 0.06324110671936758 0.12937062937062938
1 0.19367588932806323 0.2867132867132867 0.05138339920948617 0.11538461538461539
1 0.14031620553359683 0.2902097902097902 0.04743083003952569 0.11538461538461539
1 0.17984189723320157 0.25874125874125875 0.03557312252964427 0.08391608391608392
1 0.009881422924901186 0.1958041958041958 0.025691699604743084 0.10139860139860139
1 0.35375494071146246 0.2517482517482518 0.04940711462450593 0.06993006993006994
1 0.5217391304347826 0.16783216783216784 0.041501976284584984 0.08391608391608392
2 0.8893280632411067 0.14335664335664336 0.08102766798418973 0.14335664335664336
2 0.5059288537549407 0.5244755244755245 0.2845849802371542 0.26573426573426573
2 0.1383399209486166 0.7482517482517482 0.29051383399209485 0.24475524475524477
2 0.12450592885375494 0.45104895104895104 0.24110671936758893 0.26223776223776224
2 0.8300395256916996 0.8706293706293706 0.16600790513833993 0.12237762237762238
3 0.7964426877470355 0.03146853146853147 0.09288537549407115 0.17832167832167833
3 0.8972332015810277 0.01048951048951049 0.09090909090909091 0.14685314685314685
1 0.7252964426877471 0.04895104895104895 0.019762845849802372 0.07342657342657342
