1 0.06324110671936758 0.4370629370629371 0.04940711462450593 0.17832167832167833
1 0.15612648221343872 0.493006993006993 0.037549407114624504 0.15384615384615385
1 0.11758893280632411 0.41083916083916083 0.039525691699604744 0.13986013986013987
1 0.17588932806324112 0.6328671328671329 0.12055335968379446 0.14335664335664336
1 0.18675889328063242 0.4825174825174825 0.03557312252964427 0.13986013986013987
1 0.2440711462450593 0.5209790209790209 0.03557312252964427 0.11888111888111888
1 0.22924901185770752 0.4737762237762238 0.037549407114624504 0.1258741258741259
1 0.13932806324110672 0.36713286713286714 0.02766798418972332 0.0944055944055944
1 0.19367588932806323 0.41083916083916083 0.025691699604743084 0.09090909090909091
1 0.08893280632411067 0.28846153846153844 0.021739130434782608 0.07692307692307693
1 0.07608695652173914 0.2534965034965035 0.019762845849802372 0.06643356643356643
1 0.045454545454545456 0.20279720279720279 0.017786561264822136 0.06293706293706294
1 0.11758893280632411 0.28321678321678323 0.023715415019762844 0.05944055944055944
1 0.09090909090909091 0.23426573426573427 0.01383399209486166 0.04195804195804196
1 0.16304347826086957 0.34440559440559443 0.019762845849802372 0.07342657342657342
1 0.1422924901185771 0.31643356643356646 0.017786561264822136 0.05944055944055944
1 0.19466403162055335 0.3811188811188811 0.023715415019762844 0.07692307692307693
1 0.27865612648221344 0.46853146853146854 0.029644268774703556 0.07342657342657342
1 0.23221343873517786 0.36713286713286714 0.015810276679841896 0.055944055944055944
1 0.25296442687747034 0.38286713286713286 0.021739130434782608 0.055944055944055944
1 0.39920948616600793 0.5611888111888111 0.037549407114624504 0.06643356643356643
1 0.4634387351778656 0.6311188811188811 0.04743083003952569 0.07342657342657342
1 0.6264822134387352 0.7727272727272727 0.045454545454545456 0.07342657342657342
1 0.6936758893280632 0.8286713286713286 0.037549407114624504 0.06293706293706294
1 0.717391304347826 0.8199300699300699 0.01383399209486166 0.06293706293706294
1 0.75 0.9055944055944056 0.04743083003952569 0.08391608391608392
1 0.30237154150197626 0.4125874125874126 0.017786561264822136 0.04195804195804196
1 0.366600790513834 0.4737762237762238 0.023715415019762844 0.04195804195804196
1 0.8972332015810277 1.0052447552447552 0.021739130434782608 0.08041958041958042
1 0.8389328063241107 0.9335664335664335 0.023715415019762844 0.055944055944055944
1 0.7875494071146245 0.8671328671328671 0.019762845849802372 0.055944055944055944
1 0.8221343873517787 0.9003496503496503 0.017786561264822136 0.05244755244755245
1 0.7786561264822134 0.8356643356643356 0.021739130434782608 0.045454545454545456
1 0.9347826086956522 1.0437062937062938 0.017786561264822136 0.08041958041958042
1 0.9861660079051383 1.1276223776223777 0.017786561264822136 0.08041958041958042
1 0.9545454545454546 1.0472027972027973 0.021739130434782608 0.06643356643356643
1 0.9851778656126482 1.0856643356643356 0.015810276679841896 0.06993006993006994
1 0.9782608695652174 1.0576923076923077 0.021739130434782608 0.06293706293706294
1 0.26877470355731226 0.3758741258741259 0.01383399209486166 0.05944055944055944
1 0.8626482213438735 0.9143356643356644 0.019762845849802372 0.03496503496503497
1 0.49110671936758893 0.8199300699300699 0.07509881422924901 0.16433566433566432
1 0.3468379446640316 0.7325174825174825 0.09090909090909091 0.17482517482517482
1 0.424901185770751 0.8356643356643356 0.09683794466403162 0.15734265734265734
1 0.6561264822134387 0.736013986013986 0.017786561264822136 0.038461538461538464
1 0.4268774703557312 0.5262237762237763 0.025691699604743084 0.03496503496503497
2 0.3616600790513834 0.7377622377622378 0.1956521739130435 0.1888111888111888
2 0.2608695652173913 0.4965034965034965 0.08893280632411067 0.1048951048951049
2 0.20948616600790515 0.3916083916083916 0.06126482213438735 0.08741258741258741
2 0.12055335968379446 0.2744755244755245 0.03359683794466403 0.055944055944055944
2 0.1373517786561265 0.263986013986014 0.02766798418972332 0.038461538461538464
2 0.17094861660079053 0.3181818181818182 0.02766798418972332 0.045454545454545456
2 0.5612648221343873 0.6608391608391608 0.05731225296442688 0.03496503496503497
2 0.6136363636363636 0.7115384615384616 0.06324110671936758 0.045454545454545456
2 0.7035573122529645 0.7902097902097902 0.041501976284584984 0.04195804195804196
2 0.6679841897233202 0.75 0.037549407114624504 0.04195804195804196
2 0.7529644268774703 0.8636363636363636 0.045454545454545456 0.055944055944055944
2 0.9140316205533597 0.9842657342657343 0.039525691699604744 0.038461538461538464
3 0.8942687747035574 1.0034965034965035 0.09486166007905138 0.07342657342657342
3 0.3359683794466403 0.4388111888111888 0.045454545454545456 0.04195804195804196
3 0.1650197628458498 0.27972027972027974 0.043478260869565216 0.03496503496503497
2 0.7845849802371542 0.9230769230769231 0.08102766798418973 0.08391608391608392
