1 0.09881422924901186 0.5979020979020979 0.037549407114624504 0.12237762237762238
1 0.2509881422924901 0.4825174825174825 0.03162055335968379 0.11538461538461539
1 0.17588932806324112 0.45104895104895104 0.029644268774703556 0.08741258741258741
1 0.20355731225296442 0.43006993006993005 0.03359683794466403 0.09090909090909091
1 0.025691699604743084 0.4160839160839161 0.017786561264822136 0.08741258741258741
1 0.2727272727272727 0.40559440559440557 0.043478260869565216 0.07692307692307693
1 0.30039525691699603 0.4020979020979021 0.037549407114624504 0.06643356643356643
1 0.3142292490118577 0.4405594405594406 0.023715415019762844 0.06993006993006994
1 0.5098814229249012 0.7867132867132867 0.07114624505928854 0.1888111888111888
1 0.5592885375494071 0.9020979020979021 0.07905138339920949 0.09090909090909091
1 0.5059288537549407 0.6888111888111889 0.07114624505928854 0.16783216783216784
1 0.5098814229249012 0.6328671328671329 0.06521739130434782 0.13636363636363635
1 0.5335968379446641 0.5699300699300699 0.06126482213438735 0.13636363636363635
1 0.6996047430830039 0.6223776223776224 0.037549407114624504 0.13286713286713286
1 0.5691699604743083 0.40559440559440557 0.041501976284584984 0.07342657342657342
1 0.5573122529644269 0.3951048951048951 0.037549407114624504 0.06293706293706294
1 0.616600790513834 0.3951048951048951 0.041501976284584984 0.07342657342657342
1 0.6640316205533597 0.3881118881118881 0.039525691699604744 0.06993006993006994
1 0.9347826086956522 0.458041958041958 0.019762845849802372 0.08741258741258741
1 0.9624505928853755 0.4405594405594406 0.02766798418972332 0.08391608391608392
1 0.8695652173913043 0.3706293706293706 0.021739130434782608 0.06993006993006994
1 0.7391304347826086 0.32867132867132864 0.015810276679841896 0.055944055944055944
1 0.3339920948616601 0.2902097902097902 0.023715415019762844 0.03496503496503497
1 0.3181818181818182 0.2727272727272727 0.023715415019762844 0.04195804195804196
1 0.06126482213438735 0.3321678321678322 0.019762845849802372 0.04895104895104895
1 0.06324110671936758 0.2902097902097902 0.015810276679841896 0.04895104895104895
1 0.650197628458498 0.2937062937062937 0.019762845849802372 0.04895104895104895
2 0.1422924901185771 0.3531468531468531 0.04743083003952569 0.08041958041958042
2 0.32608695652173914 0.5034965034965035 0.11067193675889328 0.11538461538461539
2 0.12450592885375494 0.34265734265734266 0.037549407114624504 0.06643356643356643
2 0.1422924901185771 0.2867132867132867 0.03359683794466403 0.04195804195804196
2 0.18181818181818182 0.32167832167832167 0.05138339920948617 0.055944055944055944
2 0.24308300395256918 0.3006993006993007 0.04940711462450593 0.04195804195804196
2 0.6482213438735178 0.4965034965034965 0.09486166007905138 0.11188811188811189
2 0.7272727272727273 0.4230769230769231 0.05731225296442688 0.07692307692307693
2 0.8992094861660079 0.4230769230769231 0.06324110671936758 0.08391608391608392
2 0.5889328063241107 0.27972027972027974 0.05138339920948617 0.04195804195804196
2 0.5375494071146245 0.2692307692307692 0.05138339920948617 0.04195804195804196
2 0.4288537549407115 0.26223776223776224 0.04743083003952569 0.03496503496503497
2 0.7371541501976284 0.3706293706293706 0.06126482213438735 0.055944055944055944
2 0.7687747035573123 0.3006993006993007 0.04940711462450593 0.038461538461538464
2 0.758893280632411 0.28321678321678323 0.04940711462450593 0.038461538461538464
3 0.03557312252964427 0.38461538461538464 0.1442687747035573 0.24125874125874125
3 0.005928853754940711 0.6363636363636364 0.35375494071146246 0.35664335664335667
3 0.6482213438735178 0.26223776223776224 0.08695652173913043 0.07342657342657342
3 0.7944664031620553 0.3111888111888112 0.07509881422924901 0.08041958041958042
3 0.9110671936758893 0.36013986013986016 0.08300395256916997 0.08041958041958042
4 0.782608695652174 0.4020979020979021 0.08498023715415019 0.17832167832167833
2 0.22924901185770752 0.24825174825174826 0.045454545454545456 0.03496503496503497
