1 0.7519762845849802 0.9667832167832168 0.1067193675889328 0.13636363636363635
1 0.8695652173913043 1.0716783216783217 0.07707509881422925 0.09090909090909091
1 0.8567193675889329 0.8741258741258742 0.02766798418972332 0.12237762237762238
1 0.8280632411067194 0.8479020979020979 0.029644268774703556 0.11188811188811189
1 0.799407114624506 0.8129370629370629 0.02766798418972332 0.10139860139860139
1 0.7697628458498024 0.791958041958042 0.02766798418972332 0.1048951048951049
1 0.7440711462450593 0.7587412587412588 0.023715415019762844 0.1048951048951049
1 0.6264822134387352 0.7325174825174825 0.07707509881422925 0.11888111888111888
1 0.5405138339920948 0.7097902097902098 0.08300395256916997 0.14685314685314685
1 0.5 0.5699300699300699 0.029644268774703556 0.11888111888111888
1 0.42292490118577075 0.5751748251748252 0.04940711462450593 0.13636363636363635
1 0.4199604743083004 0.5594405594405595 0.05928853754940711 0.11538461538461539
1 0.3181818181818182 0.4423076923076923 0.045454545454545456 0.07692307692307693
1 0.24802371541501977 0.3706293706293706 0.05533596837944664 0.11188811188811189
1 0.2134387351778656 0.35664335664335667 0.0533596837944664 0.10839160839160839
1 0.18280632411067194 0.3006993006993007 0.03557312252964427 0.08741258741258741
1 0.1383399209486166 0.27972027972027974 0.045454545454545456 0.1048951048951049
1 0.13142292490118576 0.25 0.03557312252964427 0.07342657342657342
1 0.0958498023715415 0.20279720279720279 0.03162055335968379 0.08741258741258741
1 0.08596837944664032 0.21678321678321677 0.039525691699604744 0.0979020979020979
1 0.0691699604743083 0.22202797202797203 0.045454545454545456 0.11888111888111888
1 0.044466403162055336 0.1590909090909091 0.03557312252964427 0.10139860139860139
1 0.8932806324110671 0.8601398601398601 0.021739130434782608 0.07342657342657342
1 0.7865612648221344 0.7709790209790209 0.021739130434782608 0.07342657342657342
1 0.3774703557312253 0.4807692307692308 0.045454545454545456 0.07342657342657342
2 0.9219367588932806 0.9318181818181818 0.07114624505928854 0.1258741258741259
2 0.9347826086956522 0.8723776223776224 0.06521739130434782 0.06293706293706294
2 0.8883399209486166 0.8426573426573427 0.04743083003952569 0.05944055944055944
2 0.9397233201581028 0.9090909090909091 0.05928853754940711 0.1048951048951049
2 0.11067193675889328 0.3723776223776224 0.18379446640316205 0.1853146853146853
2 0.0800395256916996 0.42132867132867136 0.14624505928853754 0.24825174825174826
2 0.3073122529644269 0.534965034965035 0.2015810276679842 0.2062937062937063
3 0.8468379446640316 1.18006993006993 0.2924901185770751 0.38461538461538464
