1 0.5187747035573123 0.5506993006993007 0.08695652173913043 0.16083916083916083
1 0.35276679841897235 0.5122377622377622 0.07905138339920949 0.14685314685314685
1 0.44762845849802374 0.39335664335664333 0.07509881422924901 0.13986013986013987
1 0.3310276679841897 0.3583916083916084 0.05533596837944664 0.1258741258741259
1 0.2737154150197628 0.36363636363636365 0.05138339920948617 0.11538461538461539
1 0.2134387351778656 0.3881118881118881 0.04940711462450593 0.11538461538461539
1 0.25592885375494073 0.4597902097902098 0.06324110671936758 0.1258741258741259
1 0.6106719367588933 0.4493006993006993 0.07707509881422925 0.11888111888111888
1 0.758893280632411 0.506993006993007 0.07707509881422925 0.16433566433566432
1 0.708498023715415 0.5227272727272727 0.05138339920948617 0.15384615384615385
1 0.6363636363636364 0.5506993006993007 0.09683794466403162 0.1258741258741259
1 0.6758893280632411 0.6888111888111889 0.10474308300395258 0.15734265734265734
1 0.7549407114624506 0.6433566433566433 0.10474308300395258 0.1853146853146853
1 0.8142292490118577 0.7744755244755245 0.14031620553359683 0.17482517482517482
1 0.9229249011857708 0.7657342657342657 0.1324110671936759 0.19230769230769232
1 0.9199604743083004 0.6066433566433567 0.14624505928853754 0.17482517482517482
1 0.8992094861660079 0.8951048951048951 0.18774703557312253 0.19230769230769232
1 0.7697628458498024 0.229020979020979 0.023715415019762844 0.0979020979020979
1 0.7203557312252964 0.21503496503496503 0.023715415019762844 0.06993006993006994
1 0.5395256916996047 0.21853146853146854 0.04940711462450593 0.0979020979020979
1 0.967391304347826 0.22377622377622378 0.023715415019762844 0.0944055944055944
4 0.3883399209486166 0.7604895104895105 0.48221343873517786 0.44755244755244755
2 0.5859683794466403 0.7534965034965035 0.17786561264822134 0.26573426573426573
2 0.05434782608695652 0.3793706293706294 0.09090909090909091 0.16083916083916083
2 0.8270750988142292 0.23601398601398602 0.07114624505928854 0.1258741258741259
2 0.9071146245059288 0.270979020979021 0.08102766798418973 0.13986013986013987
2 0.9298418972332015 0.1660839160839161 0.05533596837944664 0.08391608391608392
2 0.9199604743083004 0.07167832167832168 0.03162055335968379 0.07692307692307693
3 0.10276679841897234 0.23601398601398602 0.191699604743083 0.26573426573426573
3 0.8547430830039525 0.12062937062937062 0.09486166007905138 0.15384615384615385
