1 0.11956521739130435 0.4143356643356643 0.06719367588932806 0.16783216783216784
1 0.1976284584980237 0.3986013986013986 0.041501976284584984 0.12937062937062938
1 0.20553359683794467 0.3776223776223776 0.037549407114624504 0.10139860139860139
1 0.13537549407114624 0.29895104895104896 0.03162055335968379 0.0979020979020979
1 0.31620553359683795 0.513986013986014 0.03359683794466403 0.1258741258741259
1 0.3073122529644269 0.46853146853146854 0.04743083003952569 0.1048951048951049
1 0.2776679841897233 0.40384615384615385 0.023715415019762844 0.08741258741258741
1 0.16106719367588934 0.27972027972027974 0.03162055335968379 0.05944055944055944
1 0.12549407114624506 0.2517482517482518 0.02766798418972332 0.055944055944055944
1 0.05632411067193676 0.18356643356643357 0.02766798418972332 0.06643356643356643
1 0.22233201581027667 0.32517482517482516 0.02766798418972332 0.06643356643356643
1 0.2826086956521739 0.3548951048951049 0.029644268774703556 0.045454545454545456
1 0.31521739130434784 0.3793706293706294 0.023715415019762844 0.04195804195804196
1 0.34980237154150196 0.47202797202797203 0.025691699604743084 0.07692307692307693
1 0.4051383399209486 0.5996503496503497 0.05731225296442688 0.12937062937062938
1 0.3705533596837945 0.541958041958042 0.02766798418972332 0.11188811188811189
1 0.4160079051383399 0.5611888111888111 0.04743083003952569 0.08741258741258741
1 0.4634387351778656 0.5909090909090909 0.043478260869565216 0.08391608391608392
1 0.49308300395256915 0.6276223776223776 0.02766798418972332 0.08391608391608392
1 0.5899209486166008 0.715034965034965 0.039525691699604744 0.1048951048951049
1 0.6551383399209486 0.7674825174825175 0.05533596837944664 0.08741258741258741
1 0.7341897233201581 0.8269230769230769 0.039525691699604744 0.08041958041958042
1 0.7608695652173914 0.8601398601398601 0.045454545454545456 0.08041958041958042
1 0.7015810276679841 0.9265734265734266 0.08893280632411067 0.15034965034965034
1 0.841897233201581 1.0541958041958042 0.08893280632411067 0.14335664335664336
1 0.3409090909090909 0.42482517482517484 0.019762845849802372 0.06993006993006994
1 0.44466403162055335 0.5367132867132867 0.025691699604743084 0.08041958041958042
1 0.5365612648221344 0.6013986013986014 0.019762845849802372 0.06293706293706294
2 0.08695652173913043 0.2395104895104895 0.06126482213438735 0.10139860139860139
2 0.25691699604743085 0.3776223776223776 0.06521739130434782 0.08391608391608392
2 0.383399209486166 0.506993006993007 0.07707509881422925 0.08391608391608392
2 0.5701581027667985 0.6643356643356644 0.05533596837944664 0.08041958041958042
2 0.8330039525691699 0.9825174825174825 0.1422924901185771 0.11188811188811189
4 0.5385375494071146 0.6730769230769231 0.07509881422924901 0.24475524475524477
4 0.47134387351778656 0.5402097902097902 0.06324110671936758 0.11538461538461539
4 0.4051383399209486 0.4737762237762238 0.05731225296442688 0.0979020979020979
4 0.5207509881422925 0.5629370629370629 0.03557312252964427 0.1048951048951049
4 0.7450592885375494 0.7762237762237763 0.0691699604743083 0.06293706293706294
2 0.6096837944664032 0.6643356643356644 0.05533596837944664 0.055944055944055944
2 0.5632411067193676 0.6136363636363636 0.045454545454545456 0.04195804195804196
1 0.1067193675889328 0.20104895104895104 0.029644268774703556 0.045454545454545456
1 0.14031620553359683 0.23076923076923078 0.025691699604743084 0.04895104895104895
1 0.16403162055335968 0.25 0.025691699604743084 0.05244755244755245
1 0.1857707509881423 0.27972027972027974 0.017786561264822136 0.06993006993006994
