2 0.8675889328063241 0.9020979020979021 0.0691699604743083 0.0979020979020979
2 0.8656126482213439 0.8409090909090909 0.0533596837944664 0.08391608391608392
2 0.7816205533596838 0.8129370629370629 0.07905138339920949 0.11188811188811189
2 0.6590909090909091 0.8129370629370629 0.1383399209486166 0.1993006993006993
2 0.07509881422924901 0.20279720279720279 0.07312252964426877 0.13986013986013987
1 0.950592885375494 0.8846153846153846 0.017786561264822136 0.055944055944055944
1 0.974308300395257 0.8968531468531469 0.017786561264822136 0.05244755244755245
1 0.8636363636363636 0.7972027972027972 0.021739130434782608 0.055944055944055944
1 0.9397233201581028 0.9597902097902098 0.02766798418972332 0.1048951048951049
1 0.9594861660079052 0.9388111888111889 0.02766798418972332 0.07342657342657342
1 0.9318181818181818 0.8916083916083916 0.023715415019762844 0.07692307692307693
1 0.9426877470355731 1.034965034965035 0.037549407114624504 0.14685314685314685
1 0.8290513833992095 0.9300699300699301 0.039525691699604744 0.15034965034965034
1 0.7648221343873518 0.8846153846153846 0.041501976284584984 0.14685314685314685
1 0.3142292490118577 0.47027972027972026 0.041501976284584984 0.16083916083916083
1 0.2648221343873518 0.3916083916083916 0.045454545454545456 0.12237762237762238
1 0.16600790513833993 0.2972027972027972 0.037549407114624504 0.11538461538461539
1 0.25395256916996045 0.3076923076923077 0.043478260869565216 0.06293706293706294
