1 0.22430830039525693 0.5734265734265734 0.039525691699604744 0.10839160839160839
1 0.05928853754940711 0.4090909090909091 0.021739130434782608 0.07342657342657342
1 0.25296442687747034 0.42657342657342656 0.045454545454545456 0.06643356643356643
1 0.2075098814229249 0.3951048951048951 0.021739130434782608 0.07342657342657342
1 0.21739130434782608 0.3811188811188811 0.017786561264822136 0.05944055944055944
1 0.2737154150197628 0.4020979020979021 0.03162055335968379 0.05944055944055944
1 0.42292490118577075 0.4318181818181818 0.041501976284584984 0.07692307692307693
1 0.5405138339920948 0.4562937062937063 0.04743083003952569 0.09090909090909091
1 0.3932806324110672 0.8496503496503497 0.06521739130434782 0.19230769230769232
1 0.5444664031620553 0.791958041958042 0.07905138339920949 0.17482517482517482
1 0.7381422924901185 0.7972027972027972 0.09486166007905138 0.19230769230769232
1 0.708498023715415 0.9353146853146853 0.09090909090909091 0.11188811188811189
1 0.7420948616600791 0.5699300699300699 0.03162055335968379 0.10839160839160839
1 0.7579051383399209 0.5034965034965035 0.02766798418972332 0.08741258741258741
1 0.7796442687747036 0.4597902097902098 0.023715415019762844 0.07692307692307693
1 0.7974308300395256 0.4178321678321678 0.02766798418972332 0.06993006993006994
1 0.8231225296442688 0.45454545454545453 0.023715415019762844 0.08041958041958042
1 0.849802371541502 0.534965034965035 0.03359683794466403 0.0944055944055944
1 0.9071146245059288 0.5262237762237763 0.03359683794466403 0.1048951048951049
1 0.8448616600790514 0.38286713286713286 0.03162055335968379 0.06293706293706294
1 0.7371541501976284 0.36363636363636365 0.01383399209486166 0.05944055944055944
1 0.8932806324110671 0.3758741258741259 0.025691699604743084 0.055944055944055944
1 0.9140316205533597 0.36538461538461536 0.019762845849802372 0.06293706293706294
1 0.9367588932806324 0.3776223776223776 0.025691699604743084 0.05244755244755245
1 0.9624505928853755 0.3758741258741259 0.021739130434782608 0.055944055944055944
1 0.9822134387351779 0.38986013986013984 0.017786561264822136 0.06293706293706294
1 0.03557312252964427 0.3986013986013986 0.017786561264822136 0.06643356643356643
2 0.11166007905138339 0.3951048951048951 0.04743083003952569 0.06643356643356643
2 0.1600790513833992 0.3758741258741259 0.0533596837944664 0.07692307692307693
2 0.3201581027667984 0.4755244755244755 0.08498023715415019 0.0944055944055944
2 0.5523715415019763 0.42832167832167833 0.11067193675889328 0.09090909090909091
2 0.6788537549407114 0.4493006993006993 0.09881422924901186 0.07692307692307693
2 0.2648221343873518 0.31643356643356646 0.05731225296442688 0.055944055944055944
2 0.2519762845849802 0.3006993006993007 0.04743083003952569 0.05244755244755245
2 0.13438735177865613 0.3409090909090909 0.029644268774703556 0.04195804195804196
2 0.4258893280632411 0.2867132867132867 0.043478260869565216 0.038461538461538464
2 0.6571146245059288 0.3146853146853147 0.04743083003952569 0.045454545454545456
2 0.7094861660079052 0.3076923076923077 0.05731225296442688 0.038461538461538464
3 0.19268774703557312 0.3321678321678322 0.05138339920948617 0.06643356643356643
4 0.1966403162055336 0.29545454545454547 0.06719367588932806 0.06993006993006994
4 0.5691699604743083 0.2902097902097902 0.0691699604743083 0.05944055944055944
4 0.7974308300395256 0.2972027972027972 0.07905138339920949 0.06643356643356643
1 0.8596837944664032 0.30594405594405594 0.017786561264822136 0.04195804195804196
1 0.9614624505928854 0.3041958041958042 0.023715415019762844 0.038461538461538464
1 0.892292490118577 0.3094405594405594 0.023715415019762844 0.04195804195804196
1 0.9219367588932806 0.30594405594405594 0.023715415019762844 0.04195804195804196
