2 0.15019762845849802 0.8076923076923077 0.3221343873517787 0.1853146853146853
2 0.5296442687747036 0.34615384615384615 0.15810276679841898 0.2097902097902098
2 0.05533596837944664 0.2097902097902098 0.11462450592885376 0.10139860139860139
2 0.758893280632411 0.15034965034965034 0.07114624505928854 0.10139860139860139
2 0.8280632411067194 0.17832167832167833 0.0691699604743083 0.10139860139860139
2 0.841897233201581 0.0979020979020979 0.05138339920948617 0.06293706293706294
1 0.9051383399209486 0.04895104895104895 0.015810276679841896 0.04195804195804196
1 0.9525691699604744 0.06293706293706294 0.021739130434782608 0.05244755244755245
1 0.9723320158102767 0.06643356643356643 0.015810276679841896 0.04895104895104895
1 0.950592885375494 0.12237762237762238 0.02766798418972332 0.05244755244755245
1 0.9466403162055336 0.17832167832167833 0.02766798418972332 0.06993006993006994
1 0.9268774703557312 0.16083916083916083 0.021739130434782608 0.05244755244755245
1 0.9130434782608695 0.1993006993006993 0.015810276679841896 0.08391608391608392
1 0.9288537549407114 0.21678321678321677 0.021739130434782608 0.08741258741258741
1 0.9090909090909091 0.2867132867132867 0.023715415019762844 0.07692307692307693
1 0.8814229249011858 0.24125874125874125 0.02766798418972332 0.1048951048951049
1 0.8794466403162056 0.34615384615384615 0.03359683794466403 0.11538461538461539
1 0.8774703557312253 0.43006993006993005 0.039525691699604744 0.15384615384615385
1 0.8162055335968379 0.3776223776223776 0.037549407114624504 0.13636363636363635
1 0.8359683794466403 0.3006993006993007 0.029644268774703556 0.09090909090909091
1 0.7786561264822134 0.26223776223776224 0.029644268774703556 0.10139860139860139
1 0.7509881422924901 0.23776223776223776 0.02766798418972332 0.08391608391608392
1 0.7608695652173914 0.32867132867132864 0.029644268774703556 0.10839160839160839
1 0.7312252964426877 0.3776223776223776 0.037549407114624504 0.14685314685314685
1 0.6818181818181818 0.45454545454545453 0.043478260869565216 0.15734265734265734
1 0.7114624505928854 0.5909090909090909 0.06126482213438735 0.1993006993006993
1 0.849802371541502 0.6468531468531469 0.05731225296442688 0.20279720279720279
1 0.23122529644268774 0.12937062937062938 0.04743083003952569 0.06993006993006994
0 0.6185770750988142 0.013986013986013986 0.01383399209486166 0.045454545454545456
1 0.09683794466403162 0.3041958041958042 0.04743083003952569 0.11888111888111888
1 0.05533596837944664 0.27972027972027974 0.041501976284584984 0.10839160839160839
1 0.021739130434782608 0.32867132867132864 0.05731225296442688 0.10839160839160839
