2 0.08498023715415019 0.916083916083916 0.1600790513833992 0.15034965034965034
2 0.16897233201581027 0.6853146853146853 0.1541501976284585 0.2202797202797203
2 0.3685770750988142 0.8793706293706294 0.2648221343873518 0.21678321678321677
2 0.4090909090909091 0.5087412587412588 0.12055335968379446 0.13286713286713286
2 0.5474308300395256 0.6381118881118881 0.13636363636363635 0.15384615384615385
2 0.024703557312252964 0.32342657342657344 0.043478260869565216 0.06293706293706294
2 0.25 0.25524475524475526 0.02766798418972332 0.038461538461538464
2 0.308300395256917 0.270979020979021 0.04940711462450593 0.04195804195804196
2 0.4268774703557312 0.2902097902097902 0.06126482213438735 0.045454545454545456
2 0.5978260869565217 0.3006993006993007 0.04743083003952569 0.045454545454545456
2 0.6739130434782609 0.31993006993006995 0.05731225296442688 0.04195804195804196
2 0.8913043478260869 0.3513986013986014 0.04940711462450593 0.04895104895104895
2 0.9654150197628458 0.34440559440559443 0.03557312252964427 0.055944055944055944
1 0.019762845849802372 0.5734265734265734 0.029644268774703556 0.12237762237762238
1 0.06719367588932806 0.40384615384615385 0.017786561264822136 0.07692307692307693
1 0.05731225296442688 0.3479020979020979 0.01383399209486166 0.06293706293706294
1 0.28063241106719367 0.4632867132867133 0.03359683794466403 0.08391608391608392
1 0.2875494071146245 0.5087412587412588 0.03557312252964427 0.0979020979020979
1 0.3339920948616601 0.5541958041958042 0.037549407114624504 0.0979020979020979
1 0.2391304347826087 0.3723776223776224 0.021739130434782608 0.06293706293706294
1 0.30533596837944665 0.4090909090909091 0.02766798418972332 0.08041958041958042
1 0.48122529644268774 0.43006993006993005 0.039525691699604744 0.07342657342657342
1 0.6225296442687747 0.5541958041958042 0.041501976284584984 0.09090909090909091
1 0.4723320158102767 0.6625874125874126 0.045454545454545456 0.14685314685314685
1 0.4782608695652174 0.7272727272727273 0.041501976284584984 0.14335664335664336
1 0.5533596837944664 0.7692307692307693 0.0691699604743083 0.15034965034965034
1 0.5474308300395256 0.8968531468531469 0.06521739130434782 0.17482517482517482
1 0.575098814229249 0.9283216783216783 0.06126482213438735 0.1258741258741259
1 0.6343873517786561 0.8548951048951049 0.0533596837944664 0.18181818181818182
1 0.6897233201581028 0.8006993006993007 0.08102766798418973 0.17132867132867133
1 0.782608695652174 0.7185314685314685 0.08102766798418973 0.13986013986013987
1 0.799407114624506 0.9038461538461539 0.09090909090909091 0.18181818181818182
1 0.8142292490118577 0.798951048951049 0.08498023715415019 0.15384615384615385
1 0.8369565217391305 0.8636363636363636 0.06324110671936758 0.1853146853146853
1 0.6758893280632411 0.4178321678321678 0.03359683794466403 0.07692307692307693
1 0.7223320158102767 0.3968531468531469 0.023715415019762844 0.06293706293706294
1 0.7579051383399209 0.3583916083916084 0.019762845849802372 0.06293706293706294
1 0.892292490118577 0.3793706293706294 0.023715415019762844 0.055944055944055944
1 0.9377470355731226 0.38986013986013984 0.023715415019762844 0.06293706293706294
1 0.7430830039525692 0.29545454545454547 0.021739130434782608 0.04195804195804196
1 0.7944664031620553 0.2972027972027972 0.025691699604743084 0.045454545454545456
1 0.8211462450592886 0.30244755244755245 0.023715415019762844 0.04195804195804196
1 0.8517786561264822 0.30244755244755245 0.017786561264822136 0.04895104895104895
1 0.8972332015810277 0.3041958041958042 0.03359683794466403 0.045454545454545456
2 0.17094861660079053 0.3479020979020979 0.043478260869565216 0.06293706293706294
2 0.11264822134387352 0.34265734265734266 0.0533596837944664 0.045454545454545456
2 0.10968379446640317 0.30594405594405594 0.043478260869565216 0.04195804195804196
3 0.0800395256916996 0.2727272727272727 0.02766798418972332 0.05244755244755245
1 0.2075098814229249 0.32867132867132864 0.01383399209486166 0.05244755244755245
1 0.23023715415019763 0.3304195804195804 0.015810276679841896 0.055944055944055944
1 0.25889328063241107 0.31993006993006995 0.025691699604743084 0.04895104895104895
1 0.22430830039525693 0.30244755244755245 0.019762845849802372 0.04895104895104895
1 0.13932806324110672 0.28496503496503495 0.011857707509881422 0.04195804195804196
1 0.32707509881422925 0.3041958041958042 0.023715415019762844 0.05244755244755245
1 0.3557312252964427 0.2972027972027972 0.021739130434782608 0.045454545454545456
