1 0.6294466403162056 0.6206293706293706 0.11462450592885376 0.16783216783216784
1 0.733201581027668 0.5611888111888111 0.1007905138339921 0.16083916083916083
1 0.6669960474308301 0.4772727272727273 0.08695652173913043 0.13286713286713286
1 0.5049407114624506 0.4423076923076923 0.07905138339920949 0.13286713286713286
1 0.4278656126482213 0.40559440559440557 0.06324110671936758 0.12937062937062938
1 0.391304347826087 0.5192307692307693 0.0533596837944664 0.14685314685314685
1 0.4288537549407115 0.791958041958042 0.10869565217391304 0.1958041958041958
1 0.35079051383399207 0.9073426573426573 0.11462450592885376 0.16783216783216784
1 0.20553359683794467 0.8863636363636364 0.09683794466403162 0.2097902097902098
1 0.5247035573122529 0.9020979020979021 0.1422924901185771 0.17832167832167833
1 0.591897233201581 0.5244755244755245 0.07905138339920949 0.12937062937062938
1 0.5365612648221344 0.28321678321678323 0.03162055335968379 0.12237762237762238
1 0.7806324110671937 0.22552447552447552 0.025691699604743084 0.0979020979020979
1 0.741106719367589 0.21503496503496503 0.021739130434782608 0.0979020979020979
1 0.26383399209486164 0.40734265734265734 0.039525691699604744 0.09090909090909091
1 0.08399209486166008 0.2727272727272727 0.039525691699604744 0.0944055944055944
1 0.04841897233201581 0.243006993006993 0.043478260869565216 0.09090909090909091
1 0.2875494071146245 0.3688811188811189 0.039525691699604744 0.11888111888111888
1 0.2974308300395257 0.3356643356643357 0.039525691699604744 0.10139860139860139
1 0.38735177865612647 0.34265734265734266 0.041501976284584984 0.07342657342657342
1 0.3685770750988142 0.39335664335664333 0.05138339920948617 0.06993006993006994
1 0.3685770750988142 0.4493006993006993 0.05928853754940711 0.08391608391608392
2 0.8112648221343873 0.8636363636363636 0.36363636363636365 0.25524475524475526
2 0.11264822134387352 0.6905594405594405 0.2075098814229249 0.2517482517482518
2 0.2658102766798419 0.5629370629370629 0.23715415019762845 0.24825174825174826
2 0.0691699604743083 0.4160839160839161 0.12450592885375494 0.15734265734265734
2 0.16798418972332016 0.34265734265734266 0.1324110671936759 0.15034965034965034
2 0.8438735177865613 0.20804195804195805 0.07707509881422925 0.13986013986013987
2 0.9229249011857708 0.23426573426573427 0.07312252964426877 0.13636363636363635
2 0.799407114624506 0.16433566433566432 0.05928853754940711 0.07342657342657342
2 0.8873517786561265 0.1555944055944056 0.04940711462450593 0.09090909090909091
2 0.9634387351778656 0.11363636363636363 0.05138339920948617 0.09090909090909091
2 0.8982213438735178 0.10839160839160839 0.043478260869565216 0.05244755244755245
