2 0.8211462450592886 0.8321678321678322 0.07509881422924901 0.1048951048951049
1 0.8824110671936759 0.9108391608391608 0.03162055335968379 0.1048951048951049
2 0.91600790513834 0.8583916083916084 0.043478260869565216 0.06643356643356643
3 0.8507905138339921 1.0891608391608392 0.2885375494071146 0.46853146853146854
2 0.2855731225296443 0.44405594405594406 0.16205533596837945 0.16083916083916083
1 0.5138339920948617 0.6206293706293706 0.0691699604743083 0.11188811188811189
1 0.6650197628458498 0.7272727272727273 0.05138339920948617 0.11188811188811189
1 0.6976284584980237 1.0891608391608392 0.11264822134387352 0.14685314685314685
1 0.525691699604743 0.7867132867132867 0.09288537549407115 0.2097902097902098
1 0.4624505928853755 0.7587412587412588 0.1007905138339921 0.21678321678321677
1 0.2924901185770751 0.5559440559440559 0.07312252964426877 0.1958041958041958
1 0.08893280632411067 0.3741258741258741 0.07312252964426877 0.2202797202797203
1 0.18873517786561264 0.40734265734265734 0.07114624505928854 0.16783216783216784
1 0.11166007905138339 0.3076923076923077 0.05928853754940711 0.14335664335664336
1 0.03557312252964427 0.22377622377622378 0.037549407114624504 0.0944055944055944
2 0.10474308300395258 0.2867132867132867 0.15217391304347827 0.16433566433566432
