1 0.0800395256916996 0.8216783216783217 0.09881422924901186 0.22727272727272727
1 0.25296442687747034 0.791958041958042 0.07707509881422925 0.2097902097902098
1 0.3685770750988142 0.6870629370629371 0.04743083003952569 0.17482517482517482
1 0.42292490118577075 0.7395104895104895 0.06126482213438735 0.1958041958041958
1 0.41106719367588934 0.5594405594405595 0.041501976284584984 0.15034965034965034
1 0.4762845849802372 0.6258741258741258 0.037549407114624504 0.19230769230769232
1 0.5335968379446641 0.5786713286713286 0.03359683794466403 0.16783216783216784
1 0.2628458498023715 0.493006993006993 0.025691699604743084 0.12937062937062938
1 0.17984189723320157 0.40734265734265734 0.029644268774703556 0.1048951048951049
1 0.11561264822134387 0.40384615384615385 0.03162055335968379 0.11888111888111888
1 0.058300395256917 0.4195804195804196 0.03557312252964427 0.11538461538461539
1 0.22628458498023715 0.4090909090909091 0.02766798418972332 0.10839160839160839
1 0.23616600790513834 0.3688811188811189 0.03162055335968379 0.1048951048951049
1 0.3181818181818182 0.4160839160839161 0.037549407114624504 0.08041958041958042
1 0.29446640316205536 0.35664335664335667 0.029644268774703556 0.08741258741258741
1 0.4792490118577075 0.4405594405594406 0.05928853754940711 0.10139860139860139
1 0.4782608695652174 0.35664335664335667 0.025691699604743084 0.08741258741258741
1 0.45454545454545453 0.32167832167832167 0.029644268774703556 0.08041958041958042
1 0.6274703557312253 0.3583916083916084 0.039525691699604744 0.08391608391608392
1 0.724308300395257 0.42832167832167833 0.043478260869565216 0.1048951048951049
1 0.5721343873517787 0.43006993006993005 0.05533596837944664 0.0944055944055944
1 0.8112648221343873 0.46853146853146854 0.05928853754940711 0.10839160839160839
1 0.9041501976284585 0.5174825174825175 0.06324110671936758 0.11538461538461539
1 0.23221343873517786 0.20279720279720279 0.02766798418972332 0.05244755244755245
2 0.3231225296442688 0.5314685314685315 0.11857707509881422 0.16433566433566432
2 0.35375494071146246 0.3776223776223776 0.08102766798418973 0.10139860139860139
2 0.2717391304347826 0.2937062937062937 0.07509881422924901 0.05944055944055944
2 0.15711462450592886 0.3129370629370629 0.04743083003952569 0.06993006993006994
2 0.5543478260869565 0.3548951048951049 0.1067193675889328 0.0979020979020979
2 0.7065217391304348 0.3793706293706294 0.09881422924901186 0.0979020979020979
2 0.9100790513833992 0.4318181818181818 0.16205533596837945 0.15384615384615385
2 0.5731225296442688 0.229020979020979 0.0533596837944664 0.04895104895104895
2 0.6126482213438735 0.23776223776223776 0.04940711462450593 0.045454545454545456
2 0.6531620553359684 0.22377622377622378 0.039525691699604744 0.038461538461538464
3 0.3814229249011858 0.31643356643356646 0.12055335968379446 0.1258741258741259
3 0.05928853754940711 0.2465034965034965 0.10474308300395258 0.13986013986013987
1 0.4357707509881423 0.20104895104895104 0.023715415019762844 0.04895104895104895
