1 0.5464426877470355 0.527972027972028 0.05928853754940711 0.17832167832167833
1 0.6185770750988142 0.42132867132867136 0.041501976284584984 0.14685314685314685
1 0.7114624505928854 0.34440559440559443 0.03359683794466403 0.13286713286713286
1 0.674901185770751 0.3129370629370629 0.03557312252964427 0.1258741258741259
1 0.7203557312252964 0.24825174825174826 0.02766798418972332 0.0944055944055944
1 0.7747035573122529 0.17307692307692307 0.021739130434782608 0.09090909090909091
1 0.8685770750988142 0.229020979020979 0.03162055335968379 0.11188811188811189
1 0.8152173913043478 0.3776223776223776 0.043478260869565216 0.12937062937062938
1 0.8181818181818182 0.20104895104895104 0.025691699604743084 0.06993006993006994
1 0.8191699604743083 0.11713286713286714 0.023715415019762844 0.07692307692307693
1 0.7974308300395256 0.15384615384615385 0.019762845849802372 0.06643356643356643
1 0.7944664031620553 0.1958041958041958 0.021739130434782608 0.05944055944055944
1 0.8438735177865613 0.1590909090909091 0.021739130434782608 0.06993006993006994
1 0.8695652173913043 0.16083916083916083 0.021739130434782608 0.07342657342657342
1 0.8567193675889329 0.12412587412587413 0.019762845849802372 0.06993006993006994
1 0.05731225296442688 0.25524475524475526 0.037549407114624504 0.0944055944055944
2 0.383399209486166 0.36538461538461536 0.2075098814229249 0.16783216783216784
2 0.1541501976284585 0.43006993006993005 0.18774703557312253 0.1853146853146853
2 0.12944664031620554 0.6346153846153846 0.24110671936758893 0.2727272727272727
2 0.32806324110671936 0.5856643356643356 0.19960474308300397 0.22377622377622378
2 0.633399209486166 0.6153846153846154 0.19367588932806323 0.3181818181818182
2 0.8260869565217391 0.5244755244755245 0.1442687747035573 0.2972027972027972
2 0.7816205533596838 0.28146853146853146 0.09090909090909091 0.13986013986013987
2 0.9011857707509882 0.27972027972027974 0.08102766798418973 0.15734265734265734
2 0.9436758893280632 0.1555944055944056 0.05928853754940711 0.09090909090909091
2 0.9664031620553359 0.07167832167832168 0.041501976284584984 0.06993006993006994
2 0.9199604743083004 0.06468531468531469 0.043478260869565216 0.06993006993006994
