1 0.05533596837944664 0.8181818181818182 0.05138339920948617 0.13286713286713286
1 0.14031620553359683 0.7307692307692307 0.045454545454545456 0.17482517482517482
1 0.07312252964426877 0.3916083916083916 0.021739130434782608 0.07692307692307693
1 0.1007905138339921 0.38461538461538464 0.017786561264822136 0.08041958041958042
1 0.12648221343873517 0.3776223776223776 0.017786561264822136 0.07342657342657342
1 0.14624505928853754 0.35664335664335667 0.017786561264822136 0.06993006993006994
1 0.18774703557312253 0.36713286713286714 0.025691699604743084 0.07342657342657342
1 0.2490118577075099 0.3706293706293706 0.03359683794466403 0.06293706293706294
1 0.30039525691699603 0.3811188811188811 0.039525691699604744 0.06993006993006994
1 0.5316205533596838 0.548951048951049 0.05533596837944664 0.10839160839160839
1 0.5138339920948617 0.6888111888111889 0.06324110671936758 0.14335664335664336
1 0.5296442687747036 0.7937062937062938 0.07509881422924901 0.1853146853146853
1 0.733201581027668 0.6153846153846154 0.039525691699604744 0.12937062937062938
1 0.5731225296442688 0.4405594405594406 0.023715415019762844 0.08741258741258741
1 0.6086956521739131 0.4160839160839161 0.04940711462450593 0.07692307692307693
1 0.6541501976284585 0.4090909090909091 0.037549407114624504 0.08041958041958042
1 0.782608695652174 0.38461538461538464 0.025691699604743084 0.055944055944055944
1 0.8102766798418972 0.3776223776223776 0.023715415019762844 0.06293706293706294
1 0.8359683794466403 0.3706293706293706 0.017786561264822136 0.06293706293706294
1 0.8774703557312253 0.36363636363636365 0.019762845849802372 0.07692307692307693
1 0.9525691699604744 0.36713286713286714 0.017786561264822136 0.05944055944055944
1 0.9703557312252964 0.36713286713286714 0.021739130434782608 0.06293706293706294
1 0.8142292490118577 0.3076923076923077 0.029644268774703556 0.04895104895104895
1 0.7727272727272727 0.3076923076923077 0.021739130434782608 0.05244755244755245
1 0.9466403162055336 0.3181818181818182 0.017786561264822136 0.04895104895104895
1 0.03162055335968379 0.3146853146853147 0.017786561264822136 0.05244755244755245
1 0.2549407114624506 0.3076923076923077 0.015810276679841896 0.045454545454545456
2 0.037549407114624504 0.2762237762237762 0.03557312252964427 0.05244755244755245
2 0.05533596837944664 0.2937062937062937 0.029644268774703556 0.05244755244755245
2 0.11462450592885376 0.3181818181818182 0.039525691699604744 0.06993006993006994
2 0.16996047430830039 0.3356643356643357 0.04940711462450593 0.06293706293706294
2 0.116600790513834 0.2937062937062937 0.03162055335968379 0.03146853146853147
2 0.08695652173913043 0.26573426573426573 0.025691699604743084 0.03496503496503497
2 0.20355731225296442 0.3181818181818182 0.04743083003952569 0.04895104895104895
2 0.22529644268774704 0.28321678321678323 0.0533596837944664 0.04195804195804196
2 0.34189723320158105 0.2762237762237762 0.04743083003952569 0.045454545454545456
2 0.6996047430830039 0.3146853146853147 0.045454545454545456 0.04195804195804196
2 0.733201581027668 0.3356643356643357 0.037549407114624504 0.045454545454545456
2 0.7569169960474308 0.36013986013986016 0.04743083003952569 0.05244755244755245
2 0.7154150197628458 0.3916083916083916 0.06719367588932806 0.08391608391608392
2 0.8814229249011858 0.44405594405594406 0.07509881422924901 0.0944055944055944
2 0.9011857707509882 0.3531468531468531 0.04940711462450593 0.07692307692307693
2 0.22332015810276679 0.47202797202797203 0.11264822134387352 0.16783216783216784
2 0.2826086956521739 0.6503496503496503 0.23517786561264822 0.24125874125874125
2 0.8794466403162056 0.3321678321678322 0.03359683794466403 0.04195804195804196
4 0.5770750988142292 0.2692307692307692 0.07312252964426877 0.05944055944055944
3 0.7430830039525692 0.2902097902097902 0.05731225296442688 0.045454545454545456
2 0.8537549407114624 0.2902097902097902 0.06126482213438735 0.038461538461538464
