1 0.14031620553359683 0.6713286713286714 0.05731225296442688 0.19230769230769232
1 0.2707509881422925 0.5052447552447552 0.037549407114624504 0.13986013986013987
1 0.10770750988142293 0.3548951048951049 0.03162055335968379 0.09090909090909091
1 0.05632411067193676 0.2674825174825175 0.023715415019762844 0.06293706293706294
1 0.18379446640316205 0.34615384615384615 0.025691699604743084 0.06643356643356643
1 0.3567193675889328 0.3986013986013986 0.043478260869565216 0.0944055944055944
1 0.20454545454545456 0.31643356643356646 0.03557312252964427 0.07692307692307693
1 0.30039525691699603 0.34965034965034963 0.025691699604743084 0.08741258741258741
1 0.5306324110671937 0.3881118881118881 0.043478260869565216 0.08741258741258741
1 0.7539525691699605 0.48776223776223776 0.06324110671936758 0.11888111888111888
1 0.8745059288537549 0.5034965034965035 0.06324110671936758 0.11538461538461539
1 0.8122529644268774 0.3881118881118881 0.0533596837944664 0.0944055944055944
1 0.9258893280632411 0.44755244755244755 0.06324110671936758 0.10139860139860139
1 0.9575098814229249 0.5629370629370629 0.07509881422924901 0.12237762237762238
1 0.17193675889328064 0.2202797202797203 0.025691699604743084 0.05244755244755245
1 0.22035573122529645 0.21853146853146854 0.023715415019762844 0.04195804195804196
1 0.3092885375494071 0.2674825174825175 0.03162055335968379 0.06293706293706294
1 0.36462450592885376 0.2674825174825175 0.03162055335968379 0.06293706293706294
1 0.43774703557312256 0.3793706293706294 0.023715415019762844 0.08391608391608392
1 0.4614624505928854 0.34965034965034963 0.023715415019762844 0.08741258741258741
1 0.4624505928853755 0.28496503496503495 0.021739130434782608 0.06293706293706294
1 0.4891304347826087 0.27797202797202797 0.015810276679841896 0.06293706293706294
1 0.5187747035573123 0.32517482517482516 0.039525691699604744 0.07342657342657342
1 0.5770750988142292 0.4090909090909091 0.0533596837944664 0.0944055944055944
1 0.7154150197628458 0.3723776223776224 0.04940711462450593 0.09090909090909091
1 0.5830039525691699 0.32517482517482516 0.041501976284584984 0.08041958041958042
1 0.6136363636363636 0.3129370629370629 0.03162055335968379 0.06293706293706294
1 0.6116600790513834 0.3723776223776224 0.039525691699604744 0.09090909090909091
1 0.40711462450592883 0.270979020979021 0.021739130434782608 0.04895104895104895
1 0.5968379446640316 0.23776223776223776 0.03359683794466403 0.05944055944055944
2 0.16304347826086957 0.42482517482517484 0.07905138339920949 0.1258741258741259
2 0.5009881422924901 0.5402097902097902 0.09881422924901186 0.17482517482517482
2 0.2618577075098814 0.3409090909090909 0.06719367588932806 0.09090909090909091
2 0.2549407114624506 0.263986013986014 0.08102766798418973 0.06993006993006994
2 0.3883399209486166 0.22202797202797203 0.05928853754940711 0.04895104895104895
2 0.5484189723320159 0.256993006993007 0.04743083003952569 0.06293706293706294
2 0.5138339920948617 0.21328671328671328 0.037549407114624504 0.05244755244755245
2 0.691699604743083 0.22727272727272727 0.06126482213438735 0.045454545454545456
4 0.5721343873517787 0.19755244755244755 0.06324110671936758 0.06993006993006994
4 0.30632411067193677 0.2097902097902098 0.09288537549407115 0.08041958041958042
3 0.12944664031620554 0.1888111888111888 0.12648221343873517 0.08741258741258741
