1 0.08794466403162056 0.6223776223776224 0.04743083003952569 0.17132867132867133
1 0.13636363636363635 0.6800699300699301 0.0533596837944664 0.1958041958041958
1 0.1383399209486166 0.5472027972027972 0.041501976284584984 0.1258741258741259
1 0.11462450592885376 0.4090909090909091 0.029644268774703556 0.10839160839160839
1 0.10177865612648221 0.34440559440559443 0.015810276679841896 0.07692307692307693
1 0.03557312252964427 0.3041958041958042 0.021739130434782608 0.08041958041958042
1 0.11857707509881422 0.35664335664335667 0.021739130434782608 0.08741258741258741
1 0.12845849802371542 0.3181818181818182 0.025691699604743084 0.08041958041958042
1 0.18873517786561264 0.33916083916083917 0.03162055335968379 0.08741258741258741
1 0.18675889328063242 0.583916083916084 0.039525691699604744 0.15734265734265734
1 0.24604743083003952 0.5961538461538461 0.039525691699604744 0.16083916083916083
1 0.21146245059288538 0.493006993006993 0.029644268774703556 0.14335664335664336
1 0.2766798418972332 0.6870629370629371 0.0533596837944664 0.18181818181818182
1 0.3458498023715415 0.666083916083916 0.041501976284584984 0.18181818181818182
1 0.3339920948616601 0.49125874125874125 0.03359683794466403 0.13286713286713286
1 0.2974308300395257 0.46503496503496505 0.03557312252964427 0.12237762237762238
1 0.26383399209486164 0.4090909090909091 0.02766798418972332 0.0944055944055944
1 0.3794466403162055 0.4772727272727273 0.021739130434782608 0.11888111888111888
1 0.40217391304347827 0.493006993006993 0.03162055335968379 0.13636363636363635
1 0.3557312252964427 0.42657342657342656 0.029644268774703556 0.11538461538461539
1 0.33992094861660077 0.3916083916083916 0.017786561264822136 0.10139860139860139
1 0.3675889328063241 0.3339160839160839 0.029644268774703556 0.06293706293706294
1 0.30237154150197626 0.31643356643356646 0.025691699604743084 0.06293706293706294
1 0.2855731225296443 0.3741258741258741 0.015810276679841896 0.08041958041958042
1 0.3132411067193676 0.3688811188811189 0.019762845849802372 0.055944055944055944
1 0.4367588932806324 0.43006993006993005 0.025691699604743084 0.11538461538461539
1 0.39723320158102765 0.36363636363636365 0.01383399209486166 0.08741258741258741
1 0.5859683794466403 0.4370629370629371 0.019762845849802372 0.10839160839160839
1 0.674901185770751 0.4405594405594406 0.05928853754940711 0.0944055944055944
1 0.5513833992094862 0.3776223776223776 0.01383399209486166 0.10139860139860139
1 0.4654150197628458 0.36363636363636365 0.023715415019762844 0.08041958041958042
1 0.4288537549407115 0.3758741258741259 0.025691699604743084 0.07692307692307693
1 0.40810276679841895 0.3269230769230769 0.019762845849802372 0.07692307692307693
1 0.7203557312252964 0.534965034965035 0.07509881422924901 0.12237762237762238
1 0.8073122529644269 0.5122377622377622 0.07114624505928854 0.11888111888111888
1 0.7549407114624506 0.48426573426573427 0.05731225296442688 0.11188811188811189
1 0.8893280632411067 0.5034965034965035 0.07312252964426877 0.12237762237762238
1 0.9664031620553359 0.541958041958042 0.05731225296442688 0.12237762237762238
1 0.841897233201581 0.42132867132867136 0.04940711462450593 0.08391608391608392
1 0.7470355731225297 0.40734265734265734 0.0533596837944664 0.09090909090909091
1 0.7954545454545454 0.38636363636363635 0.04743083003952569 0.09090909090909091
1 0.6403162055335968 0.3356643356643357 0.029644268774703556 0.07342657342657342
1 0.6126482213438735 0.32167832167832167 0.021739130434782608 0.07342657342657342
1 0.5760869565217391 0.38461538461538464 0.015810276679841896 0.08741258741258741
1 0.5869565217391305 0.32517482517482516 0.025691699604743084 0.08041958041958042
1 0.49110671936758893 0.34615384615384615 0.015810276679841896 0.07342657342657342
1 0.5247035573122529 0.33916083916083917 0.015810276679841896 0.05944055944055944
2 0.2391304347826087 0.36013986013986016 0.0691699604743083 0.0944055944055944
2 0.1541501976284585 0.2902097902097902 0.07707509881422925 0.08041958041958042
2 0.08893280632411067 0.25874125874125875 0.05731225296442688 0.06643356643356643
2 0.20454545454545456 0.2517482517482518 0.07509881422924901 0.07342657342657342
2 0.2974308300395257 0.2867132867132867 0.08695652173913043 0.06643356643356643
2 0.30335968379446643 0.21153846153846154 0.07114624505928854 0.04895104895104895
2 0.5049407114624506 0.42132867132867136 0.05928853754940711 0.11888111888111888
2 0.4654150197628458 0.19230769230769232 0.03557312252964427 0.038461538461538464
2 0.6324110671936759 0.23426573426573427 0.0533596837944664 0.038461538461538464
2 0.6966403162055336 0.2202797202797203 0.06324110671936758 0.045454545454545456
2 0.8053359683794467 0.2202797202797203 0.05928853754940711 0.038461538461538464
2 0.9189723320158103 0.48426573426573427 0.15217391304347827 0.13986013986013987
1 0.41205533596837945 0.2465034965034965 0.02766798418972332 0.055944055944055944
1 0.3942687747035573 0.2062937062937063 0.02766798418972332 0.045454545454545456
1 0.45454545454545453 0.23251748251748253 0.021739130434782608 0.04195804195804196
1 0.4397233201581028 0.18706293706293706 0.019762845849802372 0.04895104895104895
1 0.5158102766798419 0.28146853146853146 0.017786561264822136 0.055944055944055944
1 0.36264822134387353 0.28146853146853146 0.019762845849802372 0.055944055944055944
1 0.5316205533596838 0.28846153846153844 0.01383399209486166 0.04895104895104895
