1 0.6096837944664032 0.9877622377622378 0.1383399209486166 0.2202797202797203
1 0.8201581027667985 1.0734265734265733 0.12845849802371542 0.18181818181818182
1 0.9367588932806324 1.2185314685314685 0.11264822134387352 0.17132867132867133
1 0.6462450592885376 0.8881118881118881 0.11264822134387352 0.17132867132867133
1 0.6571146245059288 0.8513986013986014 0.09486166007905138 0.15384615384615385
1 0.5355731225296443 0.7290209790209791 0.09288537549407115 0.15384615384615385
1 0.37549407114624506 0.5472027972027972 0.07312252964426877 0.13986013986013987
1 0.24110671936758893 0.3793706293706294 0.0533596837944664 0.11888111888111888
1 0.20948616600790515 0.32867132867132864 0.041501976284584984 0.09090909090909091
1 0.15810276679841898 0.28846153846153844 0.037549407114624504 0.08041958041958042
1 0.07114624505928854 0.20104895104895104 0.037549407114624504 0.0979020979020979
1 0.08992094861660078 0.2062937062937063 0.03557312252964427 0.1048951048951049
1 0.05533596837944664 0.16258741258741258 0.029644268774703556 0.10139860139860139
1 0.5335968379446641 0.6468531468531469 0.041501976284584984 0.12937062937062938
1 0.5602766798418972 0.6888111888111889 0.03162055335968379 0.1048951048951049
1 0.6067193675889329 0.7237762237762237 0.037549407114624504 0.16433566433566432
1 0.7420948616600791 0.8409090909090909 0.03162055335968379 0.13986013986013987
1 0.7944664031620553 0.8636363636363636 0.03359683794466403 0.13286713286713286
1 0.7094861660079052 0.8111888111888111 0.045454545454545456 0.14335664335664336
1 0.66600790513834 0.7727272727272727 0.037549407114624504 0.14335664335664336
1 0.6403162055335968 0.7290209790209791 0.03359683794466403 0.12237762237762238
1 0.5968379446640316 0.6818181818181818 0.03359683794466403 0.11888111888111888
1 0.5217391304347826 0.6206293706293706 0.045454545454545456 0.14335664335664336
1 0.7440711462450593 0.798951048951049 0.02766798418972332 0.08741258741258741
1 0.7154150197628458 0.7622377622377622 0.029644268774703556 0.10839160839160839
1 0.6837944664031621 0.736013986013986 0.025691699604743084 0.08741258741258741
1 0.8053359683794467 0.7744755244755245 0.023715415019762844 0.08041958041958042
1 0.7618577075098815 0.763986013986014 0.02766798418972332 0.09090909090909091
1 0.7025691699604744 0.722027972027972 0.023715415019762844 0.055944055944055944
1 0.6393280632411067 0.6975524475524476 0.02766798418972332 0.08741258741258741
1 0.7341897233201581 0.75 0.019762845849802372 0.06643356643356643
2 0.8379446640316206 0.9807692307692307 0.15217391304347827 0.2097902097902098
2 0.4090909090909091 0.7272727272727273 0.2549407114624506 0.2692307692307692
2 0.2826086956521739 0.7395104895104895 0.3181818181818182 0.2972027972027972
2 0.1650197628458498 0.40384615384615385 0.20553359683794467 0.2097902097902098
4 0.9150197628458498 0.9143356643356644 0.11264822134387352 0.23776223776223776
4 0.8616600790513834 0.8199300699300699 0.06126482213438735 0.08041958041958042
2 0.791501976284585 0.8391608391608392 0.1067193675889328 0.13636363636363635
2 0.9189723320158103 0.8444055944055944 0.041501976284584984 0.07342657342657342
2 0.8537549407114624 0.8391608391608392 0.0533596837944664 0.10139860139860139
