2 0.9130434782608695 0.9283216783216783 0.08498023715415019 0.14335664335664336
1 0.7865612648221344 1.0472027972027973 0.07312252964426877 0.2202797202797203
1 0.9525691699604744 1.152097902097902 0.08102766798418973 0.16083916083916083
1 0.6956521739130435 0.8968531468531469 0.0533596837944664 0.2097902097902098
1 0.6373517786561265 0.7867132867132867 0.043478260869565216 0.1853146853146853
1 0.7312252964426877 0.8513986013986014 0.045454545454545456 0.14685314685314685
1 0.8132411067193676 0.8793706293706294 0.03557312252964427 0.13286713286713286
1 0.8063241106719368 0.8251748251748252 0.03359683794466403 0.10139860139860139
1 0.7776679841897233 0.7867132867132867 0.02766798418972332 0.10839160839160839
1 0.7213438735177866 0.7307692307692307 0.025691699604743084 0.0979020979020979
1 0.7094861660079052 0.7604895104895105 0.029644268774703556 0.10139860139860139
1 0.7598814229249012 0.8321678321678322 0.039525691699604744 0.11188811188811189
1 0.6887351778656127 0.7727272727272727 0.043478260869565216 0.13636363636363635
1 0.6264822134387352 0.7167832167832168 0.04940711462450593 0.13636363636363635
1 0.4990118577075099 0.6748251748251748 0.07114624505928854 0.15034965034965034
1 0.4762845849802372 0.7447552447552448 0.10474308300395258 0.17832167832167833
1 0.4407114624505929 0.6503496503496503 0.08102766798418973 0.14335664335664336
1 0.37351778656126483 0.5961538461538461 0.08102766798418973 0.16083916083916083
1 0.383399209486166 0.5541958041958042 0.06521739130434782 0.13286713286713286
1 0.2549407114624506 0.4388111888111888 0.06521739130434782 0.15034965034965034
1 0.3359683794466403 0.458041958041958 0.0691699604743083 0.11188811188811189
1 0.2519762845849802 0.3688811188811189 0.04743083003952569 0.07342657342657342
1 0.26383399209486164 0.3968531468531469 0.04743083003952569 0.11538461538461539
1 0.2341897233201581 0.38636363636363635 0.04743083003952569 0.1048951048951049
1 0.18181818181818182 0.3583916083916084 0.045454545454545456 0.12237762237762238
1 0.1907114624505929 0.32867132867132864 0.04743083003952569 0.11188811188811189
1 0.1442687747035573 0.25874125874125875 0.037549407114624504 0.09090909090909091
1 0.09486166007905138 0.256993006993007 0.037549407114624504 0.06993006993006994
1 0.06324110671936758 0.1888111888111888 0.037549407114624504 0.10139860139860139
1 0.08794466403162056 0.1993006993006993 0.023715415019762844 0.10139860139860139
1 0.10869565217391304 0.20804195804195805 0.021739130434782608 0.11538461538461539
1 0.8162055335968379 0.7709790209790209 0.021739130434782608 0.08041958041958042
1 0.8438735177865613 0.7867132867132867 0.017786561264822136 0.05244755244755245
1 0.04743083003952569 0.14335664335664336 0.025691699604743084 0.08391608391608392
2 0.09288537549407115 0.34615384615384615 0.16798418972332016 0.16083916083916083
3 0.07015810276679842 0.3339160839160839 0.12648221343873517 0.33916083916083917
2 0.8478260869565217 0.8304195804195804 0.06126482213438735 0.0944055944055944
2 0.8903162055335968 0.8391608391608392 0.04743083003952569 0.06993006993006994
2 0.9199604743083004 0.8426573426573427 0.039525691699604744 0.05944055944055944
