1 0.15118577075098813 0.5122377622377622 0.06719367588932806 0.15734265734265734
1 0.20454545454545456 0.5751748251748252 0.04743083003952569 0.16433566433566432
1 0.2075098814229249 0.6643356643356644 0.0691699604743083 0.09090909090909091
1 0.2618577075098814 0.5926573426573427 0.039525691699604744 0.13636363636363635
1 0.28952569169960474 0.6783216783216783 0.05533596837944664 0.1888111888111888
1 0.35079051383399207 0.715034965034965 0.05138339920948617 0.18181818181818182
1 0.042490118577075096 0.31993006993006995 0.02766798418972332 0.10839160839160839
1 0.22727272727272727 0.41083916083916083 0.021739130434782608 0.08741258741258741
1 0.16897233201581027 0.3531468531468531 0.023715415019762844 0.06993006993006994
1 0.13043478260869565 0.30594405594405594 0.021739130434782608 0.06293706293706294
1 0.33695652173913043 0.5017482517482518 0.03557312252964427 0.06993006993006994
1 0.40019762845849804 0.5751748251748252 0.043478260869565216 0.08041958041958042
1 0.4367588932806324 0.7342657342657343 0.041501976284584984 0.16433566433566432
1 0.5237154150197628 0.8706293706293706 0.0691699604743083 0.17482517482517482
1 0.6442687747035574 0.9388111888111889 0.04940711462450593 0.14685314685314685
1 0.6857707509881423 1.0034965034965035 0.05731225296442688 0.16433566433566432
1 0.6778656126482213 0.9178321678321678 0.037549407114624504 0.12237762237762238
1 0.7361660079051383 0.9527972027972028 0.03557312252964427 0.11538461538461539
1 0.8102766798418972 1.0646853146853146 0.041501976284584984 0.13986013986013987
1 0.2766798418972332 0.4405594405594406 0.03359683794466403 0.06293706293706294
1 0.2391304347826087 0.4125874125874126 0.025691699604743084 0.08041958041958042
1 0.025691699604743084 0.18706293706293706 0.017786561264822136 0.05944055944055944
1 0.07312252964426877 0.2395104895104895 0.017786561264822136 0.045454545454545456
1 0.08399209486166008 0.2517482517482518 0.015810276679841896 0.055944055944055944
1 0.11363636363636363 0.25 0.015810276679841896 0.06643356643356643
1 0.0958498023715415 0.23251748251748253 0.019762845849802372 0.04195804195804196
1 0.06422924901185771 0.1993006993006993 0.015810276679841896 0.05244755244755245
1 0.16699604743083005 0.3269230769230769 0.03162055335968379 0.04195804195804196
1 0.26679841897233203 0.38286713286713286 0.017786561264822136 0.04195804195804196
1 0.3142292490118577 0.42482517482517484 0.025691699604743084 0.04195804195804196
1 0.8310276679841897 1.0104895104895104 0.03162055335968379 0.11538461538461539
1 0.883399209486166 1.1451048951048952 0.041501976284584984 0.14685314685314685
1 0.9041501976284585 1.1293706293706294 0.043478260869565216 0.11888111888111888
1 0.8814229249011858 1.0594405594405594 0.03359683794466403 0.11188811188811189
1 0.8567193675889329 1.0122377622377623 0.03557312252964427 0.08391608391608392
1 0.8547430830039525 0.9825174825174825 0.019762845849802372 0.06993006993006994
1 0.9258893280632411 1.034965034965035 0.019762845849802372 0.07342657342657342
1 0.9456521739130435 1.0996503496503496 0.03557312252964427 0.1048951048951049
1 0.9802371541501976 1.1590909090909092 0.025691699604743084 0.1258741258741259
1 0.9634387351778656 1.0874125874125875 0.02766798418972332 0.08041958041958042
1 0.941699604743083 1.0052447552447552 0.019762845849802372 0.03496503496503497
1 0.9426877470355731 1.0332167832167831 0.021739130434782608 0.06643356643356643
1 0.9614624505928854 1.0541958041958042 0.015810276679841896 0.05944055944055944
1 0.9851778656126482 1.0751748251748252 0.019762845849802372 0.05944055944055944
2 0.05039525691699605 0.2744755244755245 0.08695652173913043 0.10839160839160839
2 0.10276679841897234 0.49125874125874125 0.191699604743083 0.18181818181818182
2 0.6225296442687747 0.8811188811188811 0.14031620553359683 0.16083916083916083
2 0.6926877470355731 0.8828671328671329 0.09881422924901186 0.10139860139860139
2 0.6600790513833992 0.8251748251748252 0.08893280632411067 0.07692307692307693
2 0.7608695652173914 0.8898601398601399 0.08102766798418973 0.07692307692307693
2 0.8596837944664032 0.972027972027972 0.08102766798418973 0.06643356643356643
2 0.7885375494071146 0.8741258741258742 0.04940711462450593 0.04895104895104895
2 0.36264822134387353 0.4825174825174825 0.05138339920948617 0.038461538461538464
2 0.44565217391304346 0.5506993006993007 0.043478260869565216 0.03146853146853147
2 0.5523715415019763 0.6520979020979021 0.05533596837944664 0.04195804195804196
2 0.9535573122529645 1.0104895104895104 0.05928853754940711 0.04195804195804196
