2 0.17984189723320157 0.38286713286713286 0.06126482213438735 0.07692307692307693
2 0.21541501976284586 0.3811188811188811 0.045454545454545456 0.08391608391608392
2 0.16897233201581027 0.3269230769230769 0.03557312252964427 0.06993006993006994
2 0.09288537549407115 0.2517482517482518 0.037549407114624504 0.06293706293706294
2 0.08498023715415019 0.21503496503496503 0.021739130434782608 0.03146853146853147
2 0.116600790513834 0.2465034965034965 0.021739130434782608 0.04895104895104895
2 0.3952569169960474 0.4965034965034965 0.04940711462450593 0.045454545454545456
2 0.4308300395256917 0.5367132867132867 0.04940711462450593 0.04195804195804196
2 0.6788537549407114 0.7604895104895105 0.039525691699604744 0.038461538461538464
2 0.6432806324110671 0.7272727272727273 0.04743083003952569 0.03496503496503497
2 0.7490118577075099 0.8444055944055944 0.037549407114624504 0.06293706293706294
2 0.8102766798418972 0.9265734265734266 0.0691699604743083 0.07342657342657342
2 0.8794466403162056 0.951048951048951 0.0533596837944664 0.03496503496503497
2 0.9436758893280632 1.0402097902097902 0.08300395256916997 0.055944055944055944
2 0.967391304347826 1.0786713286713288 0.05138339920948617 0.06293706293706294
1 0.021739130434782608 0.2534965034965035 0.021739130434782608 0.10139860139860139
1 0.09288537549407115 0.3076923076923077 0.025691699604743084 0.09090909090909091
1 0.06422924901185771 0.25524475524475526 0.019762845849802372 0.06643356643356643
1 0.043478260869565216 0.229020979020979 0.021739130434782608 0.055944055944055944
1 0.018774703557312252 0.20454545454545456 0.019762845849802372 0.05944055944055944
1 0.029644268774703556 0.19755244755244755 0.021739130434782608 0.04195804195804196
1 0.058300395256917 0.21678321678321677 0.023715415019762844 0.055944055944055944
1 0.11758893280632411 0.2762237762237762 0.019762845849802372 0.06643356643356643
1 0.3300395256916996 0.5122377622377622 0.04940711462450593 0.07692307692307693
1 0.2549407114624506 0.3811188811188811 0.025691699604743084 0.05944055944055944
1 0.22430830039525693 0.34615384615384615 0.019762845849802372 0.038461538461538464
1 0.31719367588932806 0.43006993006993005 0.023715415019762844 0.04195804195804196
1 0.18181818181818182 0.2937062937062937 0.021739130434782608 0.038461538461538464
1 0.2509881422924901 0.4965034965034965 0.045454545454545456 0.11538461538461539
1 0.28063241106719367 0.548951048951049 0.037549407114624504 0.11188811188811189
1 0.2658102766798419 0.548951048951049 0.039525691699604744 0.10839160839160839
1 0.2628458498023715 0.5611888111888111 0.025691699604743084 0.0979020979020979
1 0.24703557312252963 0.5506993006993007 0.041501976284584984 0.14335664335664336
1 0.3181818181818182 0.6520979020979021 0.08102766798418973 0.12937062937062938
1 0.4061264822134387 0.6520979020979021 0.05533596837944664 0.1048951048951049
1 0.41205533596837945 0.6853146853146853 0.05533596837944664 0.08741258741258741
1 0.40810276679841895 0.6975524475524476 0.04743083003952569 0.11888111888111888
1 0.43478260869565216 0.7534965034965035 0.07312252964426877 0.13636363636363635
1 0.5019762845849802 0.756993006993007 0.05731225296442688 0.1258741258741259
1 0.3181818181818182 0.6958041958041958 0.08498023715415019 0.17132867132867133
1 0.22529644268774704 0.6713286713286714 0.07312252964426877 0.1048951048951049
1 0.3547430830039526 0.7709790209790209 0.08695652173913043 0.10839160839160839
1 0.46936758893280633 0.8479020979020979 0.09090909090909091 0.16083916083916083
1 0.6719367588932806 0.8129370629370629 0.041501976284584984 0.08041958041958042
1 0.7193675889328063 0.8321678321678322 0.017786561264822136 0.07692307692307693
1 0.7786561264822134 0.9003496503496503 0.029644268774703556 0.08041958041958042
1 0.817193675889328 0.9597902097902098 0.02766798418972332 0.0944055944055944
1 0.8626482213438735 0.9737762237762237 0.019762845849802372 0.08041958041958042
1 0.8824110671936759 0.9737762237762237 0.015810276679841896 0.05944055944055944
1 0.8903162055335968 0.972027972027972 0.015810276679841896 0.05244755244755245
1 0.9496047430830039 1.0961538461538463 0.03162055335968379 0.0944055944055944
1 0.9851778656126482 1.132867132867133 0.019762845849802372 0.0944055944055944
3 0.758893280632411 0.8618881118881119 0.12450592885375494 0.0979020979020979
3 0.7618577075098815 1.1608391608391608 0.47035573122529645 0.44405594405594406
