2 0.25691699604743085 0.5524475524475524 0.13438735177865613 0.15384615384615385
2 0.5948616600790514 0.4090909090909091 0.09683794466403162 0.06993006993006994
2 0.7687747035573123 0.36013986013986016 0.06521739130434782 0.05944055944055944
2 0.7549407114624506 0.3111888111888112 0.045454545454545456 0.04895104895104895
2 0.7351778656126482 0.2902097902097902 0.0533596837944664 0.038461538461538464
2 0.6383399209486166 0.3041958041958042 0.05731225296442688 0.038461538461538464
2 0.5375494071146245 0.2867132867132867 0.0533596837944664 0.03496503496503497
2 0.5731225296442688 0.2727272727272727 0.05928853754940711 0.04195804195804196
2 0.2865612648221344 0.2517482517482518 0.045454545454545456 0.03496503496503497
2 0.43280632411067194 0.2727272727272727 0.041501976284584984 0.03496503496503497
2 0.24703557312252963 0.24825174825174826 0.03557312252964427 0.03146853146853147
2 0.18379446640316205 0.32517482517482516 0.05138339920948617 0.05244755244755245
1 0.12055335968379446 0.7202797202797203 0.05138339920948617 0.16783216783216784
1 0.1482213438735178 0.6398601398601399 0.043478260869565216 0.21678321678321677
1 0.025691699604743084 0.4125874125874126 0.019762845849802372 0.08391608391608392
1 0.07509881422924901 0.40559440559440557 0.019762845849802372 0.08391608391608392
1 0.045454545454545456 0.3741258741258741 0.02766798418972332 0.07692307692307693
1 0.116600790513834 0.3951048951048951 0.025691699604743084 0.0944055944055944
1 0.12845849802371542 0.3951048951048951 0.023715415019762844 0.07692307692307693
1 0.15810276679841898 0.3881118881118881 0.025691699604743084 0.07342657342657342
1 0.22134387351778656 0.44755244755244755 0.02766798418972332 0.1048951048951049
1 0.21739130434782608 0.5454545454545454 0.02766798418972332 0.11888111888111888
1 0.47035573122529645 0.5594405594405595 0.0533596837944664 0.12237762237762238
1 0.5276679841897233 0.6993006993006993 0.06719367588932806 0.16083916083916083
1 0.758893280632411 0.6223776223776224 0.045454545454545456 0.13636363636363635
1 0.5830039525691699 0.4965034965034965 0.039525691699604744 0.0979020979020979
1 0.6996047430830039 0.47202797202797203 0.03359683794466403 0.0944055944055944
1 0.7371541501976284 0.4230769230769231 0.023715415019762844 0.08391608391608392
1 0.808300395256917 0.4405594405594406 0.025691699604743084 0.09090909090909091
1 0.9446640316205533 0.47202797202797203 0.03557312252964427 0.08741258741258741
1 0.958498023715415 0.3986013986013986 0.023715415019762844 0.06293706293706294
1 0.8656126482213439 0.3951048951048951 0.023715415019762844 0.06643356643356643
1 0.8932806324110671 0.3741258741258741 0.019762845849802372 0.05944055944055944
1 0.9308300395256917 0.3531468531468531 0.02766798418972332 0.055944055944055944
1 0.8972332015810277 0.33916083916083917 0.02766798418972332 0.055944055944055944
1 0.8636363636363636 0.32867132867132864 0.023715415019762844 0.04895104895104895
1 0.8399209486166008 0.32867132867132864 0.025691699604743084 0.055944055944055944
1 0.8300395256916996 0.36713286713286714 0.017786561264822136 0.06293706293706294
1 0.841897233201581 0.3811188811188811 0.03162055335968379 0.06643356643356643
1 0.7134387351778656 0.3111888111888112 0.025691699604743084 0.04195804195804196
1 0.5 0.40559440559440557 0.045454545454545456 0.06993006993006994
1 0.3458498023715415 0.4020979020979021 0.04743083003952569 0.07692307692307693
1 0.23122529644268774 0.3811188811188811 0.01383399209486166 0.05244755244755245
1 0.20948616600790515 0.34965034965034963 0.021739130434782608 0.05944055944055944
1 0.2845849802371542 0.2867132867132867 0.023715415019762844 0.045454545454545456
1 0.3359683794466403 0.28321678321678323 0.025691699604743084 0.038461538461538464
1 0.3794466403162055 0.27972027972027974 0.02766798418972332 0.038461538461538464
1 0.043478260869565216 0.3321678321678322 0.017786561264822136 0.04195804195804196
1 0.07114624505928854 0.3531468531468531 0.01383399209486166 0.03496503496503497
1 0.09288537549407115 0.3076923076923077 0.015810276679841896 0.05244755244755245
1 0.1541501976284585 0.32867132867132864 0.017786561264822136 0.055944055944055944
1 0.22924901185770752 0.3041958041958042 0.017786561264822136 0.04895104895104895
1 0.21739130434782608 0.2517482517482518 0.011857707509881422 0.038461538461538464
1 0.1956521739130435 0.2517482517482518 0.015810276679841896 0.038461538461538464
