1 0.22826086956521738 0.7534965034965035 0.07509881422924901 0.22377622377622378
1 0.3547430830039526 0.7202797202797203 0.05928853754940711 0.1993006993006993
1 0.2717391304347826 0.5786713286713286 0.06719367588932806 0.1258741258741259
1 0.06225296442687747 0.479020979020979 0.03557312252964427 0.12237762237762238
1 0.10177865612648221 0.4318181818181818 0.03557312252964427 0.11888111888111888
1 0.08300395256916997 0.36013986013986016 0.025691699604743084 0.0944055944055944
1 0.11758893280632411 0.3618881118881119 0.023715415019762844 0.0979020979020979
1 0.15118577075098813 0.40034965034965037 0.02766798418972332 0.1048951048951049
1 0.19268774703557312 0.40734265734265734 0.02766798418972332 0.11188811188811189
1 0.07015810276679842 0.2744755244755245 0.023715415019762844 0.06993006993006994
1 0.0958498023715415 0.2744755244755245 0.02766798418972332 0.06993006993006994
1 0.20948616600790515 0.31643356643356646 0.021739130434782608 0.07692307692307693
1 0.23023715415019763 0.34265734265734266 0.02766798418972332 0.07342657342657342
1 0.2440711462450593 0.3723776223776224 0.02766798418972332 0.09090909090909091
1 0.2776679841897233 0.3356643356643357 0.039525691699604744 0.08041958041958042
1 0.3922924901185771 0.4982517482517482 0.07114624505928854 0.11188811188811189
1 0.7025691699604744 0.5821678321678322 0.03162055335968379 0.16083916083916083
1 0.7895256916996047 0.48951048951048953 0.06719367588932806 0.12237762237762238
1 0.9466403162055336 0.5454545454545454 0.06521739130434782 0.11538461538461539
1 0.8112648221343873 0.3881118881118881 0.05138339920948617 0.08041958041958042
1 0.9713438735177866 0.46153846153846156 0.04743083003952569 0.10839160839160839
1 0.38438735177865613 0.3146853146853147 0.03557312252964427 0.07342657342657342
1 0.3231225296442688 0.28321678321678323 0.023715415019762844 0.07342657342657342
1 0.3577075098814229 0.28496503496503495 0.025691699604743084 0.06993006993006994
1 0.41304347826086957 0.30244755244755245 0.025691699604743084 0.06993006993006994
1 0.441699604743083 0.30244755244755245 0.02766798418972332 0.06993006993006994
1 0.575098814229249 0.25874125874125875 0.01383399209486166 0.05944055944055944
1 0.2845849802371542 0.23251748251748253 0.03359683794466403 0.06293706293706294
1 0.10177865612648221 0.20104895104895104 0.023715415019762844 0.04895104895104895
1 0.1383399209486166 0.1993006993006993 0.025691699604743084 0.045454545454545456
1 0.05237154150197629 0.24475524475524477 0.019762845849802372 0.05244755244755245
1 0.3893280632411067 0.26573426573426573 0.017786561264822136 0.05244755244755245
1 0.43873517786561267 0.2534965034965035 0.017786561264822136 0.04895104895104895
1 0.4634387351778656 0.47202797202797203 0.06324110671936758 0.10839160839160839
2 0.30335968379446643 0.42657342657342656 0.11462450592885376 0.12237762237762238
2 0.4624505928853755 0.4090909090909091 0.12450592885375494 0.10839160839160839
2 0.5039525691699605 0.3688811188811189 0.10474308300395258 0.09090909090909091
2 0.5069169960474308 0.32167832167832167 0.11067193675889328 0.08741258741258741
2 0.17193675889328064 0.26048951048951047 0.07312252964426877 0.06993006993006994
2 0.2450592885375494 0.256993006993007 0.07312252964426877 0.06293706293706294
2 0.48616600790513836 0.25 0.06126482213438735 0.055944055944055944
2 0.541501976284585 0.25524475524475526 0.045454545454545456 0.07342657342657342
2 0.6818181818181818 0.2062937062937063 0.05731225296442688 0.038461538461538464
2 0.6877470355731226 0.22727272727272727 0.0533596837944664 0.038461538461538464
2 0.9229249011857708 0.43006993006993005 0.1482213438735178 0.10139860139860139
2 0.7292490118577075 0.21678321678321677 0.037549407114624504 0.03146853146853147
2 0.7924901185770751 0.20804195804195805 0.04940711462450593 0.03496503496503497
2 0.9347826086956522 0.23251748251748253 0.06126482213438735 0.04895104895104895
3 0.4051383399209486 0.21503496503496503 0.1324110671936759 0.0979020979020979
2 0.19367588932806323 0.21853146853146854 0.06521739130434782 0.04195804195804196
