1 0.2816205533596838 0.5769230769230769 0.04743083003952569 0.15734265734265734
1 0.24209486166007904 0.5611888111888111 0.043478260869565216 0.14685314685314685
1 0.24209486166007904 0.48426573426573427 0.05928853754940711 0.1258741258741259
1 0.045454545454545456 0.4195804195804196 0.037549407114624504 0.11538461538461539
1 0.037549407114624504 0.36713286713286714 0.03359683794466403 0.08741258741258741
1 0.23221343873517786 0.3968531468531469 0.04743083003952569 0.1048951048951049
1 0.15118577075098813 0.33916083916083917 0.019762845849802372 0.08741258741258741
1 0.18280632411067194 0.3094405594405594 0.015810276679841896 0.06993006993006994
1 0.3221343873517787 0.3968531468531469 0.041501976284584984 0.0979020979020979
1 0.3952569169960474 0.41083916083916083 0.05731225296442688 0.1048951048951049
1 0.4980237154150198 0.40559440559440557 0.04940711462450593 0.0944055944055944
1 0.5148221343873518 0.548951048951049 0.07114624505928854 0.12237762237762238
1 0.6205533596837944 0.5209790209790209 0.0691699604743083 0.10839160839160839
1 0.7559288537549407 0.4125874125874126 0.05138339920948617 0.10839160839160839
1 0.8043478260869565 0.4388111888111888 0.06521739130434782 0.1048951048951049
1 0.9446640316205533 0.42482517482517484 0.06126482213438735 0.09090909090909091
1 0.5 0.27797202797202797 0.01383399209486166 0.04195804195804196
1 0.20652173913043478 0.2692307692307692 0.019762845849802372 0.06643356643356643
1 0.22430830039525693 0.243006993006993 0.019762845849802372 0.055944055944055944
2 0.5622529644268774 0.7045454545454546 0.13438735177865613 0.32167832167832167
2 0.13339920948616601 0.7290209790209791 0.16205533596837945 0.27972027972027974
2 0.2509881422924901 0.3531468531468531 0.08498023715415019 0.0944055944055944
2 0.42193675889328064 0.3548951048951049 0.11462450592885376 0.1048951048951049
2 0.49604743083003955 0.3409090909090909 0.1007905138339921 0.11188811188811189
2 0.6403162055335968 0.36713286713286714 0.116600790513834 0.10839160839160839
2 0.5444664031620553 0.32867132867132864 0.07114624505928854 0.08041958041958042
2 0.25790513833992096 0.2692307692307692 0.03557312252964427 0.05944055944055944
2 0.3942687747035573 0.2762237762237762 0.03557312252964427 0.06643356643356643
2 0.383399209486166 0.23076923076923078 0.05731225296442688 0.05244755244755245
2 0.4407114624505929 0.2744755244755245 0.041501976284584984 0.06293706293706294
2 0.4614624505928854 0.24475524475524477 0.043478260869565216 0.05944055944055944
2 0.5968379446640316 0.23251748251748253 0.04940711462450593 0.06293706293706294
2 0.5345849802371542 0.2762237762237762 0.043478260869565216 0.05944055944055944
2 0.6768774703557312 0.22202797202797203 0.06324110671936758 0.055944055944055944
2 0.7361660079051383 0.22202797202797203 0.05533596837944664 0.04895104895104895
3 0.09782608695652174 0.26223776223776224 0.13043478260869565 0.16433566433566432
4 0.5266798418972332 0.21328671328671328 0.08300395256916997 0.08741258741258741
2 0.4575098814229249 0.16083916083916083 0.02766798418972332 0.038461538461538464
