1 0.10869565217391304 0.29895104895104896 0.021739130434782608 0.07692307692307693
1 0.13932806324110672 0.3129370629370629 0.023715415019762844 0.07692307692307693
1 0.11166007905138339 0.2744755244755245 0.015810276679841896 0.04895104895104895
1 0.1857707509881423 0.34615384615384615 0.025691699604743084 0.06293706293706294
1 0.2025691699604743 0.3374125874125874 0.02766798418972332 0.045454545454545456
1 0.23221343873517786 0.6223776223776224 0.07114624505928854 0.1853146853146853
1 0.40217391304347827 0.7604895104895105 0.07905138339920949 0.2097902097902098
1 0.4199604743083004 0.7132867132867133 0.05533596837944664 0.13636363636363635
1 0.3695652173913043 0.6188811188811189 0.045454545454545456 0.12237762237762238
1 0.2845849802371542 0.46153846153846156 0.03359683794466403 0.06643356643356643
1 0.32806324110671936 0.5034965034965035 0.037549407114624504 0.08391608391608392
1 0.3675889328063241 0.5559440559440559 0.037549407114624504 0.07342657342657342
1 0.4160079051383399 0.6013986013986014 0.03557312252964427 0.08041958041958042
1 0.4881422924901186 0.6643356643356644 0.037549407114624504 0.06993006993006994
1 0.5029644268774703 0.6625874125874126 0.039525691699604744 0.07342657342657342
1 0.6195652173913043 0.7814685314685315 0.04743083003952569 0.07342657342657342
1 0.7361660079051383 0.8426573426573427 0.019762845849802372 0.06293706293706294
1 0.7440711462450593 0.8356643356643356 0.019762845849802372 0.055944055944055944
1 0.8814229249011858 0.9912587412587412 0.037549407114624504 0.07342657342657342
1 0.9110671936758893 1.0 0.01383399209486166 0.05944055944055944
1 0.932806324110672 1.0262237762237763 0.025691699604743084 0.06293706293706294
1 0.9624505928853755 1.048951048951049 0.021739130434782608 0.05944055944055944
1 0.9792490118577075 1.0769230769230769 0.02766798418972332 0.07342657342657342
1 0.8280632411067194 0.8881118881118881 0.025691699604743084 0.038461538461538464
1 0.7302371541501976 0.8006993006993007 0.02766798418972332 0.027972027972027972
1 0.7934782608695652 0.8566433566433567 0.02766798418972332 0.03146853146853147
1 0.9140316205533597 0.9632867132867133 0.019762845849802372 0.027972027972027972
1 0.941699604743083 0.986013986013986 0.019762845849802372 0.038461538461538464
2 0.07015810276679842 0.22552447552447552 0.03162055335968379 0.06293706293706294
2 0.08794466403162056 0.22377622377622378 0.019762845849802372 0.05244755244755245
2 0.10573122529644269 0.25 0.02766798418972332 0.04895104895104895
2 0.15711462450592886 0.3111888111888112 0.03557312252964427 0.06293706293706294
2 0.23122529644268774 0.49125874125874125 0.10474308300395258 0.1258741258741259
2 0.4624505928853755 0.7307692307692307 0.13636363636363635 0.13286713286713286
2 0.6877470355731226 0.8916083916083916 0.08893280632411067 0.10839160839160839
2 0.7924901185770751 1.0017482517482517 0.1007905138339921 0.11538461538461539
2 0.8013833992094862 0.9090909090909091 0.043478260869565216 0.06293706293706294
2 0.7944664031620553 0.8863636363636364 0.045454545454545456 0.04895104895104895
2 0.8507905138339921 0.9405594405594405 0.05138339920948617 0.04895104895104895
2 0.8685770750988142 0.9772727272727273 0.05928853754940711 0.05944055944055944
3 0.8863636363636364 0.9685314685314685 0.07114624505928854 0.06293706293706294
3 0.6472332015810277 0.7465034965034965 0.09881422924901186 0.06993006993006994
2 0.40217391304347827 0.5122377622377622 0.04743083003952569 0.038461538461538464
2 0.3784584980237154 0.48426573426573427 0.043478260869565216 0.038461538461538464
