1 0.6007905138339921 0.7342657342657343 0.04940711462450593 0.15034965034965034
1 0.4051383399209486 0.6188811188811189 0.08893280632411067 0.1958041958041958
1 0.2964426877470356 0.5856643356643356 0.10474308300395258 0.1888111888111888
1 0.1966403162055336 0.5122377622377622 0.09486166007905138 0.2062937062937063
1 0.26679841897233203 0.49475524475524474 0.09683794466403162 0.17482517482517482
1 0.06225296442687747 0.5157342657342657 0.10276679841897234 0.16083916083916083
1 0.020750988142292492 0.13986013986013987 0.03557312252964427 0.0944055944055944
1 0.06422924901185771 0.1520979020979021 0.05533596837944664 0.08041958041958042
1 0.19268774703557312 0.2972027972027972 0.03557312252964427 0.07692307692307693
1 0.5790513833992095 0.6888111888111889 0.04940711462450593 0.13986013986013987
1 0.616600790513834 0.6870629370629371 0.041501976284584984 0.0979020979020979
1 0.8478260869565217 0.8706293706293706 0.025691699604743084 0.08741258741258741
1 0.7806324110671937 0.7884615384615384 0.021739130434782608 0.055944055944055944
1 0.8043478260869565 0.8111888111888111 0.021739130434782608 0.055944055944055944
2 0.17786561264822134 0.38986013986013984 0.18774703557312253 0.12937062937062938
2 0.5118577075098815 0.8706293706293706 0.30632411067193677 0.3146853146853147
2 0.7598814229249012 0.9737762237762237 0.14624505928853754 0.27972027972027974
2 0.8527667984189723 0.9597902097902098 0.1067193675889328 0.19230769230769232
2 0.9051383399209486 0.9475524475524476 0.09288537549407115 0.15734265734265734
2 0.7796442687747036 0.8444055944055944 0.09486166007905138 0.13286713286713286
2 0.8537549407114624 0.8496503496503497 0.0533596837944664 0.09090909090909091
2 0.883399209486166 0.8513986013986014 0.0533596837944664 0.08741258741258741
2 0.9387351778656127 0.9178321678321678 0.06126482213438735 0.1048951048951049
2 0.717391304347826 0.763986013986014 0.09683794466403162 0.13986013986013987
2 0.3567193675889328 0.8636363636363636 0.3715415019762846 0.22727272727272727
2 0.9071146245059288 0.8461538461538461 0.045454545454545456 0.06643356643356643
2 0.9604743083003953 0.916083916083916 0.037549407114624504 0.04895104895104895
2 0.6907114624505929 0.8618881118881119 0.14624505928853754 0.2097902097902098
