1 0.4031620553359684 0.7255244755244755 0.09683794466403162 0.17832167832167833
1 0.23023715415019763 0.5087412587412588 0.08300395256916997 0.16783216783216784
1 0.22233201581027667 0.34965034965034963 0.05928853754940711 0.1048951048951049
1 0.8863636363636364 1.256993006993007 0.17391304347826086 0.1958041958041958
1 0.9476284584980237 1.243006993006993 0.09090909090909091 0.12937062937062938
1 0.9614624505928854 1.1241258741258742 0.06324110671936758 0.16083916083916083
1 0.8537549407114624 0.8671328671328671 0.029644268774703556 0.0979020979020979
1 0.7934782608695652 0.8006993006993007 0.023715415019762844 0.09090909090909091
1 0.7687747035573123 0.784965034965035 0.029644268774703556 0.0944055944055944
1 0.7302371541501976 0.7465034965034965 0.03162055335968379 0.1048951048951049
1 0.9347826086956522 0.9702797202797203 0.045454545454545456 0.1048951048951049
3 0.6284584980237155 0.9440559440559441 0.650197628458498 0.5454545454545454
3 0.18280632411067194 0.4353146853146853 0.22529644268774704 0.24475524475524477
2 0.5948616600790514 0.9423076923076923 0.3300395256916996 0.34265734265734266
2 0.33201581027667987 0.8199300699300699 0.3932806324110672 0.2867132867132867
2 0.039525691699604744 0.30594405594405594 0.06521739130434782 0.17482517482517482
2 0.9209486166007905 0.8391608391608392 0.037549407114624504 0.05944055944055944
2 0.8468379446640316 0.777972027972028 0.039525691699604744 0.04195804195804196
2 0.9189723320158103 0.9283216783216783 0.07312252964426877 0.11538461538461539
2 0.8507905138339921 0.8496503496503497 0.06324110671936758 0.09090909090909091
