1 0.009881422924901186 0.506993006993007 0.04743083003952569 0.15384615384615385
1 0.05928853754940711 0.40559440559440557 0.041501976284584984 0.1258741258741259
1 0.11462450592885376 0.34265734265734266 0.03359683794466403 0.0979020979020979
1 0.06719367588932806 0.24475524475524477 0.019762845849802372 0.08741258741258741
1 0.043478260869565216 0.24475524475524477 0.029644268774703556 0.08391608391608392
1 0.09881422924901186 0.22727272727272727 0.015810276679841896 0.06993006993006994
1 0.21541501976284586 0.36013986013986016 0.03557312252964427 0.10839160839160839
1 0.17193675889328064 0.2867132867132867 0.019762845849802372 0.06993006993006994
1 0.116600790513834 0.25524475524475526 0.021739130434782608 0.08741258741258741
1 0.33992094861660077 0.3776223776223776 0.05731225296442688 0.1048951048951049
1 0.46047430830039526 0.3916083916083916 0.0533596837944664 0.11188811188811189
1 0.5454545454545454 0.3986013986013986 0.03359683794466403 0.12237762237762238
1 0.5098814229249012 0.513986013986014 0.07707509881422925 0.13286713286713286
1 0.5988142292490118 0.36363636363636365 0.023715415019762844 0.11188811188811189
1 0.7430830039525692 0.35664335664335667 0.04940711462450593 0.10139860139860139
1 0.5138339920948617 0.2727272727272727 0.023715415019762844 0.06293706293706294
1 0.25691699604743085 0.3041958041958042 0.03359683794466403 0.09090909090909091
1 0.30632411067193677 0.3111888111888112 0.03557312252964427 0.08741258741258741
1 0.3695652173913043 0.32167832167832167 0.02766798418972332 0.07692307692307693
1 0.22134387351778656 0.2867132867132867 0.03359683794466403 0.08391608391608392
1 0.20553359683794467 0.3006993006993007 0.025691699604743084 0.08741258741258741
1 0.2924901185770751 0.23076923076923078 0.017786561264822136 0.05244755244755245
1 0.3932806324110672 0.19230769230769232 0.01383399209486166 0.05944055944055944
1 0.5395256916996047 0.26573426573426573 0.017786561264822136 0.06293706293706294
1 0.567193675889328 0.22727272727272727 0.011857707509881422 0.05944055944055944
2 0.1383399209486166 0.24125874125874125 0.0691699604743083 0.06293706293706294
2 0.24308300395256918 0.26223776223776224 0.07905138339920949 0.05944055944055944
2 0.32608695652173914 0.27972027972027974 0.09881422924901186 0.08391608391608392
2 0.3893280632411067 0.3321678321678322 0.1383399209486166 0.12237762237762238
2 0.37549407114624506 0.2517482517482518 0.09288537549407115 0.08041958041958042
2 0.5533596837944664 0.2867132867132867 0.09881422924901186 0.0944055944055944
2 0.41699604743083 0.1958041958041958 0.039525691699604744 0.055944055944055944
2 0.5474308300395256 0.2062937062937063 0.06521739130434782 0.045454545454545456
2 0.6521739130434783 0.1993006993006993 0.05928853754940711 0.04895104895104895
2 0.28063241106719367 0.20279720279720279 0.06719367588932806 0.045454545454545456
3 0.1383399209486166 0.1853146853146853 0.11264822134387352 0.0944055944055944
3 0.4268774703557312 0.14685314685314685 0.14031620553359683 0.07692307692307693
4 0.6185770750988142 0.3741258741258741 0.1067193675889328 0.17132867132867133
