1 0.3922924901185771 0.46853146853146854 0.04743083003952569 0.08391608391608392
1 0.16996047430830039 0.36538461538461536 0.06521739130434782 0.13636363636363635
1 0.16798418972332016 0.31643356643356646 0.045454545454545456 0.11188811188811189
1 0.12351778656126482 0.25 0.039525691699604744 0.11188811188811189
1 0.09090909090909091 0.243006993006993 0.045454545454545456 0.11888111888111888
1 0.038537549407114624 0.23426573426573427 0.04743083003952569 0.0979020979020979
1 0.7924901185770751 0.8548951048951049 0.03359683794466403 0.12237762237762238
1 0.8745059288537549 0.9667832167832168 0.03557312252964427 0.13636363636363635
1 0.924901185770751 0.9895104895104895 0.03359683794466403 0.11888111888111888
1 0.8181818181818182 0.8199300699300699 0.021739130434782608 0.09090909090909091
1 0.8853754940711462 0.8758741258741258 0.021739130434782608 0.08041958041958042
1 0.8646245059288538 0.8409090909090909 0.023715415019762844 0.08041958041958042
1 0.9031620553359684 0.9038461538461539 0.025691699604743084 0.09090909090909091
1 0.9357707509881423 0.9335664335664335 0.023715415019762844 0.08741258741258741
1 0.9545454545454546 0.9667832167832168 0.029644268774703556 0.09090909090909091
1 0.9407114624505929 0.9335664335664335 0.021739130434782608 0.05944055944055944
1 0.9466403162055336 0.9125874125874126 0.025691699604743084 0.06643356643356643
1 0.9752964426877471 0.9090909090909091 0.015810276679841896 0.045454545454545456
1 0.9466403162055336 0.8758741258741258 0.017786561264822136 0.03496503496503497
2 0.9100790513833992 0.8496503496503497 0.04743083003952569 0.055944055944055944
2 0.21146245059288538 0.35664335664335667 0.14031620553359683 0.14685314685314685
1 0.25296442687747034 0.30594405594405594 0.045454545454545456 0.07342657342657342
0 0.616600790513834 0.5576923076923077 0.01383399209486166 0.04195804195804196
