1 0.3448616600790514 0.5594405594405595 0.05533596837944664 0.13286713286713286
1 0.3142292490118577 0.5017482517482518 0.045454545454545456 0.1048951048951049
1 0.07312252964426877 0.21153846153846154 0.021739130434782608 0.06643356643356643
1 0.16106719367588934 0.2972027972027972 0.02766798418972332 0.08391608391608392
1 0.14624505928853754 0.26048951048951047 0.017786561264822136 0.05944055944055944
1 0.16205533596837945 0.27797202797202797 0.021739130434782608 0.05944055944055944
1 0.1808300395256917 0.2902097902097902 0.023715415019762844 0.06643356643356643
1 0.28063241106719367 0.41083916083916083 0.03359683794466403 0.08391608391608392
1 0.3181818181818182 0.45104895104895104 0.037549407114624504 0.0944055944055944
1 0.41007905138339923 0.5874125874125874 0.05533596837944664 0.11188811188811189
1 0.49604743083003955 0.7027972027972028 0.0691699604743083 0.12937062937062938
1 0.48616600790513836 0.6328671328671329 0.045454545454545456 0.0944055944055944
1 0.5059288537549407 0.6975524475524476 0.06126482213438735 0.1048951048951049
1 0.48221343873517786 0.6118881118881119 0.041501976284584984 0.08741258741258741
1 0.5434782608695652 0.6975524475524476 0.06126482213438735 0.1048951048951049
1 0.5711462450592886 0.7465034965034965 0.06521739130434782 0.1048951048951049
1 0.6057312252964426 0.7954545454545454 0.06719367588932806 0.12237762237762238
1 0.6590909090909091 0.8374125874125874 0.06719367588932806 0.11888111888111888
1 0.7055335968379447 0.8671328671328671 0.0533596837944664 0.12237762237762238
1 0.7124505928853755 0.8286713286713286 0.05138339920948617 0.1048951048951049
1 0.8132411067193676 0.9615384615384616 0.07114624505928854 0.11188811188811189
1 0.8142292490118577 0.9388111888111889 0.05731225296442688 0.0944055944055944
1 0.8606719367588933 0.9807692307692307 0.05928853754940711 0.10139860139860139
1 0.9565217391304348 1.0769230769230769 0.06521739130434782 0.11188811188811189
1 0.1482213438735178 0.23251748251748253 0.017786561264822136 0.045454545454545456
1 0.5039525691699605 0.5629370629370629 0.017786561264822136 0.05244755244755245
1 0.5879446640316206 0.6381118881118881 0.019762845849802372 0.05244755244755245
1 0.6106719367588933 0.6520979020979021 0.01383399209486166 0.055944055944055944
1 0.6235177865612648 0.6625874125874126 0.011857707509881422 0.04895104895104895
1 0.4525691699604743 0.5367132867132867 0.017786561264822136 0.04195804195804196
2 0.5345849802371542 0.8251748251748252 0.16600790513833993 0.33916083916083917
2 0.5474308300395256 0.6363636363636364 0.041501976284584984 0.07342657342657342
2 0.48616600790513836 0.5786713286713286 0.041501976284584984 0.06993006993006994
2 0.06620553359683795 0.20104895104895104 0.05928853754940711 0.06643356643356643
2 0.19861660079051383 0.28846153846153844 0.05533596837944664 0.045454545454545456
2 0.2519762845849802 0.33916083916083917 0.04743083003952569 0.045454545454545456
2 0.5434782608695652 0.6188811188811189 0.04940711462450593 0.04195804195804196
2 0.5019762845849802 0.5699300699300699 0.06126482213438735 0.045454545454545456
2 0.5948616600790514 0.6468531468531469 0.045454545454545456 0.04895104895104895
2 0.691699604743083 0.722027972027972 0.041501976284584984 0.04895104895104895
2 0.741106719367589 0.7744755244755245 0.0533596837944664 0.045454545454545456
2 0.43774703557312256 0.46503496503496505 0.02766798418972332 0.04895104895104895
2 0.6086956521739131 0.7867132867132867 0.1442687747035573 0.12237762237762238
2 0.7658102766798419 0.9038461538461539 0.13438735177865613 0.1048951048951049
4 0.24011857707509882 0.3618881118881119 0.11462450592885376 0.14685314685314685
4 0.38537549407114624 0.513986013986014 0.12055335968379446 0.15384615384615385
3 0.6294466403162056 0.6678321678321678 0.05138339920948617 0.045454545454545456
