1 0.7984189723320159 0.8513986013986014 0.037549407114624504 0.11538461538461539
1 0.8754940711462451 0.8968531468531469 0.03359683794466403 0.10139860139860139
1 0.9258893280632411 0.9020979020979021 0.023715415019762844 0.08041958041958042
1 0.9525691699604744 0.951048951048951 0.029644268774703556 0.08391608391608392
1 0.9318181818181818 0.8828671328671329 0.019762845849802372 0.05944055944055944
1 0.9219367588932806 0.8531468531468531 0.015810276679841896 0.05244755244755245
1 0.9614624505928854 0.8951048951048951 0.019762845849802372 0.045454545454545456
1 0.9426877470355731 0.8723776223776224 0.017786561264822136 0.05244755244755245
2 0.9061264822134387 0.8409090909090909 0.03557312252964427 0.055944055944055944
2 0.8260869565217391 0.8269230769230769 0.0691699604743083 0.10139860139860139
1 0.25395256916996045 0.3076923076923077 0.05138339920948617 0.06993006993006994
1 0.17490118577075098 0.29895104895104896 0.039525691699604744 0.10839160839160839
1 0.1432806324110672 0.2744755244755245 0.039525691699604744 0.11188811188811189
1 0.10968379446640317 0.25 0.039525691699604744 0.11538461538461539
1 0.04841897233201581 0.22727272727272727 0.039525691699604744 0.0944055944055944
1 0.0691699604743083 0.21153846153846154 0.03359683794466403 0.08391608391608392
1 0.1432806324110672 0.25 0.02766798418972332 0.07692307692307693
2 0.08695652173913043 0.2062937062937063 0.0691699604743083 0.06643356643356643
