1 0.9110671936758893 0.5611888111888111 0.12055335968379446 0.16083916083916083
1 0.9634387351778656 0.6940559440559441 0.05928853754940711 0.11188811188811189
1 0.8596837944664032 0.6818181818181818 0.13636363636363635 0.17132867132867133
1 0.7885375494071146 0.5734265734265734 0.11264822134387352 0.15734265734265734
1 0.691699604743083 0.5891608391608392 0.10474308300395258 0.16783216783216784
1 0.682806324110672 0.42657342657342656 0.06719367588932806 0.12937062937062938
1 0.6146245059288538 0.4405594405594406 0.08102766798418973 0.14335664335664336
1 0.5059288537549407 0.4405594405594406 0.08102766798418973 0.12937062937062938
1 0.40019762845849804 0.3723776223776224 0.06719367588932806 0.1258741258741259
1 0.3073122529644269 0.33916083916083917 0.039525691699604744 0.07342657342657342
1 0.17292490118577075 0.31643356643356646 0.043478260869565216 0.1048951048951049
1 0.02865612648221344 0.26223776223776224 0.03162055335968379 0.0944055944055944
1 0.3814229249011858 0.7115384615384616 0.09288537549407115 0.18181818181818182
1 0.2994071146245059 0.6870629370629371 0.05533596837944664 0.1048951048951049
1 0.6363636363636364 0.3006993006993007 0.03359683794466403 0.11538461538461539
1 0.6729249011857708 0.3041958041958042 0.023715415019762844 0.12237762237762238
1 0.7292490118577075 0.3041958041958042 0.037549407114624504 0.12237762237762238
1 0.8913043478260869 0.32867132867132864 0.0691699604743083 0.10839160839160839
1 0.6996047430830039 0.2727272727272727 0.021739130434782608 0.11538461538461539
1 0.7223320158102767 0.1888111888111888 0.019762845849802372 0.08741258741258741
1 0.7638339920948617 0.22202797202797203 0.02766798418972332 0.09090909090909091
2 0.19367588932806323 0.8111888111888111 0.3102766798418972 0.34615384615384615
2 0.08992094861660078 0.3374125874125874 0.1225296442687747 0.1258741258741259
2 0.03557312252964427 0.40559440559440557 0.05731225296442688 0.12937062937062938
2 0.8863636363636364 0.9090909090909091 0.2134387351778656 0.15034965034965034
2 0.9229249011857708 0.24475524475524477 0.0691699604743083 0.12237762237762238
2 0.8310276679841897 0.2202797202797203 0.08300395256916997 0.14335664335664336
3 0.26383399209486164 0.5209790209790209 0.26877470355731226 0.32517482517482516
