1 0.07312252964426877 0.6153846153846154 0.06521739130434782 0.17132867132867133
1 0.10770750988142293 0.3076923076923077 0.02766798418972332 0.08041958041958042
1 0.16304347826086957 0.33916083916083917 0.023715415019762844 0.08741258741258741
1 0.22727272727272727 0.40384615384615385 0.045454545454545456 0.1048951048951049
1 0.2391304347826087 0.2902097902097902 0.03359683794466403 0.07342657342657342
1 0.2776679841897233 0.38461538461538464 0.043478260869565216 0.08741258741258741
1 0.17984189723320157 0.21678321678321677 0.025691699604743084 0.05244755244755245
1 0.3211462450592885 0.3688811188811189 0.043478260869565216 0.07692307692307693
1 0.39031620553359686 0.3723776223776224 0.043478260869565216 0.07692307692307693
1 0.34881422924901184 0.3339160839160839 0.039525691699604744 0.08391608391608392
1 0.18774703557312253 0.916083916083916 0.08893280632411067 0.15034965034965034
1 0.6541501976284585 0.6153846153846154 0.08893280632411067 0.15034965034965034
1 0.7687747035573123 0.42657342657342656 0.05731225296442688 0.10139860139860139
1 0.8537549407114624 0.40734265734265734 0.05731225296442688 0.09090909090909091
1 0.8853754940711462 0.40384615384615385 0.05731225296442688 0.09090909090909091
1 0.7529644268774703 0.38636363636363635 0.0533596837944664 0.09090909090909091
1 0.6413043478260869 0.38286713286713286 0.05138339920948617 0.08391608391608392
1 0.6739130434782609 0.36538461538461536 0.045454545454545456 0.08391608391608392
1 0.549407114624506 0.3583916083916084 0.04940711462450593 0.08391608391608392
1 0.39031620553359686 0.31993006993006995 0.039525691699604744 0.06993006993006994
1 0.35375494071146246 0.2744755244755245 0.025691699604743084 0.06993006993006994
1 0.48221343873517786 0.35664335664335667 0.04940711462450593 0.08741258741258741
1 0.42391304347826086 0.30594405594405594 0.03162055335968379 0.06993006993006994
1 0.44466403162055335 0.29545454545454547 0.025691699604743084 0.06993006993006994
1 0.5019762845849802 0.2867132867132867 0.041501976284584984 0.06643356643356643
1 0.33794466403162055 0.24825174825174826 0.029644268774703556 0.08041958041958042
1 0.558300395256917 0.23776223776223776 0.02766798418972332 0.08041958041958042
1 0.24604743083003952 0.1993006993006993 0.03162055335968379 0.05944055944055944
1 0.6146245059288538 0.3409090909090909 0.045454545454545456 0.08391608391608392
1 0.5474308300395256 0.3269230769230769 0.045454545454545456 0.08391608391608392
1 0.5909090909090909 0.23776223776223776 0.03359683794466403 0.06643356643356643
2 0.4268774703557312 0.4230769230769231 0.0691699604743083 0.14335664335664336
2 0.38438735177865613 0.21853146853146854 0.039525691699604744 0.055944055944055944
2 0.8379446640316206 0.6031468531468531 0.21541501976284586 0.18181818181818182
2 0.5691699604743083 0.46503496503496505 0.0691699604743083 0.14335664335664336
2 0.30434782608695654 0.4632867132867133 0.08498023715415019 0.13986013986013987
3 0.17193675889328064 0.20104895104895104 0.08893280632411067 0.07692307692307693
3 0.6818181818181818 0.19755244755244755 0.06521739130434782 0.06293706293706294
4 0.4525691699604743 0.1958041958041958 0.08102766798418973 0.06643356643356643
4 0.5138339920948617 0.18356643356643357 0.03359683794466403 0.06993006993006994
3 0.07806324110671936 0.23426573426573427 0.1225296442687747 0.11538461538461539
