1 0.7233201581027668 0.7534965034965035 0.13636363636363635 0.20279720279720279
1 0.9268774703557312 0.5786713286713286 0.12055335968379446 0.14685314685314685
1 0.7490118577075099 0.5209790209790209 0.06521739130434782 0.16433566433566432
1 0.8221343873517787 0.36363636363636365 0.06126482213438735 0.12937062937062938
1 0.7154150197628458 0.26223776223776224 0.029644268774703556 0.10139860139860139
1 0.7470355731225297 0.18356643356643357 0.025691699604743084 0.08391608391608392
1 0.525691699604743 0.7412587412587412 0.116600790513834 0.1853146853146853
1 0.33300395256917 0.7482517482517482 0.11067193675889328 0.17832167832167833
1 0.13932806324110672 0.6013986013986014 0.07509881422924901 0.15734265734265734
1 0.1482213438735178 0.3094405594405594 0.037549407114624504 0.09090909090909091
1 0.12944664031620554 0.27797202797202797 0.023715415019762844 0.09090909090909091
1 0.11363636363636363 0.24825174825174826 0.02766798418972332 0.08741258741258741
1 0.07509881422924901 0.2744755244755245 0.03359683794466403 0.09090909090909091
1 0.042490118577075096 0.32167832167832167 0.03557312252964427 0.0944055944055944
1 0.8112648221343873 0.9020979020979021 0.15810276679841898 0.17832167832167833
1 0.04841897233201581 0.2395104895104895 0.02766798418972332 0.06993006993006994
2 0.9130434782608695 0.2465034965034965 0.07312252964426877 0.1258741258741259
2 0.7974308300395256 0.20804195804195805 0.08300395256916997 0.1258741258741259
2 0.8537549407114624 0.16958041958041958 0.045454545454545456 0.07692307692307693
2 0.932806324110672 0.16083916083916083 0.05731225296442688 0.08741258741258741
2 0.9624505928853755 0.11538461538461539 0.045454545454545456 0.07342657342657342
2 0.3241106719367589 0.6276223776223776 0.23517786561264822 0.21678321678321677
2 0.04940711462450593 0.4143356643356643 0.08893280632411067 0.15384615384615385
2 0.03458498023715415 0.5996503496503497 0.05533596837944664 0.18181818181818182
2 0.4851778656126482 0.9195804195804196 0.3715415019762846 0.14335664335664336
3 0.441699604743083 0.44755244755244755 0.5573122529644269 0.513986013986014
