1 0.09090909090909091 0.6678321678321678 0.04743083003952569 0.17132867132867133
1 0.019762845849802372 0.7307692307692307 0.05533596837944664 0.17132867132867133
1 0.191699604743083 0.6958041958041958 0.08498023715415019 0.16083916083916083
1 0.31225296442687744 0.6398601398601399 0.05928853754940711 0.15034965034965034
1 0.3794466403162055 0.534965034965035 0.03359683794466403 0.12937062937062938
1 0.274703557312253 0.4160839160839161 0.05138339920948617 0.07692307692307693
1 0.4209486166007905 0.7727272727272727 0.08498023715415019 0.21328671328671328
1 0.45454545454545453 0.7447552447552448 0.06719367588932806 0.17832167832167833
1 0.7648221343873518 0.8076923076923077 0.09486166007905138 0.18181818181818182
1 0.8043478260869565 0.548951048951049 0.02766798418972332 0.10139860139860139
1 0.8656126482213439 0.5559440559440559 0.025691699604743084 0.11188811188811189
1 0.9150197628458498 0.5664335664335665 0.03162055335968379 0.0944055944055944
1 0.8932806324110671 0.6398601398601399 0.04940711462450593 0.13986013986013987
1 0.6679841897233202 0.3706293706293706 0.017786561264822136 0.055944055944055944
1 0.691699604743083 0.36013986013986016 0.017786561264822136 0.05944055944055944
1 0.7252964426877471 0.32517482517482516 0.01383399209486166 0.038461538461538464
1 0.7964426877470355 0.3916083916083916 0.011857707509881422 0.027972027972027972
1 0.8162055335968379 0.3811188811188811 0.015810276679841896 0.05944055944055944
1 0.8379446640316206 0.3706293706293706 0.01383399209486166 0.06293706293706294
1 0.7885375494071146 0.34265734265734266 0.015810276679841896 0.05944055944055944
1 0.0691699604743083 0.45104895104895104 0.023715415019762844 0.08391608391608392
1 0.03359683794466403 0.4405594405594406 0.025691699604743084 0.08741258741258741
1 0.03359683794466403 0.40559440559440557 0.023715415019762844 0.055944055944055944
1 0.01383399209486166 0.3951048951048951 0.023715415019762844 0.06293706293706294
1 0.07509881422924901 0.4090909090909091 0.01383399209486166 0.05944055944055944
1 0.08102766798418973 0.3776223776223776 0.019762845849802372 0.06643356643356643
1 0.09486166007905138 0.43356643356643354 0.019762845849802372 0.07692307692307693
1 0.05928853754940711 0.35664335664335667 0.017786561264822136 0.055944055944055944
1 0.041501976284584984 0.36363636363636365 0.015810276679841896 0.055944055944055944
1 0.029644268774703556 0.33916083916083917 0.011857707509881422 0.05244755244755245
1 0.9130434782608695 0.38461538461538464 0.019762845849802372 0.06993006993006994
1 0.932806324110672 0.3811188811188811 0.021739130434782608 0.06643356643356643
1 0.549407114624506 0.27972027972027974 0.02766798418972332 0.038461538461538464
2 0.005928853754940711 0.527972027972028 0.04743083003952569 0.13636363636363635
2 0.10474308300395258 0.46503496503496505 0.09090909090909091 0.12237762237762238
2 0.10474308300395258 0.3986013986013986 0.08300395256916997 0.08741258741258741
2 0.12055335968379446 0.33916083916083917 0.05138339920948617 0.07342657342657342
2 0.17193675889328064 0.3706293706293706 0.04743083003952569 0.08391608391608392
2 0.1857707509881423 0.33916083916083917 0.0533596837944664 0.06643356643356643
2 0.4644268774703557 0.6363636363636364 0.20553359683794467 0.2517482517482518
2 0.650197628458498 0.4405594405594406 0.0691699604743083 0.1048951048951049
2 0.6027667984189723 0.3986013986013986 0.08695652173913043 0.07692307692307693
2 0.7154150197628458 0.3741258741258741 0.0533596837944664 0.07342657342657342
2 0.7490118577075099 0.4160839160839161 0.06719367588932806 0.08041958041958042
2 0.8992094861660079 0.4405594405594406 0.09288537549407115 0.07692307692307693
2 0.8636363636363636 0.3811188811188811 0.06719367588932806 0.06643356643356643
2 0.5988142292490118 0.2937062937062937 0.05138339920948617 0.038461538461538464
2 0.7569169960474308 0.2517482517482518 0.04743083003952569 0.045454545454545456
2 0.741106719367589 0.34265734265734266 0.039525691699604744 0.05244755244755245
2 0.8320158102766798 0.3111888111888112 0.04743083003952569 0.03496503496503497
2 0.8794466403162056 0.3146853146853147 0.06324110671936758 0.04895104895104895
2 0.8517786561264822 0.32867132867132864 0.03162055335968379 0.045454545454545456
2 0.8616600790513834 0.3531468531468531 0.07905138339920949 0.06293706293706294
2 0.26679841897233203 0.2902097902097902 0.05731225296442688 0.04195804195804196
2 0.29051383399209485 0.2727272727272727 0.045454545454545456 0.038461538461538464
2 0.4209486166007905 0.2727272727272727 0.045454545454545456 0.03146853146853147
2 0.01383399209486166 0.2902097902097902 0.043478260869565216 0.05244755244755245
2 0.09486166007905138 0.2937062937062937 0.03359683794466403 0.04195804195804196
2 0.12055335968379446 0.2762237762237762 0.037549407114624504 0.027972027972027972
2 0.18972332015810275 0.2937062937062937 0.05928853754940711 0.04195804195804196
4 0.3359683794466403 0.2692307692307692 0.06719367588932806 0.04895104895104895
4 0.05928853754940711 0.23426573426573427 0.043478260869565216 0.09090909090909091
3 0.7628458498023716 0.43006993006993005 0.10869565217391304 0.15034965034965034
2 0.8913043478260869 0.4965034965034965 0.1007905138339921 0.14335664335664336
3 0.6778656126482213 0.2937062937062937 0.06521739130434782 0.06293706293706294
