1 0.650197628458498 0.8094405594405595 0.12055335968379446 0.24475524475524477
1 0.4278656126482213 0.7272727272727273 0.09090909090909091 0.21328671328671328
1 0.2974308300395257 0.6818181818181818 0.07114624505928854 0.21328671328671328
1 0.39031620553359686 0.5734265734265734 0.07509881422924901 0.17132867132867133
1 0.3221343873517787 0.4318181818181818 0.06126482213438735 0.16783216783216784
1 0.18873517786561264 0.4755244755244755 0.05533596837944664 0.15734265734265734
1 0.14525691699604742 0.38636363636363635 0.043478260869565216 0.11188811188811189
1 0.11758893280632411 0.3374125874125874 0.039525691699604744 0.1048951048951049
1 0.6047430830039525 0.31993006993006995 0.05731225296442688 0.1048951048951049
2 0.8735177865612648 0.28321678321678323 0.12450592885375494 0.12937062937062938
2 0.9713438735177866 0.736013986013986 0.043478260869565216 0.1958041958041958
1 0.6027667984189723 0.9283216783216783 0.08893280632411067 0.11188811188811189
