1 0.05039525691699605 0.6206293706293706 0.06324110671936758 0.18181818181818182
1 0.1373517786561265 0.6258741258741258 0.05138339920948617 0.17132867132867133
1 0.08498023715415019 0.5209790209790209 0.037549407114624504 0.12937062937062938
1 0.10869565217391304 0.45104895104895104 0.0691699604743083 0.0944055944055944
1 0.2450592885375494 0.5297202797202797 0.037549407114624504 0.13286713286713286
1 0.116600790513834 0.3304195804195804 0.029644268774703556 0.08391608391608392
1 0.16106719367588934 0.32167832167832167 0.023715415019762844 0.08041958041958042
1 0.2015810276679842 0.3688811188811189 0.03359683794466403 0.0979020979020979
1 0.02766798418972332 0.2692307692307692 0.021739130434782608 0.06643356643356643
1 0.0800395256916996 0.25 0.019762845849802372 0.06293706293706294
1 0.16600790513833993 0.27797202797202797 0.025691699604743084 0.055944055944055944
1 0.19466403162055335 0.2937062937062937 0.023715415019762844 0.05944055944055944
1 0.24802371541501977 0.34615384615384615 0.03557312252964427 0.08741258741258741
1 0.23715415019762845 0.2972027972027972 0.021739130434782608 0.07342657342657342
1 0.2845849802371542 0.3269230769230769 0.029644268774703556 0.09090909090909091
1 0.2984189723320158 0.2744755244755245 0.017786561264822136 0.06993006993006994
1 0.35276679841897235 0.3758741258741259 0.039525691699604744 0.11188811188811189
1 0.3705533596837945 0.3531468531468531 0.03162055335968379 0.08041958041958042
1 0.4258893280632411 0.3776223776223776 0.04743083003952569 0.08741258741258741
1 0.44861660079051385 0.36363636363636365 0.037549407114624504 0.08741258741258741
1 0.516798418972332 0.3741258741258741 0.05138339920948617 0.0944055944055944
1 0.5691699604743083 0.3531468531468531 0.03359683794466403 0.07342657342657342
1 0.5948616600790514 0.3513986013986014 0.021739130434782608 0.08391608391608392
1 0.5662055335968379 0.2674825174825175 0.015810276679841896 0.055944055944055944
1 0.642292490118577 0.3409090909090909 0.03359683794466403 0.08391608391608392
1 0.775691699604743 0.4423076923076923 0.06324110671936758 0.0979020979020979
1 0.7855731225296443 0.38986013986013984 0.04743083003952569 0.08391608391608392
1 0.8774703557312253 0.4020979020979021 0.0533596837944664 0.08041958041958042
1 0.9061264822134387 0.513986013986014 0.06719367588932806 0.12237762237762238
1 0.599802371541502 0.243006993006993 0.023715415019762844 0.04895104895104895
1 0.9545454545454546 0.48426573426573427 0.06126482213438735 0.11888111888111888
2 0.5662055335968379 0.4388111888111888 0.06324110671936758 0.1258741258741259
2 0.42292490118577075 0.30594405594405594 0.07707509881422925 0.06293706293706294
2 0.11264822134387352 0.2674825174825175 0.04940711462450593 0.06293706293706294
2 0.34288537549407117 0.3129370629370629 0.07114624505928854 0.06293706293706294
2 0.34189723320158105 0.2674825174825175 0.06126482213438735 0.04195804195804196
2 0.3458498023715415 0.23076923076923078 0.045454545454545456 0.045454545454545456
2 0.5148221343873518 0.2465034965034965 0.05533596837944664 0.055944055944055944
2 0.4634387351778656 0.2762237762237762 0.04743083003952569 0.06643356643356643
2 0.5820158102766798 0.20454545454545456 0.05533596837944664 0.04195804195804196
2 0.5118577075098815 0.20804195804195805 0.045454545454545456 0.03496503496503497
2 0.6274703557312253 0.2202797202797203 0.05928853754940711 0.045454545454545456
2 0.6887351778656127 0.21678321678321677 0.05533596837944664 0.038461538461538464
2 0.7648221343873518 0.23076923076923078 0.0691699604743083 0.038461538461538464
2 0.8132411067193676 0.2062937062937063 0.039525691699604744 0.03146853146853147
2 0.9644268774703557 0.243006993006993 0.06126482213438735 0.03496503496503497
4 0.4535573122529644 0.21678321678321677 0.07509881422924901 0.08741258741258741
2 0.1966403162055336 0.26048951048951047 0.08300395256916997 0.06993006993006994
1 0.2964426877470356 0.20279720279720279 0.03359683794466403 0.045454545454545456
