1 0.5276679841897233 0.32167832167832167 0.0691699604743083 0.10839160839160839
1 0.3290513833992095 0.42482517482517484 0.06719367588932806 0.13286713286713286
1 0.25790513833992096 0.47202797202797203 0.05928853754940711 0.15034965034965034
1 0.1956521739130435 0.45454545454545453 0.0533596837944664 0.13636363636363635
1 0.20553359683794467 0.5646853146853147 0.05731225296442688 0.17482517482517482
1 0.09486166007905138 0.45454545454545453 0.05731225296442688 0.14335664335664336
1 0.7233201581027668 0.9213286713286714 0.12450592885375494 0.13986013986013987
2 0.7539525691699605 0.7727272727272727 0.3201581027667984 0.4160839160839161
2 0.8270750988142292 0.6433566433566433 0.26877470355731226 0.28321678321678323
2 0.06225296442687747 0.30244755244755245 0.05533596837944664 0.07692307692307693
