1 0.2727272727272727 0.5699300699300699 0.05928853754940711 0.19230769230769232
1 0.07707509881422925 0.25524475524475526 0.023715415019762844 0.07342657342657342
1 0.26877470355731226 0.34615384615384615 0.019762845849802372 0.1048951048951049
1 0.21936758893280633 0.3741258741258741 0.023715415019762844 0.1048951048951049
1 0.17786561264822134 0.36363636363636365 0.029644268774703556 0.11888111888111888
1 0.15019762845849802 0.32517482517482516 0.025691699604743084 0.0979020979020979
1 0.116600790513834 0.34965034965034963 0.03557312252964427 0.10139860139860139
1 0.05138339920948617 0.3006993006993007 0.02766798418972332 0.0979020979020979
1 0.18181818181818182 0.5559440559440559 0.04940711462450593 0.17832167832167833
1 0.01383399209486166 0.3741258741258741 0.03162055335968379 0.11188811188811189
1 0.1442687747035573 0.44405594405594406 0.03557312252964427 0.13986013986013987
1 0.003952569169960474 0.6083916083916084 0.04743083003952569 0.16433566433566432
1 0.04940711462450593 0.493006993006993 0.05138339920948617 0.15034965034965034
1 0.1067193675889328 0.5664335664335665 0.06521739130434782 0.1993006993006993
1 0.30632411067193677 0.40559440559440557 0.06126482213438735 0.11538461538461539
1 0.3794466403162055 0.4230769230769231 0.03162055335968379 0.1258741258741259
1 0.43280632411067194 0.4195804195804196 0.02766798418972332 0.13286713286713286
1 0.3577075098814229 0.36713286713286714 0.045454545454545456 0.09090909090909091
1 0.32608695652173914 0.3181818181818182 0.02766798418972332 0.0944055944055944
1 0.08893280632411067 0.23776223776223776 0.023715415019762844 0.06293706293706294
1 0.023715415019762844 0.23076923076923078 0.03162055335968379 0.06643356643356643
1 0.567193675889328 0.34965034965034963 0.05138339920948617 0.09090909090909091
1 0.5098814229249012 0.3531468531468531 0.05533596837944664 0.0944055944055944
1 0.44466403162055335 0.34615384615384615 0.05138339920948617 0.09090909090909091
1 0.424901185770751 0.3706293706293706 0.05533596837944664 0.0979020979020979
1 0.7608695652173914 0.3531468531468531 0.05533596837944664 0.08391608391608392
1 0.9407114624505929 0.43006993006993005 0.0533596837944664 0.10139860139860139
1 0.8952569169960475 0.3881118881118881 0.0691699604743083 0.10139860139860139
1 0.616600790513834 0.34265734265734266 0.0533596837944664 0.0944055944055944
1 0.8201581027667985 0.36013986013986016 0.06126482213438735 0.09090909090909091
1 0.841897233201581 0.45104895104895104 0.08102766798418973 0.11888111888111888
1 0.7272727272727273 0.46853146853146854 0.08102766798418973 0.12937062937062938
1 0.4624505928853755 0.2692307692307692 0.021739130434782608 0.07342657342657342
1 0.3359683794466403 0.2937062937062937 0.029644268774703556 0.06293706293706294
1 0.16798418972332016 0.2692307692307692 0.02766798418972332 0.08041958041958042
1 0.6245059288537549 0.2902097902097902 0.03557312252964427 0.09090909090909091
1 0.6798418972332015 0.3321678321678322 0.041501976284584984 0.055944055944055944
1 0.5316205533596838 0.3321678321678322 0.041501976284584984 0.07342657342657342
1 0.549407114624506 0.2762237762237762 0.021739130434782608 0.06643356643356643
1 0.4090909090909091 0.2727272727272727 0.023715415019762844 0.07342657342657342
1 0.13043478260869565 0.17482517482517482 0.029644268774703556 0.04895104895104895
1 0.08893280632411067 0.17832167832167833 0.02766798418972332 0.04895104895104895
1 0.04940711462450593 0.17482517482517482 0.02766798418972332 0.05244755244755245
1 0.5790513833992095 0.3076923076923077 0.041501976284584984 0.07342657342657342
1 0.33201581027667987 0.17482517482517482 0.03557312252964427 0.04895104895104895
1 0.35375494071146246 0.1993006993006993 0.02766798418972332 0.04895104895104895
1 0.26877470355731226 0.1958041958041958 0.029644268774703556 0.05244755244755245
1 0.17588932806324112 0.1888111888111888 0.03162055335968379 0.05244755244755245
1 0.37549407114624506 0.19230769230769232 0.023715415019762844 0.04895104895104895
1 0.7391304347826086 0.32867132867132864 0.041501976284584984 0.06993006993006994
1 0.41304347826086957 0.22727272727272727 0.017786561264822136 0.04895104895104895
2 0.5652173913043478 0.6153846153846154 0.13043478260869565 0.2937062937062937
2 0.44466403162055335 0.2097902097902098 0.0691699604743083 0.05244755244755245
2 0.42292490118577075 0.23076923076923078 0.07312252964426877 0.07342657342657342
2 0.021739130434782608 0.2202797202797203 0.06126482213438735 0.06293706293706294
2 0.1442687747035573 0.22377622377622378 0.07707509881422925 0.055944055944055944
2 0.22529644268774704 0.23776223776223776 0.08300395256916997 0.07692307692307693
2 0.6640316205533597 0.38461538461538464 0.16600790513833993 0.13286713286713286
2 0.7035573122529645 0.19230769230769232 0.0533596837944664 0.04895104895104895
4 0.23517786561264822 0.17132867132867133 0.08300395256916997 0.06993006993006994
4 0.5197628458498024 0.17132867132867133 0.10276679841897234 0.08391608391608392
