1 0.08399209486166008 0.6555944055944056 0.043478260869565216 0.13286713286713286
1 0.07806324110671936 0.44755244755244755 0.019762845849802372 0.08041958041958042
1 0.11264822134387352 0.43006993006993005 0.021739130434782608 0.08741258741258741
1 0.18379446640316205 0.46503496503496505 0.021739130434782608 0.0944055944055944
1 0.14525691699604742 0.4230769230769231 0.019762845849802372 0.07342657342657342
1 0.13339920948616601 0.40734265734265734 0.015810276679841896 0.07692307692307693
1 0.11264822134387352 0.36013986013986016 0.017786561264822136 0.05944055944055944
1 0.0691699604743083 0.3741258741258741 0.021739130434782608 0.05944055944055944
1 0.16897233201581027 0.6241258741258742 0.03162055335968379 0.04195804195804196
1 0.2075098814229249 0.5944055944055944 0.037549407114624504 0.06643356643356643
1 0.2727272727272727 0.5 0.03359683794466403 0.0944055944055944
1 0.31620553359683795 0.5104895104895105 0.029644268774703556 0.10139860139860139
1 0.2124505928853755 0.36713286713286714 0.015810276679841896 0.05944055944055944
1 0.24802371541501977 0.3793706293706294 0.019762845849802372 0.06293706293706294
1 0.2816205533596838 0.3951048951048951 0.023715415019762844 0.05944055944055944
1 0.3092885375494071 0.4143356643356643 0.02766798418972332 0.06293706293706294
1 0.3547430830039526 0.42657342657342656 0.03557312252964427 0.05944055944055944
1 0.6037549407114624 0.4772727272727273 0.03557312252964427 0.08391608391608392
1 0.4397233201581028 0.9248251748251748 0.07905138339920949 0.1258741258741259
1 0.6571146245059288 0.4125874125874126 0.03557312252964427 0.06643356643356643
1 0.7816205533596838 0.5192307692307693 0.03162055335968379 0.09090909090909091
1 0.7865612648221344 0.548951048951049 0.029644268774703556 0.08741258741258741
1 0.8201581027667985 0.5576923076923077 0.029644268774703556 0.1048951048951049
1 0.8596837944664032 0.479020979020979 0.03359683794466403 0.08041958041958042
1 0.9486166007905138 0.493006993006993 0.025691699604743084 0.08041958041958042
1 0.9822134387351779 0.5104895104895105 0.021739130434782608 0.0944055944055944
1 0.7835968379446641 0.36363636363636365 0.019762845849802372 0.05244755244755245
1 0.8102766798418972 0.36013986013986016 0.021739130434782608 0.045454545454545456
1 0.8369565217391305 0.36538461538461536 0.023715415019762844 0.04895104895104895
1 0.8221343873517787 0.3881118881118881 0.017786561264822136 0.05244755244755245
1 0.9634387351778656 0.3916083916083916 0.015810276679841896 0.03146853146853147
1 0.7480237154150198 0.31643356643356646 0.023715415019762844 0.04195804195804196
1 0.7737154150197628 0.3111888111888112 0.019762845849802372 0.038461538461538464
1 0.7905138339920948 0.2972027972027972 0.021739130434782608 0.03146853146853147
1 0.8122529644268774 0.2972027972027972 0.021739130434782608 0.038461538461538464
1 0.825098814229249 0.3006993006993007 0.015810276679841896 0.03146853146853147
1 0.8715415019762845 0.3076923076923077 0.025691699604743084 0.038461538461538464
1 0.9377470355731226 0.3339160839160839 0.019762845849802372 0.055944055944055944
1 0.23517786561264822 0.32167832167832167 0.017786561264822136 0.038461538461538464
1 0.15217391304347827 0.31643356643356646 0.01383399209486166 0.04195804195804196
1 0.2015810276679842 0.29895104895104896 0.017786561264822136 0.04195804195804196
1 0.2490118577075099 0.3006993006993007 0.01383399209486166 0.03146853146853147
1 0.33300395256917 0.2902097902097902 0.019762845849802372 0.038461538461538464
2 0.17984189723320157 0.3793706293706294 0.05731225296442688 0.07692307692307693
2 0.1274703557312253 0.31993006993006995 0.03162055335968379 0.04195804195804196
2 0.13537549407114624 0.2762237762237762 0.03162055335968379 0.038461538461538464
2 0.37351778656126483 0.5104895104895105 0.1007905138339921 0.12237762237762238
2 0.6877470355731226 0.5104895104895105 0.1007905138339921 0.10839160839160839
2 0.8646245059288538 0.40034965034965037 0.043478260869565216 0.06293706293706294
2 0.866600790513834 0.34615384615384615 0.039525691699604744 0.05244755244755245
2 0.9100790513833992 0.3688811188811189 0.03557312252964427 0.055944055944055944
2 0.958498023715415 0.43006993006993005 0.07312252964426877 0.06643356643356643
2 0.691699604743083 0.3304195804195804 0.0533596837944664 0.04895104895104895
2 0.3893280632411067 0.29545454545454547 0.04940711462450593 0.03496503496503497
2 0.18379446640316205 0.2534965034965035 0.029644268774703556 0.027972027972027972
2 0.2648221343873518 0.26048951048951047 0.037549407114624504 0.03496503496503497
3 0.5612648221343873 0.28146853146853146 0.10474308300395258 0.06993006993006994
3 0.5731225296442688 0.6101398601398601 0.16403162055335968 0.17482517482517482
4 0.30434782608695654 0.7325174825174825 0.29446640316205536 0.3356643356643357
3 0.17094861660079053 0.24125874125874125 0.039525691699604744 0.045454545454545456
3 0.658102766798419 0.3006993006993007 0.07707509881422925 0.05944055944055944
