1 0.04743083003952569 0.2744755244755245 0.03359683794466403 0.13636363636363635
1 0.11561264822134387 0.32517482517482516 0.03162055335968379 0.13636363636363635
1 0.08399209486166008 0.23601398601398602 0.023715415019762844 0.08391608391608392
1 0.12648221343873517 0.25524475524475526 0.021739130434782608 0.06643356643356643
1 0.2075098814229249 0.3304195804195804 0.021739130434782608 0.06643356643356643
1 0.2183794466403162 0.32517482517482516 0.011857707509881422 0.06293706293706294
1 0.2727272727272727 0.4125874125874126 0.025691699604743084 0.07342657342657342
1 0.29446640316205536 0.4423076923076923 0.029644268774703556 0.08741258741258741
1 0.3675889328063241 0.5174825174825175 0.041501976284584984 0.0944055944055944
1 0.41205533596837945 0.6118881118881119 0.06719367588932806 0.12237762237762238
1 0.4308300395256917 0.6066433566433567 0.045454545454545456 0.11188811188811189
1 0.32608695652173914 0.7622377622377622 0.09683794466403162 0.1258741258741259
1 0.44367588932806323 0.8741258741258742 0.07509881422924901 0.0944055944055944
1 0.6284584980237155 0.8531468531468531 0.04940711462450593 0.18181818181818182
1 0.5602766798418972 0.7604895104895105 0.07509881422924901 0.11538461538461539
1 0.5276679841897233 0.7097902097902098 0.06521739130434782 0.10139860139860139
1 0.44664031620553357 0.6083916083916084 0.0533596837944664 0.0979020979020979
1 0.48320158102766797 0.6346153846153846 0.05138339920948617 0.09090909090909091
1 0.5266798418972332 0.6783216783216783 0.05928853754940711 0.08041958041958042
1 0.6225296442687747 0.7657342657342657 0.06521739130434782 0.0979020979020979
1 0.6462450592885376 0.8251748251748252 0.0691699604743083 0.13986013986013987
1 0.7193675889328063 0.8793706293706294 0.06521739130434782 0.10139860139860139
1 0.7796442687747036 0.951048951048951 0.07114624505928854 0.1258741258741259
1 0.8527667984189723 1.0227272727272727 0.07509881422924901 0.1258741258741259
1 0.7727272727272727 0.8776223776223776 0.037549407114624504 0.08391608391608392
1 0.8102766798418972 0.9283216783216783 0.045454545454545456 0.0979020979020979
1 0.8379446640316206 0.9807692307692307 0.0691699604743083 0.10839160839160839
1 0.8853754940711462 0.9982517482517482 0.05731225296442688 0.09090909090909091
1 0.9762845849802372 1.118881118881119 0.037549407114624504 0.1258741258741259
1 0.2924901185770751 0.3916083916083916 0.021739130434782608 0.06643356643356643
1 0.3102766798418972 0.4143356643356643 0.017786561264822136 0.06643356643356643
2 0.038537549407114624 0.17132867132867133 0.05533596837944664 0.06293706293706294
2 0.07114624505928854 0.19230769230769232 0.07312252964426877 0.055944055944055944
2 0.17687747035573123 0.29895104895104896 0.07905138339920949 0.08741258741258741
2 0.11264822134387352 0.24475524475524477 0.06126482213438735 0.06643356643356643
2 0.2618577075098814 0.3968531468531469 0.05928853754940711 0.06993006993006994
2 0.35079051383399207 0.5122377622377622 0.09090909090909091 0.08391608391608392
2 0.2974308300395257 0.41083916083916083 0.07509881422924901 0.05944055944055944
2 0.3695652173913043 0.48426573426573427 0.06126482213438735 0.07342657342657342
2 0.43280632411067194 0.5629370629370629 0.06126482213438735 0.08391608391608392
2 0.4140316205533597 0.5 0.03557312252964427 0.06993006993006994
2 0.4743083003952569 0.5734265734265734 0.037549407114624504 0.08391608391608392
2 0.4673913043478261 0.5524475524475524 0.03557312252964427 0.05244755244755245
2 0.43873517786561267 0.5209790209790209 0.06126482213438735 0.04195804195804196
2 0.5612648221343873 0.7132867132867133 0.10869565217391304 0.0944055944055944
2 0.6610671936758893 0.7954545454545454 0.1225296442687747 0.10839160839160839
2 0.5444664031620553 0.6328671328671329 0.05138339920948617 0.08041958041958042
2 0.5810276679841897 0.6416083916083916 0.0533596837944664 0.05244755244755245
2 0.6630434782608695 0.7185314685314685 0.06719367588932806 0.045454545454545456
2 0.6324110671936759 0.6800699300699301 0.045454545454545456 0.04195804195804196
2 0.7312252964426877 0.7727272727272727 0.045454545454545456 0.03146853146853147
3 0.5385375494071146 0.5944055944055944 0.06324110671936758 0.06293706293706294
3 0.27865612648221344 0.3706293706293706 0.08498023715415019 0.05944055944055944
