1 0.6966403162055336 0.8618881118881119 0.13043478260869565 0.23776223776223776
1 0.4209486166007905 0.7097902097902098 0.1007905138339921 0.23426573426573427
1 0.325098814229249 0.5926573426573427 0.07905138339920949 0.16783216783216784
1 0.2984189723320158 0.5017482517482518 0.05731225296442688 0.13286713286713286
1 0.2549407114624506 0.43356643356643354 0.0533596837944664 0.11538461538461539
1 0.1432806324110672 0.4527972027972028 0.05928853754940711 0.13986013986013987
1 0.941699604743083 0.2465034965034965 0.03557312252964427 0.09090909090909091
1 0.9407114624505929 0.12762237762237763 0.025691699604743084 0.055944055944055944
2 0.40810276679841895 0.3304195804195804 0.17786561264822134 0.14685314685314685
2 0.5375494071146245 0.5769230769230769 0.2509881422924901 0.24125874125874125
2 0.9426877470355731 0.7395104895104895 0.1007905138339921 0.23776223776223776
