2 0.7905138339920948 0.14335664335664336 0.07905138339920949 0.0979020979020979
2 0.758893280632411 0.32867132867132864 0.10869565217391304 0.16433566433566432
2 0.2845849802371542 0.2762237762237762 0.16403162055335968 0.12937062937062938
2 0.03359683794466403 0.1853146853146853 0.08300395256916997 0.10839160839160839
1 0.5968379446640316 0.22727272727272727 0.02766798418972332 0.10139860139860139
1 0.7035573122529645 0.23776223776223776 0.02766798418972332 0.0979020979020979
1 0.6185770750988142 0.5524475524475524 0.06521739130434782 0.19230769230769232
1 0.5118577075098815 0.534965034965035 0.06324110671936758 0.19230769230769232
1 0.17786561264822134 0.34265734265734266 0.05138339920948617 0.13986013986013987
1 0.10276679841897234 0.3706293706293706 0.05731225296442688 0.14685314685314685
1 0.041501976284584984 0.32517482517482516 0.0533596837944664 0.13286713286713286
1 0.04743083003952569 0.2867132867132867 0.05533596837944664 0.1048951048951049
1 0.9090909090909091 0.08741258741258741 0.017786561264822136 0.06993006993006994
1 0.7964426877470355 0.458041958041958 0.045454545454545456 0.15734265734265734
