1 0.042490118577075096 0.3618881118881119 0.06324110671936758 0.14335664335664336
1 0.17984189723320157 0.4807692307692308 0.045454545454545456 0.1888111888111888
1 0.08399209486166008 0.30594405594405594 0.039525691699604744 0.13286713286713286
1 0.06620553359683795 0.263986013986014 0.03162055335968379 0.10839160839160839
1 0.09090909090909091 0.25 0.025691699604743084 0.09090909090909091
1 0.06225296442687747 0.2062937062937063 0.023715415019762844 0.08391608391608392
1 0.018774703557312252 0.16258741258741258 0.023715415019762844 0.08041958041958042
1 0.03557312252964427 0.15384615384615385 0.025691699604743084 0.07342657342657342
1 0.1324110671936759 0.25524475524475526 0.025691699604743084 0.06643356643356643
1 0.1650197628458498 0.28496503496503495 0.023715415019762844 0.07692307692307693
1 0.1442687747035573 0.2534965034965035 0.029644268774703556 0.05944055944055944
1 0.21936758893280633 0.34440559440559443 0.029644268774703556 0.06993006993006994
1 0.2490118577075099 0.38636363636363635 0.03359683794466403 0.08041958041958042
1 0.26679841897233203 0.513986013986014 0.041501976284584984 0.16083916083916083
1 0.26778656126482214 0.458041958041958 0.03162055335968379 0.12937062937062938
1 0.30237154150197626 0.5104895104895105 0.029644268774703556 0.13286713286713286
1 0.33201581027667987 0.5087412587412588 0.021739130434782608 0.12237762237762238
1 0.2974308300395257 0.47202797202797203 0.04743083003952569 0.10839160839160839
1 0.3221343873517787 0.49125874125874125 0.04940711462450593 0.0979020979020979
1 0.366600790513834 0.5576923076923077 0.03162055335968379 0.13636363636363635
1 0.43774703557312256 0.6311188811188811 0.03162055335968379 0.13286713286713286
1 0.3675889328063241 0.5104895104895105 0.041501976284584984 0.08041958041958042
1 0.31719367588932806 0.4318181818181818 0.03162055335968379 0.08041958041958042
1 0.29545454545454547 0.3723776223776224 0.023715415019762844 0.045454545454545456
1 0.3201581027667984 0.3881118881118881 0.01383399209486166 0.05244755244755245
1 0.3349802371541502 0.40384615384615385 0.015810276679841896 0.05244755244755245
1 0.37450592885375494 0.479020979020979 0.03557312252964427 0.07692307692307693
1 0.43280632411067194 0.5646853146853147 0.041501976284584984 0.09090909090909091
1 0.4654150197628458 0.6066433566433567 0.02766798418972332 0.10839160839160839
1 0.508893280632411 0.6223776223776224 0.023715415019762844 0.09090909090909091
1 0.6363636363636364 0.7587412587412588 0.045454545454545456 0.0979020979020979
1 0.7608695652173914 0.8898601398601399 0.05731225296442688 0.1048951048951049
1 0.9664031620553359 1.0856643356643356 0.04940711462450593 0.10839160839160839
1 0.4772727272727273 0.5699300699300699 0.02766798418972332 0.06993006993006994
1 0.4515810276679842 0.5262237762237763 0.015810276679841896 0.055944055944055944
1 0.43478260869565216 0.5017482517482518 0.01383399209486166 0.05244755244755245
2 0.4041501976284585 0.5209790209790209 0.09486166007905138 0.09090909090909091
2 0.5306324110671937 0.6083916083916084 0.039525691699604744 0.06643356643356643
2 0.40711462450592883 0.48426573426573427 0.03359683794466403 0.045454545454545456
2 0.7677865612648221 0.9195804195804196 0.1383399209486166 0.10839160839160839
2 0.6037549407114624 0.6643356643356644 0.05138339920948617 0.04895104895104895
2 0.3893280632411067 0.46153846153846156 0.05731225296442688 0.03496503496503497
2 0.4901185770750988 0.5384615384615384 0.03359683794466403 0.05944055944055944
