1 0.5711462450592886 0.8741258741258742 0.06521739130434782 0.2517482517482518
1 0.5770750988142292 0.8076923076923077 0.04940711462450593 0.17132867132867133
1 0.5286561264822134 0.7517482517482518 0.05533596837944664 0.19230769230769232
1 0.45454545454545453 0.708041958041958 0.06126482213438735 0.1888111888111888
1 0.48616600790513836 0.8583916083916084 0.06126482213438735 0.19230769230769232
1 0.6452569169960475 1.034965034965035 0.10276679841897234 0.13636363636363635
1 0.9219367588932806 1.0 0.03557312252964427 0.16083916083916083
1 0.650197628458498 0.7552447552447552 0.041501976284584984 0.13986013986013987
1 0.5928853754940712 0.7674825174825175 0.045454545454545456 0.15034965034965034
1 0.5276679841897233 0.7027972027972028 0.041501976284584984 0.10139860139860139
1 0.5395256916996047 0.6853146853146853 0.041501976284584984 0.12237762237762238
1 0.5879446640316206 0.7045454545454546 0.03557312252964427 0.10839160839160839
1 0.5958498023715415 0.7395104895104895 0.039525691699604744 0.10839160839160839
1 0.6986166007905138 0.7867132867132867 0.03557312252964427 0.1048951048951049
1 0.7164031620553359 0.7674825174825175 0.02766798418972332 0.10139860139860139
1 0.7035573122529645 0.736013986013986 0.029644268774703556 0.0979020979020979
1 0.7322134387351779 0.7412587412587412 0.02766798418972332 0.08741258741258741
1 0.7687747035573123 0.7604895104895105 0.021739130434782608 0.08041958041958042
1 0.6432806324110671 0.7027972027972028 0.03162055335968379 0.08741258741258741
1 0.607707509881423 0.6958041958041958 0.03162055335968379 0.08741258741258741
1 0.23122529644268774 0.3618881118881119 0.06521739130434782 0.11188811188811189
1 0.8359683794466403 0.8653846153846154 0.037549407114624504 0.11538461538461539
2 0.9051383399209486 0.9335664335664335 0.07707509881422925 0.12937062937062938
2 0.9288537549407114 0.916083916083916 0.07312252964426877 0.0979020979020979
2 0.8725296442687747 0.8286713286713286 0.05533596837944664 0.1048951048951049
2 0.8191699604743083 0.8269230769230769 0.08695652173913043 0.12237762237762238
2 0.7806324110671937 0.8601398601398601 0.09683794466403162 0.14685314685314685
2 0.682806324110672 0.8583916083916084 0.12648221343873517 0.23076923076923078
2 0.2717391304347826 0.5716783216783217 0.22924901185770752 0.17482517482517482
2 0.08596837944664032 0.32517482517482516 0.16205533596837945 0.1888111888111888
2 0.07707509881422925 0.38461538461538464 0.14031620553359683 0.3111888111888112
4 0.782608695652174 0.9597902097902098 0.24703557312252963 0.6223776223776224
4 0.26383399209486164 0.6783216783216783 0.383399209486166 0.44405594405594406
