1 0.12055335968379446 0.42832167832167833 0.041501976284584984 0.13636363636363635
1 0.12351778656126482 0.5297202797202797 0.08300395256916997 0.14685314685314685
1 0.24110671936758893 0.5769230769230769 0.07312252964426877 0.12937062937062938
1 0.1541501976284585 0.3618881118881119 0.029644268774703556 0.1048951048951049
1 0.02766798418972332 0.2517482517482518 0.029644268774703556 0.08391608391608392
1 0.07213438735177866 0.263986013986014 0.019762845849802372 0.07342657342657342
1 0.32608695652173914 0.5751748251748252 0.0533596837944664 0.12937062937062938
1 0.4061264822134387 0.6153846153846154 0.043478260869565216 0.0979020979020979
1 0.466403162055336 0.791958041958042 0.07707509881422925 0.15734265734265734
1 0.3349802371541502 0.7534965034965035 0.08695652173913043 0.15384615384615385
1 0.24604743083003952 0.708041958041958 0.06719367588932806 0.06643356643356643
1 0.48320158102766797 0.7727272727272727 0.05928853754940711 0.13636363636363635
1 0.5859683794466403 0.9108391608391608 0.07509881422924901 0.15734265734265734
1 0.5780632411067194 0.9632867132867133 0.09090909090909091 0.16783216783216784
1 0.6136363636363636 0.9143356643356644 0.06324110671936758 0.15034965034965034
1 0.6966403162055336 0.8444055944055944 0.03162055335968379 0.08041958041958042
1 0.7480237154150198 0.8968531468531469 0.03557312252964427 0.07692307692307693
1 0.8003952569169961 1.0017482517482517 0.037549407114624504 0.1258741258741259
1 0.8596837944664032 1.0506993006993006 0.03359683794466403 0.11188811188811189
1 0.8794466403162056 1.0437062937062938 0.037549407114624504 0.0979020979020979
1 0.9713438735177866 1.1573426573426573 0.039525691699604744 0.11538461538461539
1 0.8122529644268774 0.9370629370629371 0.037549407114624504 0.07342657342657342
1 0.8132411067193676 0.9178321678321678 0.023715415019762844 0.04195804195804196
1 0.883399209486166 0.9842657342657343 0.017786561264822136 0.06993006993006994
1 0.2628458498023715 0.38986013986013984 0.025691699604743084 0.04195804195804196
1 0.09387351778656126 0.28146853146853146 0.015810276679841896 0.05944055944055944
1 0.12154150197628459 0.2937062937062937 0.015810276679841896 0.055944055944055944
1 0.14723320158102768 0.3129370629370629 0.015810276679841896 0.05944055944055944
1 0.16699604743083005 0.31993006993006995 0.015810276679841896 0.07342657342657342
1 0.8962450592885376 0.9790209790209791 0.02766798418972332 0.05244755244755245
1 0.8754940711462451 0.9597902097902098 0.021739130434782608 0.05944055944055944
2 0.22134387351778656 0.7097902097902098 0.274703557312253 0.20279720279720279
2 0.2598814229249012 0.458041958041958 0.08695652173913043 0.08041958041958042
2 0.7292490118577075 0.9458041958041958 0.10869565217391304 0.1258741258741259
2 0.9476284584980237 1.0734265734265733 0.08695652173913043 0.06643356643356643
2 0.7124505928853755 0.8129370629370629 0.06324110671936758 0.04895104895104895
2 0.7786561264822134 0.8671328671328671 0.06126482213438735 0.05244755244755245
2 0.66600790513834 0.756993006993007 0.041501976284584984 0.04195804195804196
2 0.5533596837944664 0.6555944055944056 0.06126482213438735 0.038461538461538464
2 0.4505928853754941 0.5506993006993007 0.045454545454545456 0.045454545454545456
2 0.3181818181818182 0.44755244755244755 0.05731225296442688 0.04195804195804196
2 0.3675889328063241 0.4807692307692308 0.041501976284584984 0.03496503496503497
2 0.18972332015810275 0.3374125874125874 0.06521739130434782 0.045454545454545456
2 0.1373517786561265 0.29545454545454547 0.03557312252964427 0.05944055944055944
2 0.13043478260869565 0.28321678321678323 0.037549407114624504 0.04195804195804196
2 0.2015810276679842 0.3583916083916084 0.041501976284584984 0.06993006993006994
2 0.1650197628458498 0.2744755244755245 0.03162055335968379 0.04195804195804196
1 0.03162055335968379 0.2202797202797203 0.025691699604743084 0.04895104895104895
1 0.07608695652173914 0.22727272727272727 0.015810276679841896 0.055944055944055944
1 0.09387351778656126 0.23776223776223776 0.019762845849802372 0.05244755244755245
