1 0.08893280632411067 0.24125874125874125 0.025691699604743084 0.06643356643356643
1 0.1422924901185771 0.2692307692307692 0.025691699604743084 0.07692307692307693
1 0.20948616600790515 0.26223776223776224 0.03162055335968379 0.08041958041958042
1 0.043478260869565216 0.3776223776223776 0.02766798418972332 0.11538461538461539
1 0.05731225296442688 0.3076923076923077 0.021739130434782608 0.09090909090909091
1 0.16205533596837945 0.3356643356643357 0.025691699604743084 0.0944055944055944
1 0.17391304347826086 0.548951048951049 0.1007905138339921 0.13636363636363635
1 0.7134387351778656 0.3321678321678322 0.04743083003952569 0.10139860139860139
1 0.6699604743083004 0.3776223776223776 0.05731225296442688 0.08741258741258741
1 0.43280632411067194 0.32517482517482516 0.02766798418972332 0.09090909090909091
1 0.4762845849802372 0.3111888111888112 0.021739130434782608 0.08391608391608392
1 0.5177865612648221 0.33916083916083917 0.05138339920948617 0.09090909090909091
1 0.5988142292490118 0.34965034965034963 0.0533596837944664 0.09090909090909091
1 0.6264822134387352 0.3986013986013986 0.06521739130434782 0.10139860139860139
1 0.6739130434782609 0.44755244755244755 0.06719367588932806 0.1258741258741259
1 0.6403162055335968 0.4825174825174825 0.06719367588932806 0.1258741258741259
1 0.7707509881422925 0.3811188811188811 0.06126482213438735 0.10139860139860139
1 0.7747035573122529 0.33916083916083917 0.0533596837944664 0.09090909090909091
1 0.8320158102766798 0.36363636363636365 0.05533596837944664 0.08391608391608392
1 0.8932806324110671 0.4090909090909091 0.06126482213438735 0.10139860139860139
1 0.849802371541502 0.4230769230769231 0.07312252964426877 0.11538461538461539
1 0.2984189723320158 0.2762237762237762 0.037549407114624504 0.09090909090909091
1 0.24308300395256918 0.2867132867132867 0.03162055335968379 0.07692307692307693
1 0.8794466403162056 0.35664335664335667 0.04743083003952569 0.07692307692307693
1 0.9110671936758893 0.36713286713286714 0.05928853754940711 0.0944055944055944
1 0.3675889328063241 0.3146853146853147 0.02766798418972332 0.0944055944055944
1 0.34189723320158105 0.2902097902097902 0.03557312252964427 0.06993006993006994
1 0.3675889328063241 0.2762237762237762 0.03557312252964427 0.06993006993006994
1 0.16403162055335968 0.24125874125874125 0.025691699604743084 0.06993006993006994
1 0.12845849802371542 0.24125874125874125 0.02766798418972332 0.06993006993006994
1 0.0533596837944664 0.22727272727272727 0.019762845849802372 0.06293706293706294
1 0.005928853754940711 0.23776223776223776 0.017786561264822136 0.055944055944055944
1 0.07707509881422925 0.1958041958041958 0.019762845849802372 0.05944055944055944
1 0.4881422924901186 0.2097902097902098 0.025691699604743084 0.06993006993006994
1 0.4150197628458498 0.21328671328671328 0.03557312252964427 0.055944055944055944
4 0.30039525691699603 0.15734265734265734 0.06126482213438735 0.14335664335664336
4 0.5079051383399209 0.15034965034965034 0.06521739130434782 0.05944055944055944
2 0.5335968379446641 0.2202797202797203 0.04940711462450593 0.05944055944055944
2 0.424901185770751 0.21328671328671328 0.07114624505928854 0.05244755244755245
2 0.6106719367588933 0.1993006993006993 0.05731225296442688 0.055944055944055944
2 0.45454545454545453 0.18181818181818182 0.04940711462450593 0.05944055944055944
1 0.15019762845849802 0.17482517482517482 0.025691699604743084 0.04895104895104895
1 0.25889328063241107 0.17832167832167833 0.029644268774703556 0.04895104895104895
