1 0.5385375494071146 0.7832167832167832 0.09486166007905138 0.2062937062937063
1 0.6808300395256917 0.9353146853146853 0.11067193675889328 0.1958041958041958
1 0.7341897233201581 0.9440559440559441 0.06324110671936758 0.17832167832167833
1 0.8023715415019763 0.986013986013986 0.09683794466403162 0.16083916083916083
1 0.9288537549407114 1.1643356643356644 0.12450592885375494 0.12237762237762238
1 0.9367588932806324 1.2045454545454546 0.11264822134387352 0.1888111888111888
1 0.7154150197628458 1.097902097902098 0.1600790513833992 0.1993006993006993
1 0.741106719367589 0.7727272727272727 0.025691699604743084 0.0979020979020979
1 0.7924901185770751 0.8146853146853147 0.029644268774703556 0.10839160839160839
1 0.9614624505928854 1.0104895104895104 0.05138339920948617 0.13286713286713286
1 0.7658102766798419 0.7797202797202797 0.019762845849802372 0.0944055944055944
1 0.6324110671936759 0.8286713286713286 0.09288537549407115 0.14685314685314685
1 0.5810276679841897 0.7395104895104895 0.07312252964426877 0.13286713286713286
1 0.4881422924901186 0.6748251748251748 0.08102766798418973 0.15734265734265734
1 0.4792490118577075 0.6346153846153846 0.05533596837944664 0.10139860139860139
1 0.23221343873517786 0.5227272727272727 0.07905138339920949 0.18181818181818182
1 0.05632411067193676 0.5332167832167832 0.08300395256916997 0.0944055944055944
1 0.35079051383399207 0.541958041958042 0.039525691699604744 0.07692307692307693
1 0.3577075098814229 0.5052447552447552 0.05731225296442688 0.11888111888111888
1 0.38735177865612647 0.513986013986014 0.04940711462450593 0.11888111888111888
1 0.3221343873517787 0.4388111888111888 0.05731225296442688 0.1048951048951049
1 0.2490118577075099 0.3741258741258741 0.04940711462450593 0.09090909090909091
1 0.2025691699604743 0.3356643356643357 0.043478260869565216 0.0944055944055944
1 0.15612648221343872 0.27797202797202797 0.045454545454545456 0.10139860139860139
1 0.11956521739130435 0.22727272727272727 0.03557312252964427 0.08391608391608392
1 0.03359683794466403 0.1451048951048951 0.029644268774703556 0.05944055944055944
2 0.924901185770751 0.9405594405594405 0.0691699604743083 0.1258741258741259
2 0.33794466403162055 0.6573426573426573 0.2509881422924901 0.25524475524475526
2 0.2025691699604743 0.6538461538461539 0.25296442687747034 0.26223776223776224
2 0.11166007905138339 0.3374125874125874 0.13438735177865613 0.14335664335664336
2 0.07015810276679842 0.2395104895104895 0.1225296442687747 0.12237762237762238
2 0.5632411067193676 1.0576923076923077 0.24703557312252963 0.09090909090909091
4 0.8517786561264822 0.8304195804195804 0.09288537549407115 0.1993006993006993
4 0.08992094861660078 0.3374125874125874 0.16205533596837945 0.4020979020979021
2 0.849802371541502 0.7797202797202797 0.037549407114624504 0.05244755244755245
