1 0.4140316205533597 0.6783216783216783 0.039525691699604744 0.15734265734265734
1 0.45948616600790515 0.6695804195804196 0.039525691699604744 0.15384615384615385
1 0.5731225296442688 0.7867132867132867 0.03359683794466403 0.15384615384615385
1 0.2964426877470356 0.49125874125874125 0.045454545454545456 0.11888111888111888
1 0.25395256916996045 0.4020979020979021 0.03162055335968379 0.0944055944055944
1 0.29150197628458496 0.44755244755244755 0.02766798418972332 0.0979020979020979
1 0.16600790513833993 0.2937062937062937 0.029644268774703556 0.06993006993006994
1 0.11956521739130435 0.23076923076923078 0.019762845849802372 0.04895104895104895
1 0.030632411067193676 0.1520979020979021 0.015810276679841896 0.06993006993006994
1 0.28952569169960474 0.3776223776223776 0.023715415019762844 0.06643356643356643
1 0.2727272727272727 0.3758741258741259 0.021739130434782608 0.07342657342657342
1 0.3409090909090909 0.4772727272727273 0.03557312252964427 0.0944055944055944
1 0.383399209486166 0.5681818181818182 0.0533596837944664 0.11538461538461539
1 0.4031620553359684 0.5576923076923077 0.045454545454545456 0.11538461538461539
1 0.45553359683794464 0.6328671328671329 0.05928853754940711 0.11538461538461539
1 0.532608695652174 0.708041958041958 0.03162055335968379 0.12937062937062938
1 0.5207509881422925 0.701048951048951 0.05928853754940711 0.08391608391608392
1 0.5098814229249012 0.6608391608391608 0.04940711462450593 0.10139860139860139
1 0.3814229249011858 0.5 0.017786561264822136 0.08391608391608392
1 0.40810276679841895 0.5192307692307693 0.019762845849802372 0.08041958041958042
1 0.4318181818181818 0.5314685314685315 0.019762845849802372 0.09090909090909091
1 0.44960474308300397 0.541958041958042 0.011857707509881422 0.08391608391608392
1 0.4782608695652174 0.5926573426573427 0.03359683794466403 0.08741258741258741
1 0.508893280632411 0.6118881118881119 0.023715415019762844 0.07692307692307693
1 0.5375494071146245 0.6276223776223776 0.021739130434782608 0.08391608391608392
1 0.5573122529644269 0.6538461538461539 0.021739130434782608 0.08391608391608392
1 0.5563241106719368 0.6993006993006993 0.05533596837944664 0.08741258741258741
1 0.6126482213438735 0.7482517482517482 0.04940711462450593 0.08041958041958042
1 0.6353754940711462 0.7797202797202797 0.05533596837944664 0.0979020979020979
1 0.7539525691699605 0.8933566433566433 0.06324110671936758 0.0944055944055944
1 0.8270750988142292 0.9632867132867133 0.07114624505928854 0.10139860139860139
1 0.8745059288537549 0.9772727272727273 0.05138339920948617 0.08391608391608392
2 0.4881422924901186 0.5821678321678322 0.05731225296442688 0.08391608391608392
2 0.18181818181818182 0.5122377622377622 0.16403162055335968 0.27972027972027974
2 0.3547430830039526 0.4737762237762238 0.08300395256916997 0.05244755244755245
2 0.17885375494071146 0.3094405594405594 0.08695652173913043 0.07342657342657342
3 0.22924901185770752 0.3356643356643357 0.07707509881422925 0.07692307692307693
2 0.4051383399209486 0.48776223776223776 0.07312252964426877 0.05244755244755245
2 0.5474308300395256 0.6101398601398601 0.06126482213438735 0.05244755244755245
2 0.5503952569169961 0.6363636363636364 0.05533596837944664 0.06643356643356643
2 0.9624505928853755 1.0611888111888113 0.06126482213438735 0.1048951048951049
2 0.9713438735177866 1.1083916083916083 0.043478260869565216 0.1048951048951049
1 0.31620553359683795 0.3881118881118881 0.03359683794466403 0.06293706293706294
1 0.6086956521739131 0.6416083916083916 0.025691699604743084 0.05944055944055944
3 0.6482213438735178 0.6993006993006993 0.0691699604743083 0.05944055944055944
4 0.07312252964426877 0.22727272727272727 0.08893280632411067 0.2062937062937063
4 0.7272727272727273 0.7727272727272727 0.08498023715415019 0.055944055944055944
4 0.8112648221343873 0.8321678321678322 0.07114624505928854 0.055944055944055944
2 0.024703557312252964 0.1381118881118881 0.039525691699604744 0.05244755244755245
1 0.7055335968379447 0.9405594405594405 0.1007905138339921 0.16433566433566432
