1 0.8517786561264822 0.5209790209790209 0.11462450592885376 0.17482517482517482
1 0.7114624505928854 0.4125874125874126 0.08695652173913043 0.15034965034965034
1 0.6877470355731226 0.38461538461538464 0.09683794466403162 0.10139860139860139
1 0.6067193675889329 0.4125874125874126 0.08300395256916997 0.13286713286713286
1 0.48023715415019763 0.5384615384615384 0.09881422924901186 0.16083916083916083
1 0.5968379446640316 0.541958041958042 0.10474308300395258 0.15034965034965034
1 0.7015810276679841 0.6013986013986014 0.07707509881422925 0.10139860139860139
1 0.6343873517786561 0.4825174825174825 0.09683794466403162 0.16083916083916083
1 0.2766798418972332 0.4370629370629371 0.07707509881422925 0.14335664335664336
1 0.32608695652173914 0.34265734265734266 0.06126482213438735 0.14335664335664336
1 0.2707509881422925 0.36013986013986016 0.05138339920948617 0.10839160839160839
1 0.08893280632411067 0.479020979020979 0.06521739130434782 0.15034965034965034
1 0.12055335968379446 0.35664335664335667 0.05928853754940711 0.12937062937062938
1 0.1422924901185771 0.3146853146853147 0.05731225296442688 0.11538461538461539
1 0.19367588932806323 0.28321678321678323 0.04940711462450593 0.11538461538461539
1 0.4268774703557312 0.3356643356643357 0.06719367588932806 0.11188811188811189
1 0.4841897233201581 0.3111888111888112 0.045454545454545456 0.12237762237762238
1 0.4743083003952569 0.38461538461538464 0.07905138339920949 0.12937062937062938
1 0.7233201581027668 0.1888111888111888 0.02766798418972332 0.10139860139860139
1 0.7529644268774703 0.17482517482517482 0.025691699604743084 0.10139860139860139
1 0.5691699604743083 0.3321678321678322 0.07509881422924901 0.1048951048951049
1 0.5592885375494071 0.3776223776223776 0.07509881422924901 0.11538461538461539
1 0.27865612648221344 0.26223776223776224 0.0533596837944664 0.0944055944055944
1 0.28063241106719367 0.3006993006993007 0.05928853754940711 0.1048951048951049
1 0.12648221343873517 0.23076923076923078 0.043478260869565216 0.0944055944055944
1 0.045454545454545456 0.2202797202797203 0.045454545454545456 0.0979020979020979
1 0.009881422924901186 0.24475524475524477 0.03557312252964427 0.0979020979020979
1 0.8754940711462451 0.02097902097902098 0.017786561264822136 0.04895104895104895
1 0.9486166007905138 0.506993006993007 0.045454545454545456 0.17482517482517482
2 0.5711462450592886 0.6888111888111889 0.424901185770751 0.3006993006993007
2 0.8952569169960475 0.16433566433566432 0.07312252964426877 0.11888111888111888
2 0.8458498023715415 0.1048951048951049 0.05533596837944664 0.10139860139860139
2 0.9466403162055336 0.08741258741258741 0.041501976284584984 0.08041958041958042
2 0.9288537549407114 0.12237762237762238 0.041501976284584984 0.06643356643356643
2 0.8952569169960475 0.03496503496503497 0.039525691699604744 0.06643356643356643
2 0.9426877470355731 0.04895104895104895 0.045454545454545456 0.055944055944055944
2 0.2885375494071146 0.8461538461538461 0.32608695652173914 0.14335664335664336
