1 0.5335968379446641 0.6346153846153846 0.045454545454545456 0.16083916083916083
1 0.6719367588932806 0.6590909090909091 0.041501976284584984 0.18181818181818182
1 0.5523715415019763 0.5454545454545454 0.07114624505928854 0.12237762237762238
1 0.5770750988142292 0.5104895104895105 0.06126482213438735 0.11538461538461539
1 0.6373517786561265 0.479020979020979 0.05928853754940711 0.10839160839160839
1 0.9634387351778656 0.48951048951048953 0.05928853754940711 0.10839160839160839
1 0.16304347826086957 0.47027972027972026 0.039525691699604744 0.1258741258741259
1 0.1007905138339921 0.3723776223776224 0.025691699604743084 0.0979020979020979
1 0.030632411067193676 0.2902097902097902 0.023715415019762844 0.07342657342657342
1 0.036561264822134384 0.23426573426573427 0.019762845849802372 0.045454545454545456
1 0.15217391304347827 0.3076923076923077 0.021739130434782608 0.06643356643356643
2 0.47134387351778656 0.3968531468531469 0.07114624505928854 0.14685314685314685
2 0.21541501976284586 0.38636363636363635 0.09288537549407115 0.11188811188811189
2 0.4318181818181818 0.8496503496503497 0.19367588932806323 0.2902097902097902
2 0.2618577075098814 0.3374125874125874 0.08695652173913043 0.0979020979020979
2 0.3231225296442688 0.31643356643356646 0.06719367588932806 0.055944055944055944
2 0.366600790513834 0.3583916083916084 0.08695652173913043 0.06293706293706294
2 0.44565217391304346 0.3479020979020979 0.1067193675889328 0.06993006993006994
2 0.5938735177865613 0.3741258741258741 0.07509881422924901 0.10139860139860139
2 0.5543478260869565 0.3094405594405594 0.05138339920948617 0.06293706293706294
2 0.5355731225296443 0.24475524475524477 0.045454545454545456 0.05244755244755245
2 0.11561264822134387 0.2744755244755245 0.05928853754940711 0.06993006993006994
2 0.116600790513834 0.20454545454545456 0.07312252964426877 0.04895104895104895
2 0.25691699604743085 0.23251748251748253 0.04940711462450593 0.03496503496503497
2 0.21047430830039526 0.2465034965034965 0.07905138339920949 0.06293706293706294
2 0.19861660079051383 0.2727272727272727 0.06719367588932806 0.06643356643356643
2 0.2875494071146245 0.26573426573426573 0.06324110671936758 0.05244755244755245
2 0.6284584980237155 0.23076923076923078 0.06521739130434782 0.045454545454545456
3 0.4762845849802372 0.2744755244755245 0.07312252964426877 0.09090909090909091
3 0.37351778656126483 0.4562937062937063 0.17588932806324112 0.23076923076923078
4 0.5405138339920948 0.20804195804195805 0.09090909090909091 0.06993006993006994
