4 0.5434782608695652 0.8601398601398601 0.43280632411067194 0.13286713286713286
2 0.07312252964426877 0.6993006993006993 0.3339920948616601 0.2937062937062937
2 0.007905138339920948 0.34615384615384615 0.15612648221343872 0.16783216783216784
2 0.7154150197628458 0.7657342657342657 0.28063241106719367 0.22727272727272727
2 0.8893280632411067 0.13636363636363635 0.08498023715415019 0.16433566433566432
2 0.7648221343873518 0.18181818181818182 0.06126482213438735 0.11538461538461539
2 0.8162055335968379 0.13636363636363635 0.05138339920948617 0.08041958041958042
2 0.8379446640316206 0.07692307692307693 0.05731225296442688 0.08041958041958042
2 0.932806324110672 0.038461538461538464 0.05533596837944664 0.13286713286713286
2 0.8774703557312253 0.04895104895104895 0.037549407114624504 0.09090909090909091
1 0.8142292490118577 0.3951048951048951 0.05731225296442688 0.16083916083916083
1 0.6857707509881423 0.5034965034965035 0.10474308300395258 0.16783216783216784
1 0.575098814229249 0.4825174825174825 0.1007905138339921 0.16783216783216784
1 0.5533596837944664 0.3881118881118881 0.08300395256916997 0.13986013986013987
1 0.4762845849802372 0.3986013986013986 0.08102766798418973 0.15034965034965034
1 0.4624505928853755 0.46503496503496505 0.09090909090909091 0.14685314685314685
1 0.4980237154150198 0.5524475524475524 0.1067193675889328 0.16783216783216784
1 0.6620553359683794 0.23076923076923078 0.02766798418972332 0.1258741258741259
1 0.691699604743083 0.2097902097902098 0.02766798418972332 0.11538461538461539
1 0.7292490118577075 0.1888111888111888 0.029644268774703556 0.10839160839160839
1 0.34980237154150196 0.493006993006993 0.08498023715415019 0.16783216783216784
1 0.34782608695652173 0.42657342657342656 0.08300395256916997 0.15734265734265734
1 0.2727272727272727 0.36363636363636365 0.06719367588932806 0.12937062937062938
1 0.2924901185770751 0.3146853146853147 0.0533596837944664 0.11888111888111888
1 0.3142292490118577 0.2727272727272727 0.04743083003952569 0.11538461538461539
1 0.2490118577075099 0.2902097902097902 0.045454545454545456 0.11188811188811189
1 0.20948616600790515 0.2937062937062937 0.04743083003952569 0.12237762237762238
1 0.18379446640316205 0.35664335664335667 0.05928853754940711 0.1258741258741259
1 0.17193675889328064 0.32517482517482516 0.03162055335968379 0.0944055944055944
1 0.13636363636363635 0.2692307692307692 0.045454545454545456 0.1048951048951049
1 0.1600790513833992 0.22727272727272727 0.037549407114624504 0.09090909090909091
1 0.10276679841897234 0.21678321678321677 0.03359683794466403 0.08741258741258741
1 0.041501976284584984 0.22377622377622378 0.039525691699604744 0.0979020979020979
1 0.01383399209486166 0.18181818181818182 0.03359683794466403 0.09090909090909091
1 0.8596837944664032 0.24825174825174826 0.03359683794466403 0.11538461538461539
1 0.883399209486166 0.28321678321678323 0.04743083003952569 0.11538461538461539
1 0.8320158102766798 0.1993006993006993 0.03162055335968379 0.11188811188811189
1 0.8636363636363636 0.18181818181818182 0.025691699604743084 0.09090909090909091
1 0.7964426877470355 0.2517482517482518 0.029644268774703556 0.10139860139860139
