1 0.0533596837944664 0.6888111888111889 0.07905138339920949 0.23776223776223776
1 0.03162055335968379 0.6118881118881119 0.08498023715415019 0.2062937062937063
1 0.045454545454545456 0.4370629370629371 0.03557312252964427 0.1258741258741259
1 0.025691699604743084 0.4020979020979021 0.03359683794466403 0.11188811188811189
1 0.08893280632411067 0.3531468531468531 0.029644268774703556 0.10139860139860139
1 0.11857707509881422 0.4125874125874126 0.03557312252964427 0.12937062937062938
1 0.10869565217391304 0.2867132867132867 0.02766798418972332 0.08741258741258741
1 0.019762845849802372 0.23776223776223776 0.023715415019762844 0.08041958041958042
1 0.06521739130434782 0.23076923076923078 0.02766798418972332 0.06643356643356643
1 0.12648221343873517 0.22727272727272727 0.025691699604743084 0.07342657342657342
1 0.1956521739130435 0.5909090909090909 0.05533596837944664 0.17132867132867133
1 0.16403162055335968 0.7377622377622378 0.08893280632411067 0.25874125874125875
1 0.308300395256917 0.7062937062937062 0.06521739130434782 0.21678321678321677
1 0.2608695652173913 0.5909090909090909 0.06521739130434782 0.20279720279720279
1 0.2707509881422925 0.5524475524475524 0.037549407114624504 0.11888111888111888
1 0.4189723320158103 0.583916083916084 0.0533596837944664 0.1958041958041958
1 0.4051383399209486 0.5314685314685315 0.043478260869565216 0.16783216783216784
1 0.5553359683794467 0.5874125874125874 0.045454545454545456 0.1853146853146853
1 0.6245059288537549 0.5314685314685315 0.039525691699604744 0.15384615384615385
1 0.5039525691699605 0.47202797202797203 0.029644268774703556 0.13636363636363635
1 0.4743083003952569 0.4125874125874126 0.06324110671936758 0.1048951048951049
1 0.5276679841897233 0.4230769230769231 0.07114624505928854 0.0979020979020979
1 0.8596837944664032 0.36713286713286714 0.05533596837944664 0.0944055944055944
1 0.9031620553359684 0.3916083916083916 0.06126482213438735 0.0979020979020979
1 0.9407114624505929 0.43356643356643354 0.06126482213438735 0.11538461538461539
1 0.6106719367588933 0.3916083916083916 0.05731225296442688 0.0944055944055944
1 0.6679841897233202 0.36713286713286714 0.06324110671936758 0.0944055944055944
1 0.5217391304347826 0.3951048951048951 0.043478260869565216 0.07342657342657342
1 0.5632411067193676 0.3776223776223776 0.041501976284584984 0.0979020979020979
1 0.466403162055336 0.33916083916083917 0.04743083003952569 0.08041958041958042
1 0.424901185770751 0.32517482517482516 0.045454545454545456 0.08741258741258741
1 0.15217391304347827 0.33916083916083917 0.02766798418972332 0.0944055944055944
1 0.18972332015810275 0.34615384615384615 0.03359683794466403 0.1048951048951049
1 0.23517786561264822 0.32517482517482516 0.02766798418972332 0.09090909090909091
1 0.2885375494071146 0.3181818181818182 0.029644268774703556 0.08741258741258741
1 0.18181818181818182 0.23426573426573427 0.02766798418972332 0.05944055944055944
1 0.22529644268774704 0.28321678321678323 0.029644268774703556 0.07342657342657342
1 0.24703557312252963 0.2692307692307692 0.03359683794466403 0.06643356643356643
1 0.2885375494071146 0.2727272727272727 0.03162055335968379 0.06643356643356643
1 0.308300395256917 0.1958041958041958 0.02766798418972332 0.04895104895104895
1 0.233201581027668 0.1853146853146853 0.015810276679841896 0.04895104895104895
1 0.35375494071146246 0.26573426573426573 0.02766798418972332 0.07692307692307693
1 0.4189723320158103 0.26573426573426573 0.017786561264822136 0.04895104895104895
1 0.44466403162055335 0.26573426573426573 0.023715415019762844 0.06293706293706294
1 0.49604743083003955 0.21678321678321677 0.01383399209486166 0.05944055944055944
1 0.5474308300395256 0.22727272727272727 0.025691699604743084 0.05944055944055944
1 0.6106719367588933 0.2062937062937063 0.02766798418972332 0.04895104895104895
1 0.6284584980237155 0.19230769230769232 0.02766798418972332 0.045454545454545456
1 0.3814229249011858 0.24125874125874125 0.029644268774703556 0.06293706293706294
1 0.717391304347826 0.1958041958041958 0.025691699604743084 0.045454545454545456
2 0.32608695652173914 0.33916083916083917 0.11264822134387352 0.0944055944055944
2 0.4288537549407115 0.1853146853146853 0.03359683794466403 0.045454545454545456
2 0.44861660079051385 0.24475524475524477 0.03557312252964427 0.06643356643356643
2 0.49604743083003955 0.26573426573426573 0.045454545454545456 0.07342657342657342
2 0.49407114624505927 0.32517482517482516 0.12648221343873517 0.07692307692307693
2 0.5434782608695652 0.1853146853146853 0.03557312252964427 0.055944055944055944
3 0.5019762845849802 0.17132867132867133 0.029644268774703556 0.06293706293706294
3 0.7905138339920948 0.17482517482517482 0.05731225296442688 0.04195804195804196
4 0.4150197628458498 0.12237762237762238 0.02766798418972332 0.04895104895104895
4 0.05138339920948617 0.16433566433566432 0.07905138339920949 0.06293706293706294
