1 0.20355731225296442 0.6608391608391608 0.06521739130434782 0.08391608391608392
1 0.3784584980237154 0.8076923076923077 0.08300395256916997 0.11888111888111888
1 0.4891304347826087 0.8356643356643356 0.08300395256916997 0.1888111888111888
1 0.5859683794466403 0.9772727272727273 0.09486166007905138 0.15734265734265734
1 0.19466403162055335 0.44405594405594406 0.039525691699604744 0.10839160839160839
1 0.07213438735177866 0.32342657342657344 0.02766798418972332 0.1048951048951049
1 0.023715415019762844 0.26573426573426573 0.025691699604743084 0.09090909090909091
1 0.05138339920948617 0.26048951048951047 0.029644268774703556 0.08041958041958042
1 0.042490118577075096 0.21853146853146854 0.015810276679841896 0.05944055944055944
1 0.09387351778656126 0.270979020979021 0.019762845849802372 0.06643356643356643
1 0.13537549407114624 0.31993006993006995 0.023715415019762844 0.06293706293706294
1 0.18972332015810275 0.40384615384615385 0.029644268774703556 0.09090909090909091
1 0.26877470355731226 0.5174825174825175 0.041501976284584984 0.12937062937062938
1 0.20355731225296442 0.3723776223776224 0.021739130434782608 0.07692307692307693
1 0.3448616600790514 0.5909090909090909 0.03557312252964427 0.12237762237762238
1 0.4150197628458498 0.6188811188811189 0.041501976284584984 0.10139860139860139
1 0.466403162055336 0.6853146853146853 0.041501976284584984 0.10839160839160839
1 0.5741106719367589 0.8828671328671329 0.06719367588932806 0.1888111888111888
1 0.642292490118577 0.9423076923076923 0.05731225296442688 0.18181818181818182
1 0.5424901185770751 0.798951048951049 0.05533596837944664 0.1258741258741259
1 0.5306324110671937 0.7604895104895105 0.043478260869565216 0.10839160839160839
1 0.6936758893280632 0.9020979020979021 0.05731225296442688 0.10139860139860139
1 0.508893280632411 0.666083916083916 0.043478260869565216 0.07692307692307693
1 0.5513833992094862 0.6975524475524476 0.037549407114624504 0.06993006993006994
1 0.6017786561264822 0.7552447552447552 0.043478260869565216 0.06293706293706294
1 0.733201581027668 0.8618881118881119 0.037549407114624504 0.06643356643356643
1 0.8438735177865613 0.9248251748251748 0.021739130434782608 0.06993006993006994
1 0.8962450592885376 0.9790209790209791 0.019762845849802372 0.05944055944055944
1 0.9555335968379447 1.0402097902097902 0.02766798418972332 0.07342657342657342
1 0.7045454545454546 0.784965034965035 0.015810276679841896 0.04895104895104895
2 0.2618577075098814 0.4632867132867133 0.09486166007905138 0.0944055944055944
2 0.23023715415019763 0.3986013986013986 0.04743083003952569 0.06293706293706294
2 0.2974308300395257 0.43006993006993005 0.05138339920948617 0.04195804195804196
2 0.2440711462450593 0.3916083916083916 0.05928853754940711 0.055944055944055944
2 0.19861660079051383 0.3094405594405594 0.03162055335968379 0.038461538461538464
2 0.1432806324110672 0.27972027972027974 0.02766798418972332 0.04195804195804196
2 0.37648221343873517 0.49125874125874125 0.043478260869565216 0.04195804195804196
2 0.34782608695652173 0.458041958041958 0.045454545454545456 0.03496503496503497
2 0.43379446640316205 0.5402097902097902 0.05533596837944664 0.038461538461538464
2 0.7806324110671937 1.131118881118881 0.16798418972332016 0.2097902097902098
2 0.8636363636363636 0.9825174825174825 0.06521739130434782 0.08391608391608392
2 0.9337944664031621 1.020979020979021 0.043478260869565216 0.06293706293706294
2 0.6521739130434783 0.7517482517482518 0.05731225296442688 0.038461538461538464
2 0.5632411067193676 0.6678321678321678 0.06521739130434782 0.04195804195804196
2 0.75 0.8356643356643356 0.05533596837944664 0.04895104895104895
2 0.8003952569169961 0.8723776223776224 0.04940711462450593 0.04195804195804196
3 0.13636363636363635 0.3006993006993007 0.04940711462450593 0.08391608391608392
4 0.18873517786561264 0.3321678321678322 0.039525691699604744 0.08391608391608392
4 0.791501976284585 0.8951048951048951 0.06324110671936758 0.1048951048951049
