2 0.8774703557312253 0.8776223776223776 0.05731225296442688 0.08041958041958042
2 0.3695652173913043 0.6066433566433567 0.2075098814229249 0.22377622377622378
2 0.3359683794466403 0.5017482517482518 0.16403162055335968 0.15034965034965034
2 0.9476284584980237 1.1573426573426573 0.09090909090909091 0.16433566433566432
2 0.9189723320158103 1.229020979020979 0.15217391304347827 0.2902097902097902
2 0.10573122529644269 0.24125874125874125 0.1067193675889328 0.10839160839160839
2 0.06818181818181818 0.229020979020979 0.06719367588932806 0.08041958041958042
1 0.7183794466403162 0.7692307692307693 0.043478260869565216 0.10139860139860139
1 0.8873517786561265 0.8444055944055944 0.017786561264822136 0.05244755244755245
1 0.2519762845849802 0.47027972027972026 0.06719367588932806 0.17482517482517482
1 0.2124505928853755 0.4772727272727273 0.06324110671936758 0.1888111888111888
1 0.1383399209486166 0.33916083916083917 0.05731225296442688 0.14685314685314685
1 0.18379446640316205 0.36538461538461536 0.0533596837944664 0.11888111888111888
1 0.44960474308300397 0.7587412587412588 0.1067193675889328 0.23426573426573427
1 0.7322134387351779 1.1031468531468531 0.13438735177865613 0.1993006993006993
