2 0.8310276679841897 0.8741258741258742 0.09486166007905138 0.10839160839160839
2 0.3883399209486166 0.5734265734265734 0.16600790513833993 0.16083916083916083
2 0.1007905138339921 0.24125874125874125 0.11264822134387352 0.0979020979020979
1 0.22924901185770752 0.4405594405594406 0.06521739130434782 0.15734265734265734
1 0.18675889328063242 0.35664335664335667 0.05533596837944664 0.13636363636363635
1 0.0800395256916996 0.263986013986014 0.04743083003952569 0.12937062937062938
1 0.09090909090909091 0.2534965034965035 0.041501976284584984 0.11538461538461539
1 0.10968379446640317 0.2534965034965035 0.04743083003952569 0.11888111888111888
1 0.9258893280632411 0.9772727272727273 0.03557312252964427 0.11188811188811189
1 0.591897233201581 0.6730769230769231 0.05533596837944664 0.0944055944055944
1 0.4160079051383399 0.7185314685314685 0.09881422924901186 0.22727272727272727
3 0.7282608695652174 1.0419580419580419 0.5335968379446641 0.6643356643356644
