1 0.8764822134387352 1.1590909090909092 0.1422924901185771 0.1888111888111888
1 0.9189723320158103 1.0734265734265733 0.07707509881422925 0.15384615384615385
1 0.8517786561264822 1.034965034965035 0.1007905138339921 0.13986013986013987
1 0.8675889328063241 1.0769230769230769 0.1007905138339921 0.14335664335664336
1 0.7717391304347826 0.9300699300699301 0.09486166007905138 0.14685314685314685
1 0.6847826086956522 0.8583916083916084 0.09090909090909091 0.14685314685314685
1 0.6669960474308301 0.7972027972027972 0.04743083003952569 0.0944055944055944
1 0.6195652173913043 0.763986013986014 0.06719367588932806 0.13986013986013987
1 0.6521739130434783 0.9055944055944056 0.12845849802371542 0.1958041958041958
1 0.5049407114624506 0.7587412587412588 0.10276679841897234 0.13286713286713286
1 0.29051383399209485 0.5034965034965035 0.06521739130434782 0.15734265734265734
1 0.39031620553359686 0.5122377622377622 0.05138339920948617 0.11538461538461539
1 0.34881422924901184 0.486013986013986 0.05928853754940711 0.12237762237762238
1 0.6630434782608695 0.7202797202797203 0.03162055335968379 0.11538461538461539
1 0.7203557312252964 0.743006993006993 0.02766798418972332 0.0979020979020979
1 0.9456521739130435 0.9947552447552448 0.039525691699604744 0.11888111888111888
1 0.9733201581027668 0.9335664335664335 0.02766798418972332 0.09090909090909091
1 0.7559288537549407 0.7657342657342657 0.02766798418972332 0.0979020979020979
1 0.5108695652173914 0.6381118881118881 0.05533596837944664 0.08391608391608392
1 0.1492094861660079 0.34965034965034963 0.05928853754940711 0.13286713286713286
1 0.07312252964426877 0.26048951048951047 0.0533596837944664 0.11888111888111888
1 0.2075098814229249 0.3374125874125874 0.041501976284584984 0.10139860139860139
1 0.22529644268774704 0.3374125874125874 0.045454545454545456 0.0979020979020979
1 0.28063241106719367 0.40384615384615385 0.037549407114624504 0.06643356643356643
1 0.274703557312253 0.38986013986013984 0.04940711462450593 0.09090909090909091
2 0.9110671936758893 0.9335664335664335 0.07312252964426877 0.11888111888111888
2 0.9298418972332015 0.9108391608391608 0.05928853754940711 0.0979020979020979
2 0.8181818181818182 0.8409090909090909 0.08893280632411067 0.10839160839160839
2 0.7786561264822134 0.8583916083916084 0.11264822134387352 0.16083916083916083
2 0.8033596837944664 0.7867132867132867 0.05928853754940711 0.07692307692307693
2 0.8675889328063241 0.8461538461538461 0.0533596837944664 0.10839160839160839
2 0.11561264822134387 0.49125874125874125 0.2134387351778656 0.26573426573426573
2 0.49407114624505927 0.7272727272727273 0.21936758893280633 0.2062937062937063
4 0.4535573122529644 0.9178321678321678 0.525691699604743 0.4230769230769231
2 0.8547430830039525 1.2604895104895104 0.2727272727272727 0.22727272727272727
3 0.08695652173913043 0.20804195804195805 0.1600790513833992 0.2727272727272727
2 0.2658102766798419 0.47202797202797203 0.15019762845849802 0.12937062937062938
