1 0.09881422924901186 0.40384615384615385 0.0691699604743083 0.17832167832167833
1 0.08102766798418973 0.29545454545454547 0.029644268774703556 0.13286713286713286
1 0.030632411067193676 0.17482517482517482 0.019762845849802372 0.08041958041958042
1 0.06620553359683795 0.1958041958041958 0.019762845849802372 0.07342657342657342
1 0.09387351778656126 0.21328671328671328 0.019762845849802372 0.08041958041958042
1 0.11462450592885376 0.22727272727272727 0.025691699604743084 0.08041958041958042
1 0.16600790513833993 0.28321678321678323 0.017786561264822136 0.06293706293706294
1 0.18280632411067194 0.2867132867132867 0.015810276679841896 0.07342657342657342
1 0.19466403162055335 0.30594405594405594 0.019762845849802372 0.08041958041958042
1 0.24802371541501977 0.36013986013986016 0.019762845849802372 0.05244755244755245
1 0.0800395256916996 0.17482517482517482 0.03162055335968379 0.05244755244755245
1 0.3132411067193676 0.48426573426573427 0.039525691699604744 0.10839160839160839
1 0.283596837944664 0.38286713286713286 0.02766798418972332 0.07692307692307693
1 0.3438735177865613 0.479020979020979 0.037549407114624504 0.09090909090909091
1 0.37648221343873517 0.513986013986014 0.043478260869565216 0.08741258741258741
1 0.3932806324110672 0.5104895104895105 0.03359683794466403 0.0979020979020979
1 0.41699604743083 0.5262237762237763 0.017786561264822136 0.08391608391608392
1 0.5247035573122529 0.6713286713286714 0.05533596837944664 0.1048951048951049
1 0.6136363636363636 0.7587412587412588 0.05928853754940711 0.10139860139860139
1 0.6274703557312253 0.7465034965034965 0.04743083003952569 0.09090909090909091
1 0.6571146245059288 0.7517482517482518 0.03162055335968379 0.09090909090909091
1 0.6798418972332015 0.8164335664335665 0.0533596837944664 0.09090909090909091
1 0.7282608695652174 0.8793706293706294 0.06324110671936758 0.11888111888111888
1 0.7341897233201581 0.9195804195804196 0.07114624505928854 0.11188811188811189
1 0.9061264822134387 1.0769230769230769 0.07905138339920949 0.1258741258741259
1 0.900197628458498 1.0122377622377623 0.05928853754940711 0.10139860139860139
1 0.857707509881423 0.951048951048951 0.037549407114624504 0.08041958041958042
2 0.2381422924901186 0.3968531468531469 0.08300395256916997 0.0944055944055944
2 0.33695652173913043 0.46153846153846156 0.09090909090909091 0.08741258741258741
2 0.3794466403162055 0.4772727272727273 0.05731225296442688 0.055944055944055944
2 0.46047430830039526 0.5821678321678322 0.06521739130434782 0.1258741258741259
2 0.5424901185770751 0.6555944055944056 0.043478260869565216 0.0979020979020979
2 0.45948616600790515 0.5192307692307693 0.04743083003952569 0.04895104895104895
2 0.4298418972332016 0.486013986013986 0.043478260869565216 0.04895104895104895
2 0.5059288537549407 0.5594405594405595 0.029644268774703556 0.06643356643356643
2 0.5958498023715415 0.6608391608391608 0.06324110671936758 0.055944055944055944
2 0.7114624505928854 0.75 0.0533596837944664 0.045454545454545456
2 0.7628458498023716 0.7902097902097902 0.041501976284584984 0.03146853146853147
2 0.7964426877470355 0.9615384615384616 0.1442687747035573 0.10839160839160839
1 0.03359683794466403 0.16258741258741258 0.041501976284584984 0.06293706293706294
