1 0.04940711462450593 0.7097902097902098 0.08300395256916997 0.22377622377622378
1 0.650197628458498 0.7237762237762237 0.05928853754940711 0.23426573426573427
1 0.5632411067193676 0.479020979020979 0.03162055335968379 0.15034965034965034
1 0.525691699604743 0.4370629370629371 0.02766798418972332 0.13636363636363635
1 0.6185770750988142 0.45104895104895104 0.03359683794466403 0.12237762237762238
1 0.6561264822134387 0.506993006993007 0.08498023715415019 0.13986013986013987
1 0.7213438735177866 0.36713286713286714 0.05731225296442688 0.10139860139860139
1 0.6343873517786561 0.3041958041958042 0.029644268774703556 0.08741258741258741
1 0.5711462450592886 0.2727272727272727 0.023715415019762844 0.07342657342657342
1 0.38537549407114624 0.3741258741258741 0.029644268774703556 0.12237762237762238
1 0.4209486166007905 0.3951048951048951 0.025691699604743084 0.11538461538461539
1 0.25889328063241107 0.4160839160839161 0.03162055335968379 0.1258741258741259
1 0.003952569169960474 0.4370629370629371 0.03557312252964427 0.1048951048951049
1 0.08498023715415019 0.32167832167832167 0.025691699604743084 0.0944055944055944
1 0.02766798418972332 0.2902097902097902 0.025691699604743084 0.08041958041958042
1 0.039525691699604744 0.25524475524475526 0.025691699604743084 0.07692307692307693
1 0.05731225296442688 0.24125874125874125 0.02766798418972332 0.06293706293706294
1 0.10276679841897234 0.3041958041958042 0.029644268774703556 0.0944055944055944
1 0.09288537549407115 0.25524475524475526 0.025691699604743084 0.06293706293706294
1 0.11462450592885376 0.24475524475524477 0.023715415019762844 0.06993006993006994
1 0.1324110671936759 0.25524475524475526 0.037549407114624504 0.06643356643356643
1 0.3181818181818182 0.26573426573426573 0.021739130434782608 0.06993006993006994
1 0.38735177865612647 0.26573426573426573 0.01383399209486166 0.05944055944055944
1 0.4209486166007905 0.2937062937062937 0.019762845849802372 0.08041958041958042
1 0.44861660079051385 0.35664335664335667 0.019762845849802372 0.0979020979020979
1 0.47035573122529645 0.3986013986013986 0.025691699604743084 0.05944055944055944
1 0.4841897233201581 0.36013986013986016 0.029644268774703556 0.0944055944055944
1 0.49209486166007904 0.3356643356643357 0.021739130434782608 0.04895104895104895
1 0.525691699604743 0.3076923076923077 0.025691699604743084 0.08391608391608392
1 0.4624505928853755 0.26573426573426573 0.025691699604743084 0.07692307692307693
1 0.3814229249011858 0.2062937062937063 0.017786561264822136 0.038461538461538464
1 0.4209486166007905 0.2202797202797203 0.029644268774703556 0.06993006993006994
1 0.5098814229249012 0.2517482517482518 0.019762845849802372 0.06293706293706294
2 0.2727272727272727 0.4160839160839161 0.10276679841897234 0.2062937062937063
2 0.4367588932806324 0.44405594405594406 0.07114624505928854 0.16783216783216784
2 0.33201581027667987 0.3041958041958042 0.05928853754940711 0.11188811188811189
2 0.4209486166007905 0.1888111888111888 0.05138339920948617 0.05244755244755245
2 0.6007905138339921 0.2097902097902098 0.06126482213438735 0.045454545454545456
2 0.4881422924901186 0.20279720279720279 0.039525691699604744 0.06643356643356643
2 0.6837944664031621 0.1993006993006993 0.06126482213438735 0.04895104895104895
2 0.5869565217391305 0.18181818181818182 0.05731225296442688 0.04895104895104895
3 0.4762845849802372 0.15384615384615385 0.021739130434782608 0.045454545454545456
3 0.1422924901185771 0.2097902097902098 0.08498023715415019 0.07692307692307693
3 0.16996047430830039 0.21328671328671328 0.13636363636363635 0.26223776223776224
4 0.30237154150197626 0.15034965034965034 0.08498023715415019 0.07692307692307693
2 0.06719367588932806 0.1958041958041958 0.07509881422924901 0.05244755244755245
