2 0.8814229249011858 0.5384615384615384 0.14031620553359683 0.2972027972027972
2 0.8942687747035574 0.36013986013986016 0.08695652173913043 0.15034965034965034
2 0.9239130434782609 0.21853146853146854 0.07114624505928854 0.11188811188811189
2 0.8517786561264822 0.1888111888111888 0.07312252964426877 0.10839160839160839
2 0.758893280632411 0.8513986013986014 0.3102766798418972 0.27972027972027974
2 0.16996047430830039 0.4807692307692308 0.19960474308300397 0.20279720279720279
2 0.08695652173913043 0.7185314685314685 0.16403162055335968 0.2867132867132867
2 0.05533596837944664 0.3986013986013986 0.09683794466403162 0.16433566433566432
2 0.7509881422924901 0.4195804195804196 0.12055335968379446 0.25524475524475526
3 0.3932806324110672 0.5874125874125874 0.3181818181818182 0.3531468531468531
4 0.37549407114624506 0.8181818181818182 0.5197628458498024 0.33916083916083917
4 0.9614624505928854 0.06118881118881119 0.05138339920948617 0.0979020979020979
1 0.6274703557312253 0.5856643356643356 0.05138339920948617 0.1888111888111888
1 0.5731225296442688 0.5926573426573427 0.04940711462450593 0.1888111888111888
1 0.5770750988142292 0.763986013986014 0.04940711462450593 0.1048951048951049
1 0.5859683794466403 0.4458041958041958 0.04743083003952569 0.15384615384615385
1 0.6551383399209486 0.40734265734265734 0.03557312252964427 0.13986013986013987
1 0.6324110671936759 0.36713286713286714 0.03359683794466403 0.12937062937062938
1 0.5652173913043478 0.3968531468531469 0.037549407114624504 0.13986013986013987
1 0.4990118577075099 0.42482517482517484 0.039525691699604744 0.09090909090909091
1 0.48320158102766797 0.3339160839160839 0.07114624505928854 0.11188811188811189
1 0.3942687747035573 0.3269230769230769 0.06719367588932806 0.1048951048951049
1 0.3102766798418972 0.32867132867132864 0.05731225296442688 0.10839160839160839
1 0.26383399209486164 0.29545454545454547 0.043478260869565216 0.1048951048951049
1 0.24308300395256918 0.3356643356643357 0.05731225296442688 0.11538461538461539
1 0.11956521739130435 0.3339160839160839 0.039525691699604744 0.1048951048951049
1 0.08695652173913043 0.23426573426573427 0.03359683794466403 0.07342657342657342
1 0.04841897233201581 0.243006993006993 0.03557312252964427 0.06993006993006994
1 0.6126482213438735 0.3076923076923077 0.04940711462450593 0.10839160839160839
1 0.7025691699604744 0.36013986013986016 0.03557312252964427 0.12237762237762238
1 0.6926877470355731 0.32342657342657344 0.03162055335968379 0.1258741258741259
1 0.6679841897233202 0.2674825174825175 0.03359683794466403 0.11188811188811189
1 0.8201581027667985 0.3356643356643357 0.021739130434782608 0.11538461538461539
1 0.7895256916996047 0.26223776223776224 0.03162055335968379 0.08041958041958042
1 0.7351778656126482 0.3041958041958042 0.029644268774703556 0.10139860139860139
1 0.808300395256917 0.17132867132867133 0.021739130434782608 0.08041958041958042
1 0.7233201581027668 0.22552447552447552 0.029644268774703556 0.0979020979020979
