1 0.08399209486166008 0.4458041958041958 0.023715415019762844 0.08391608391608392
1 0.06719367588932806 0.4370629370629371 0.021739130434782608 0.08041958041958042
1 0.03458498023715415 0.3968531468531469 0.023715415019762844 0.055944055944055944
1 0.04841897233201581 0.3793706293706294 0.019762845849802372 0.055944055944055944
1 0.08102766798418973 0.36363636363636365 0.017786561264822136 0.05944055944055944
1 0.1067193675889328 0.40384615384615385 0.021739130434782608 0.055944055944055944
1 0.13932806324110672 0.4020979020979021 0.019762845849802372 0.05244755244755245
1 0.24209486166007904 0.4370629370629371 0.03162055335968379 0.06643356643356643
1 0.12055335968379446 0.3583916083916084 0.021739130434782608 0.055944055944055944
1 0.09189723320158102 0.3111888111888112 0.019762845849802372 0.038461538461538464
1 0.10869565217391304 0.31993006993006995 0.017786561264822136 0.04895104895104895
1 0.11462450592885376 0.2692307692307692 0.009881422924901186 0.024475524475524476
1 0.12648221343873517 0.3181818181818182 0.01383399209486166 0.038461538461538464
1 0.40217391304347827 0.6223776223776224 0.05533596837944664 0.12237762237762238
1 0.4308300395256917 0.5961538461538461 0.045454545454545456 0.1258741258741259
1 0.38438735177865613 0.9440559440559441 0.07114624505928854 0.08741258741258741
1 0.5355731225296443 0.7674825174825175 0.06126482213438735 0.15384615384615385
1 0.5810276679841897 0.5699300699300699 0.045454545454545456 0.10839160839160839
1 0.6304347826086957 0.8583916083916084 0.07312252964426877 0.18181818181818182
1 0.8122529644268774 0.4160839160839161 0.017786561264822136 0.06643356643356643
1 0.8784584980237155 0.42132867132867136 0.019762845849802372 0.055944055944055944
1 0.9150197628458498 0.4597902097902098 0.021739130434782608 0.07692307692307693
1 0.9426877470355731 0.41083916083916083 0.029644268774703556 0.06993006993006994
1 0.892292490118577 0.3793706293706294 0.02766798418972332 0.04895104895104895
1 0.9110671936758893 0.3811188811188811 0.021739130434782608 0.05944055944055944
1 0.9229249011857708 0.3583916083916084 0.017786561264822136 0.04895104895104895
1 0.9594861660079052 0.3513986013986014 0.019762845849802372 0.04195804195804196
1 0.9782608695652174 0.3968531468531469 0.025691699604743084 0.06293706293706294
1 0.7885375494071146 0.3321678321678322 0.021739130434782608 0.045454545454545456
1 0.8409090909090909 0.2972027972027972 0.019762845849802372 0.05244755244755245
1 0.2727272727272727 0.32342657342657344 0.017786561264822136 0.04195804195804196
1 0.24011857707509882 0.32867132867132864 0.019762845849802372 0.05244755244755245
1 0.2519762845849802 0.30594405594405594 0.023715415019762844 0.04195804195804196
1 0.22332015810276679 0.32167832167832167 0.017786561264822136 0.038461538461538464
1 0.2134387351778656 0.30594405594405594 0.017786561264822136 0.027972027972027972
1 0.22924901185770752 0.25524475524475526 0.021739130434782608 0.03146853146853147
2 0.15217391304347827 0.8758741258741258 0.29051383399209485 0.23076923076923078
2 0.325098814229249 0.4982517482517482 0.10276679841897234 0.13286713286713286
2 0.05039525691699605 0.3076923076923077 0.03162055335968379 0.045454545454545456
2 0.20553359683794467 0.3618881118881119 0.041501976284584984 0.055944055944055944
2 0.1541501976284585 0.3479020979020979 0.041501976284584984 0.06993006993006994
2 0.08992094861660078 0.27797202797202797 0.023715415019762844 0.03496503496503497
2 0.18675889328063242 0.256993006993007 0.043478260869565216 0.03496503496503497
2 0.41007905138339923 0.27797202797202797 0.04743083003952569 0.03496503496503497
2 0.5701581027667985 0.2972027972027972 0.06324110671936758 0.045454545454545456
2 0.607707509881423 0.30594405594405594 0.06324110671936758 0.04895104895104895
2 0.6729249011857708 0.3181818181818182 0.05533596837944664 0.045454545454545456
2 0.7075098814229249 0.3041958041958042 0.045454545454545456 0.045454545454545456
2 0.7776679841897233 0.2744755244755245 0.04743083003952569 0.04195804195804196
2 0.8972332015810277 0.3076923076923077 0.06126482213438735 0.045454545454545456
2 0.983201581027668 0.3111888111888112 0.023715415019762844 0.024475524475524476
2 0.8320158102766798 0.38636363636363635 0.07707509881422925 0.04895104895104895
2 0.7203557312252964 0.2692307692307692 0.03557312252964427 0.038461538461538464
3 0.8369565217391305 0.34440559440559443 0.05138339920948617 0.04895104895104895
4 0.3349802371541502 0.4020979020979021 0.11462450592885376 0.12937062937062938
3 0.3142292490118577 0.270979020979021 0.0533596837944664 0.04895104895104895
