1 0.8616600790513834 0.3094405594405594 0.037549407114624504 0.1048951048951049
1 0.8013833992094862 0.3006993006993007 0.039525691699604744 0.10839160839160839
1 0.8586956521739131 0.5244755244755245 0.04743083003952569 0.16433566433566432
1 0.8112648221343873 0.6818181818181818 0.05928853754940711 0.1853146853146853
1 0.8794466403162056 0.7255244755244755 0.07707509881422925 0.1888111888111888
1 0.8567193675889329 0.9038461538461539 0.07509881422924901 0.17482517482517482
1 0.9041501976284585 0.22202797202797203 0.02766798418972332 0.0979020979020979
1 0.9367588932806324 0.23076923076923078 0.025691699604743084 0.08041958041958042
1 0.9624505928853755 0.24825174825174826 0.025691699604743084 0.08741258741258741
1 0.9624505928853755 0.14335664335664336 0.021739130434782608 0.07342657342657342
1 0.4624505928853755 0.32167832167832167 0.0691699604743083 0.10839160839160839
1 0.42292490118577075 0.4195804195804196 0.0691699604743083 0.14335664335664336
1 0.3685770750988142 0.4562937062937063 0.07114624505928854 0.13286713286713286
1 0.3774703557312253 0.5506993006993007 0.06521739130434782 0.15384615384615385
1 0.3359683794466403 0.6136363636363636 0.0691699604743083 0.18181818181818182
1 0.23023715415019763 0.6136363636363636 0.06324110671936758 0.18181818181818182
1 0.23517786561264822 0.4597902097902098 0.06521739130434782 0.13986013986013987
1 0.09683794466403162 0.3916083916083916 0.04940711462450593 0.10839160839160839
1 0.1808300395256917 0.26048951048951047 0.04743083003952569 0.0979020979020979
2 0.8132411067193676 0.17832167832167833 0.05928853754940711 0.08041958041958042
2 0.8873517786561265 0.1888111888111888 0.06126482213438735 0.08041958041958042
2 0.866600790513834 0.10139860139860139 0.04743083003952569 0.06643356643356643
2 0.9308300395256917 0.07867132867132867 0.03359683794466403 0.04895104895104895
2 0.8992094861660079 0.04895104895104895 0.037549407114624504 0.05244755244755245
2 0.08399209486166008 0.23776223776223776 0.11462450592885376 0.10139860139860139
2 0.08102766798418973 0.2937062937062937 0.10869565217391304 0.0944055944055944
