2 0.44466403162055335 0.32867132867132864 0.2134387351778656 0.23776223776223776
1 0.5573122529644269 0.5174825174825175 0.10276679841897234 0.1958041958041958
1 0.525691699604743 0.7447552447552448 0.12845849802371542 0.24825174825174826
1 0.6343873517786561 0.6888111888111889 0.116600790513834 0.24125874125874125
1 0.7885375494071146 0.3356643356643357 0.05928853754940711 0.13986013986013987
2 0.8695652173913043 0.11538461538461539 0.04743083003952569 0.06643356643356643
1 0.841897233201581 0.08391608391608392 0.019762845849802372 0.06643356643356643
1 0.9130434782608695 0.15384615384615385 0.029644268774703556 0.07692307692307693
1 0.21146245059288538 0.4160839160839161 0.06719367588932806 0.16083916083916083
1 0.17984189723320157 0.34965034965034963 0.04940711462450593 0.1258741258741259
4 0.041501976284584984 0.14685314685314685 0.1324110671936759 0.16433566433566432
