1 0.41699604743083 0.6258741258741258 0.06719367588932806 0.24475524475524477
1 0.6284584980237155 0.4090909090909091 0.06521739130434782 0.10139860139860139
1 0.4407114624505929 0.32867132867132864 0.045454545454545456 0.08741258741258741
1 0.3794466403162055 0.3321678321678322 0.03557312252964427 0.08041958041958042
1 0.1383399209486166 0.32167832167832167 0.025691699604743084 0.09090909090909091
1 0.3557312252964427 0.2867132867132867 0.021739130434782608 0.07692307692307693
1 0.33201581027667987 0.26223776223776224 0.025691699604743084 0.06293706293706294
1 0.01383399209486166 0.2202797202797203 0.02766798418972332 0.05944055944055944
1 0.21739130434782608 0.1853146853146853 0.025691699604743084 0.05244755244755245
1 0.37549407114624506 0.1958041958041958 0.015810276679841896 0.05244755244755245
1 0.39723320158102765 0.1888111888111888 0.01383399209486166 0.05944055944055944
1 0.4624505928853755 0.1958041958041958 0.025691699604743084 0.04895104895104895
1 0.48221343873517786 0.26223776223776224 0.021739130434782608 0.06643356643356643
1 0.5158102766798419 0.22727272727272727 0.01383399209486166 0.05944055944055944
1 0.6146245059288538 0.20279720279720279 0.017786561264822136 0.04895104895104895
1 0.6403162055335968 0.2062937062937063 0.02766798418972332 0.045454545454545456
1 0.5830039525691699 0.20279720279720279 0.029644268774703556 0.045454545454545456
2 0.20355731225296442 0.24475524475524477 0.09486166007905138 0.08041958041958042
2 0.7114624505928854 0.3531468531468531 0.15217391304347827 0.13286713286713286
2 0.4189723320158103 0.19230769230769232 0.03359683794466403 0.055944055944055944
2 0.4901185770750988 0.1993006993006993 0.03557312252964427 0.045454545454545456
2 0.28063241106719367 0.2062937062937063 0.07905138339920949 0.04195804195804196
2 0.33201581027667987 0.24125874125874125 0.07905138339920949 0.07342657342657342
2 0.41304347826086957 0.2692307692307692 0.04940711462450593 0.08741258741258741
4 0.5237154150197628 0.2097902097902098 0.04940711462450593 0.13286713286713286
4 0.16205533596837945 0.32517482517482516 0.13636363636363635 0.3076923076923077
3 0.045454545454545456 0.17482517482517482 0.1541501976284585 0.14335664335664336
4 0.46047430830039526 0.13636363636363635 0.029644268774703556 0.04895104895104895
