1 0.06422924901185771 0.513986013986014 0.10276679841897234 0.17132867132867133
1 0.20059288537549408 0.3531468531468531 0.03557312252964427 0.11188811188811189
1 0.10573122529644269 0.32167832167832167 0.06719367588932806 0.1048951048951049
1 0.32707509881422925 0.5227272727272727 0.03162055335968379 0.11888111888111888
1 0.37648221343873517 0.5786713286713286 0.03162055335968379 0.12937062937062938
1 0.4160079051383399 0.6433566433566433 0.039525691699604744 0.18181818181818182
1 0.3359683794466403 0.5716783216783217 0.037549407114624504 0.16083916083916083
1 0.08695652173913043 0.3688811188811189 0.04940711462450593 0.20279720279720279
1 0.1067193675889328 0.21328671328671328 0.021739130434782608 0.08391608391608392
1 0.06620553359683795 0.17657342657342656 0.019762845849802372 0.08041958041958042
1 0.05434782608695652 0.1853146853146853 0.019762845849802372 0.08041958041958042
1 0.038537549407114624 0.18181818181818182 0.019762845849802372 0.08391608391608392
1 0.36462450592885376 0.513986013986014 0.039525691699604744 0.08741258741258741
1 0.012845849802371542 0.14160839160839161 0.019762845849802372 0.08391608391608392
1 0.1551383399209486 0.27972027972027974 0.019762845849802372 0.0944055944055944
1 0.12450592885375494 0.2517482517482518 0.021739130434782608 0.08741258741258741
1 0.1956521739130435 0.3129370629370629 0.017786561264822136 0.08391608391608392
1 0.17786561264822134 0.2867132867132867 0.017786561264822136 0.0944055944055944
1 0.5454545454545454 0.6853146853146853 0.041501976284584984 0.1048951048951049
1 0.691699604743083 0.833916083916084 0.0533596837944664 0.1258741258741259
1 0.9476284584980237 1.0681818181818181 0.06324110671936758 0.0979020979020979
1 0.9377470355731226 1.048951048951049 0.06324110671936758 0.08741258741258741
1 0.808300395256917 0.9003496503496503 0.041501976284584984 0.08041958041958042
1 0.6699604743083004 0.7797202797202797 0.04940711462450593 0.09090909090909091
1 0.5889328063241107 0.701048951048951 0.04940711462450593 0.09090909090909091
1 0.5 0.6363636363636364 0.0533596837944664 0.08391608391608392
1 0.3794466403162055 0.5122377622377622 0.04940711462450593 0.08741258741258741
1 0.30039525691699603 0.4458041958041958 0.041501976284584984 0.09090909090909091
1 0.26976284584980237 0.4020979020979021 0.03162055335968379 0.055944055944055944
1 0.2183794466403162 0.3111888111888112 0.015810276679841896 0.06293706293706294
1 0.2075098814229249 0.3129370629370629 0.017786561264822136 0.06293706293706294
1 0.3577075098814229 0.43356643356643354 0.017786561264822136 0.06643356643356643
1 0.5276679841897233 0.5909090909090909 0.025691699604743084 0.04895104895104895
1 0.5484189723320159 0.5961538461538461 0.02766798418972332 0.045454545454545456
4 0.2391304347826087 0.4423076923076923 0.12845849802371542 0.27972027972027974
4 0.4782608695652174 0.5944055944055944 0.12450592885375494 0.13986013986013987
4 0.38636363636363635 0.47202797202797203 0.09881422924901186 0.08391608391608392
2 0.26679841897233203 0.3618881118881119 0.045454545454545456 0.06643356643356643
2 0.30632411067193677 0.40034965034965037 0.045454545454545456 0.08041958041958042
2 0.3468379446640316 0.48426573426573427 0.09881422924901186 0.09090909090909091
2 0.8201581027667985 0.9947552447552448 0.17588932806324112 0.15034965034965034
4 0.48122529644268774 0.5979020979020979 0.12648221343873517 0.13636363636363635
4 0.5948616600790514 0.6468531468531469 0.05731225296442688 0.08741258741258741
4 0.6146245059288538 0.6520979020979021 0.06126482213438735 0.06643356643356643
3 0.532608695652174 0.5944055944055944 0.08300395256916997 0.06993006993006994
2 0.6936758893280632 0.75 0.07707509881422925 0.038461538461538464
2 0.9466403162055336 0.972027972027972 0.05731225296442688 0.038461538461538464
2 0.8023715415019763 0.8286713286713286 0.045454545454545456 0.038461538461538464
2 0.4644268774703557 0.5437062937062938 0.06521739130434782 0.04195804195804196
1 0.2618577075098814 0.32867132867132864 0.023715415019762844 0.045454545454545456
1 0.2450592885375494 0.3146853146853147 0.017786561264822136 0.04195804195804196
1 0.22233201581027667 0.2937062937062937 0.023715415019762844 0.05244755244755245
1 0.19268774703557312 0.2727272727272727 0.02766798418972332 0.045454545454545456
1 0.17490118577075098 0.2517482517482518 0.023715415019762844 0.05244755244755245
