1 0.5681818181818182 0.7762237762237763 0.05138339920948617 0.1993006993006993
1 0.5138339920948617 0.5996503496503497 0.08102766798418973 0.13986013986013987
1 0.5592885375494071 0.5804195804195804 0.07312252964426877 0.12937062937062938
1 0.6946640316205533 0.5979020979020979 0.07905138339920949 0.14335664335664336
1 0.8794466403162056 0.5646853146853147 0.07707509881422925 0.1258741258741259
1 0.8992094861660079 0.486013986013986 0.0691699604743083 0.11538461538461539
1 0.782608695652174 0.43356643356643354 0.05731225296442688 0.0944055944055944
1 0.733201581027668 0.3706293706293706 0.04940711462450593 0.08741258741258741
1 0.642292490118577 0.3951048951048951 0.045454545454545456 0.05944055944055944
1 0.5662055335968379 0.49475524475524474 0.06324110671936758 0.11888111888111888
1 0.45948616600790515 0.5034965034965035 0.07114624505928854 0.12237762237762238
1 0.4950592885375494 0.4755244755244755 0.043478260869565216 0.10839160839160839
1 0.39822134387351776 0.45104895104895104 0.05928853754940711 0.11538461538461539
1 0.3695652173913043 0.42657342657342656 0.041501976284584984 0.0944055944055944
1 0.3339920948616601 0.3968531468531469 0.041501976284584984 0.09090909090909091
1 0.27865612648221344 0.3811188811188811 0.029644268774703556 0.0944055944055944
1 0.046442687747035576 0.3479020979020979 0.019762845849802372 0.08391608391608392
1 0.09782608695652174 0.32517482517482516 0.019762845849802372 0.0944055944055944
1 0.07608695652173914 0.291958041958042 0.019762845849802372 0.06993006993006994
1 0.0266798418972332 0.27972027972027974 0.019762845849802372 0.06643356643356643
1 0.11956521739130435 0.30244755244755245 0.019762845849802372 0.06993006993006994
1 0.1432806324110672 0.3041958041958042 0.019762845849802372 0.07342657342657342
1 0.3824110671936759 0.3583916083916084 0.02766798418972332 0.07692307692307693
1 0.4505928853754941 0.40034965034965037 0.037549407114624504 0.08391608391608392
1 0.5355731225296443 0.4388111888111888 0.0533596837944664 0.0979020979020979
1 0.5968379446640316 0.3304195804195804 0.021739130434782608 0.07692307692307693
1 0.5731225296442688 0.3129370629370629 0.021739130434782608 0.06293706293706294
1 0.43379446640316205 0.3269230769230769 0.02766798418972332 0.06993006993006994
1 0.3705533596837945 0.29545454545454547 0.023715415019762844 0.06293706293706294
1 0.2885375494071146 0.2395104895104895 0.021739130434782608 0.04195804195804196
1 0.36264822134387353 0.2517482517482518 0.023715415019762844 0.06643356643356643
2 0.17193675889328064 0.3968531468531469 0.08893280632411067 0.11188811188811189
2 0.2845849802371542 0.8479020979020979 0.2075098814229249 0.2867132867132867
2 0.6808300395256917 0.5 0.16600790513833993 0.15734265734265734
2 0.9031620553359684 0.42832167832167833 0.15612648221343872 0.11888111888111888
2 0.4772727272727273 0.30594405594405594 0.043478260869565216 0.09090909090909091
2 0.5335968379446641 0.32342657342657344 0.0533596837944664 0.08391608391608392
2 0.06126482213438735 0.9038461538461539 0.10869565217391304 0.16783216783216784
2 0.19268774703557312 0.3181818181818182 0.07509881422924901 0.10139860139860139
2 0.17292490118577075 0.2534965034965035 0.07905138339920949 0.06293706293706294
2 0.21442687747035574 0.27797202797202797 0.04743083003952569 0.055944055944055944
2 0.26976284584980237 0.28496503496503495 0.06324110671936758 0.08391608391608392
2 0.3241106719367589 0.30594405594405594 0.0533596837944664 0.08391608391608392
2 0.4990118577075099 0.1958041958041958 0.05138339920948617 0.05244755244755245
2 0.5385375494071146 0.23076923076923078 0.05533596837944664 0.05244755244755245
2 0.6225296442687747 0.229020979020979 0.06521739130434782 0.04895104895104895
2 0.733201581027668 0.22552447552447552 0.05731225296442688 0.04195804195804196
3 0.424901185770751 0.23076923076923078 0.07707509881422925 0.15734265734265734
