2 0.66600790513834 0.4125874125874126 0.1324110671936759 0.19230769230769232
2 0.8705533596837944 0.3076923076923077 0.09090909090909091 0.14335664335664336
2 0.8537549407114624 0.20454545454545456 0.07312252964426877 0.08391608391608392
2 0.9051383399209486 0.11713286713286714 0.045454545454545456 0.07692307692307693
2 0.8992094861660079 0.057692307692307696 0.03359683794466403 0.055944055944055944
2 0.9298418972332015 0.07692307692307693 0.03557312252964427 0.05244755244755245
1 0.9575098814229249 0.08216783216783216 0.015810276679841896 0.04895104895104895
1 0.9693675889328063 0.07342657342657342 0.015810276679841896 0.045454545454545456
1 0.08399209486166008 0.5821678321678322 0.05928853754940711 0.18181818181818182
1 0.10869565217391304 0.3548951048951049 0.04940711462450593 0.11188811188811189
1 0.1007905138339921 0.30244755244755245 0.0533596837944664 0.08391608391608392
1 0.0266798418972332 0.3618881118881119 0.03557312252964427 0.1258741258741259
2 0.11264822134387352 0.25874125874125875 0.13636363636363635 0.12237762237762238
1 0.2519762845849802 0.15734265734265734 0.04743083003952569 0.06643356643356643
1 0.7806324110671937 0.5227272727272727 0.045454545454545456 0.16083916083916083
1 0.8794466403162056 0.701048951048951 0.0691699604743083 0.20279720279720279
