1 0.20454545454545456 0.5017482517482518 0.03162055335968379 0.15034965034965034
1 0.2490118577075099 0.5209790209790209 0.029644268774703556 0.1258741258741259
1 0.21047430830039526 0.458041958041958 0.02766798418972332 0.11188811188811189
1 0.10770750988142293 0.3356643356643357 0.02766798418972332 0.0944055944055944
1 0.037549407114624504 0.2517482517482518 0.03359683794466403 0.09090909090909091
1 0.029644268774703556 0.2097902097902098 0.021739130434782608 0.055944055944055944
1 0.07608695652173914 0.2395104895104895 0.023715415019762844 0.055944055944055944
1 0.11561264822134387 0.28496503496503495 0.019762845849802372 0.06293706293706294
1 0.13043478260869565 0.291958041958042 0.01383399209486166 0.055944055944055944
1 0.16304347826086957 0.3269230769230769 0.015810276679841896 0.055944055944055944
1 0.1966403162055336 0.3951048951048951 0.02766798418972332 0.0944055944055944
1 0.24209486166007904 0.4125874125874126 0.03557312252964427 0.08391608391608392
1 0.325098814229249 0.5454545454545454 0.023715415019762844 0.11538461538461539
1 0.4644268774703557 0.8076923076923077 0.045454545454545456 0.1993006993006993
1 0.5069169960474308 0.8111888111888111 0.03557312252964427 0.15734265734265734
1 0.8221343873517787 1.0594405594405594 0.029644268774703556 0.1258741258741259
1 0.8764822134387352 1.1048951048951048 0.03557312252964427 0.13636363636363635
1 0.9486166007905138 1.1888111888111887 0.041501976284584984 0.15384615384615385
1 0.9861660079051383 1.2657342657342658 0.025691699604743084 0.16083916083916083
1 0.7490118577075099 0.8356643356643356 0.017786561264822136 0.05244755244755245
1 0.6235177865612648 0.7709790209790209 0.039525691699604744 0.06993006993006994
1 0.733201581027668 0.8706293706293706 0.037549407114624504 0.06643356643356643
1 0.6403162055335968 0.7709790209790209 0.03359683794466403 0.06293706293706294
1 0.8201581027667985 0.9353146853146853 0.03359683794466403 0.07342657342657342
1 0.8626482213438735 0.986013986013986 0.03557312252964427 0.08391608391608392
1 0.8784584980237155 0.9702797202797203 0.019762845849802372 0.05944055944055944
1 0.7223320158102767 0.7954545454545454 0.015810276679841896 0.045454545454545456
1 0.7055335968379447 0.777972027972028 0.017786561264822136 0.045454545454545456
1 0.8942687747035574 0.9685314685314685 0.015810276679841896 0.05244755244755245
1 0.9436758893280632 1.0262237762237763 0.03162055335968379 0.05244755244755245
2 0.07015810276679842 0.20804195804195805 0.023715415019762844 0.04195804195804196
2 0.1492094861660079 0.2937062937062937 0.03162055335968379 0.05244755244755245
2 0.17391304347826086 0.3356643356643357 0.06521739130434782 0.06293706293706294
2 0.13636363636363635 0.2674825174825175 0.03359683794466403 0.04195804195804196
2 0.25592885375494073 0.3968531468531469 0.05928853754940711 0.045454545454545456
2 0.11857707509881422 0.4562937062937063 0.08893280632411067 0.20279720279720279
2 0.3577075098814229 0.6888111888111889 0.16403162055335968 0.15034965034965034
2 0.1966403162055336 0.7115384615384616 0.2964426877470356 0.17132867132867133
2 0.4426877470355731 0.6608391608391608 0.11264822134387352 0.12237762237762238
2 0.8053359683794467 1.0244755244755244 0.11067193675889328 0.13986013986013987
2 0.6719367588932806 0.763986013986014 0.0533596837944664 0.045454545454545456
2 0.3952569169960474 0.5087412587412588 0.04940711462450593 0.045454545454545456
2 0.36363636363636365 0.46678321678321677 0.041501976284584984 0.04195804195804196
2 0.2845849802371542 0.3968531468531469 0.045454545454545456 0.04195804195804196
3 0.42391304347826086 0.6258741258741258 0.19367588932806323 0.14335664335664336
3 0.6956521739130435 0.8933566433566433 0.12055335968379446 0.1853146853146853
4 0.8369565217391305 0.9213286713286714 0.05928853754940711 0.10139860139860139
2 0.5800395256916996 0.6730769230769231 0.05138339920948617 0.04195804195804196
2 0.7460474308300395 0.8216783216783217 0.043478260869565216 0.038461538461538464
1 0.308300395256917 0.4318181818181818 0.025691699604743084 0.03146853146853147
4 0.674901185770751 1.0524475524475525 0.3201581027667984 0.3706293706293706
