1 0.6877470355731226 0.7045454545454546 0.05731225296442688 0.2097902097902098
1 0.5889328063241107 0.6451048951048951 0.06521739130434782 0.1958041958041958
1 0.13043478260869565 0.833916083916084 0.10474308300395258 0.23076923076923078
1 0.7223320158102767 0.46678321678321677 0.04743083003952569 0.15384615384615385
1 0.8260869565217391 0.43006993006993005 0.041501976284584984 0.15034965034965034
1 0.8478260869565217 0.2902097902097902 0.029644268774703556 0.10139860139860139
1 0.9090909090909091 0.2902097902097902 0.03359683794466403 0.11538461538461539
1 0.9031620553359684 0.20279720279720279 0.025691699604743084 0.08041958041958042
1 0.8488142292490118 0.2097902097902098 0.03162055335968379 0.07342657342657342
1 0.8626482213438735 0.15734265734265734 0.023715415019762844 0.05244755244755245
1 0.9189723320158103 0.14160839160839161 0.021739130434782608 0.07692307692307693
1 0.9555335968379447 0.1520979020979021 0.019762845849802372 0.06993006993006994
1 0.25296442687747034 0.1590909090909091 0.0533596837944664 0.07692307692307693
1 0.7183794466403162 0.1258741258741259 0.019762845849802372 0.05944055944055944
2 0.8389328063241107 0.1346153846153846 0.05533596837944664 0.08391608391608392
2 0.12450592885375494 0.25524475524475526 0.10869565217391304 0.10839160839160839
