1 0.5405138339920948 0.6835664335664335 0.08300395256916997 0.13986013986013987
1 0.6452569169960475 0.8059440559440559 0.07509881422924901 0.12937062937062938
1 0.8814229249011858 1.082167832167832 0.12450592885375494 0.12937062937062938
1 0.8932806324110671 1.1416083916083917 0.12845849802371542 0.16783216783216784
1 0.8033596837944664 1.1083916083916083 0.14624505928853754 0.1853146853146853
1 0.7707509881422925 0.777972027972028 0.025691699604743084 0.09090909090909091
1 0.41699604743083 0.5629370629370629 0.06521739130434782 0.12937062937062938
1 0.2717391304347826 0.4195804195804196 0.05138339920948617 0.12237762237762238
1 0.1976284584980237 0.34440559440559443 0.041501976284584984 0.11538461538461539
1 0.16304347826086957 0.291958041958042 0.03557312252964427 0.10839160839160839
1 0.1976284584980237 0.3006993006993007 0.021739130434782608 0.0944055944055944
2 0.5869565217391305 0.8583916083916084 0.23517786561264822 0.21328671328671328
2 0.37351778656126483 0.6993006993006993 0.26679841897233203 0.27972027972027974
2 0.18774703557312253 0.5961538461538461 0.2865612648221344 0.33916083916083917
2 0.13438735177865613 0.36713286713286714 0.1600790513833992 0.17832167832167833
2 0.0741106719367589 0.2465034965034965 0.13438735177865613 0.14335664335664336
2 0.05533596837944664 0.3269230769230769 0.09683794466403162 0.2202797202797203
2 0.8586956521739131 1.2902097902097902 0.26877470355731226 0.16433566433566432
2 0.8972332015810277 0.9458041958041958 0.1007905138339921 0.1888111888111888
2 0.8379446640316206 0.8513986013986014 0.08102766798418973 0.11888111888111888
2 0.8774703557312253 0.8409090909090909 0.0533596837944664 0.0944055944055944
2 0.9456521739130435 0.9073426573426573 0.05138339920948617 0.11538461538461539
2 0.9150197628458498 0.9195804195804196 0.05731225296442688 0.0979020979020979
2 0.9693675889328063 0.9003496503496503 0.039525691699604744 0.07692307692307693
