1 0.41106719367588934 0.5209790209790209 0.08300395256916997 0.15734265734265734
1 0.029644268774703556 0.8706293706293706 0.11462450592885376 0.12237762237762238
1 0.12450592885375494 0.36713286713286714 0.03359683794466403 0.10839160839160839
1 0.18972332015810275 0.3776223776223776 0.039525691699604744 0.1048951048951049
1 0.2509881422924901 0.4125874125874126 0.043478260869565216 0.12937062937062938
1 0.05731225296442688 0.2902097902097902 0.023715415019762844 0.08041958041958042
1 0.08695652173913043 0.3076923076923077 0.023715415019762844 0.08391608391608392
1 0.1324110671936759 0.32167832167832167 0.021739130434782608 0.06643356643356643
1 0.1857707509881423 0.3321678321678322 0.03162055335968379 0.08391608391608392
1 0.017786561264822136 0.23776223776223776 0.019762845849802372 0.05944055944055944
1 0.05928853754940711 0.23776223776223776 0.019762845849802372 0.06293706293706294
1 0.08498023715415019 0.24125874125874125 0.023715415019762844 0.06993006993006994
1 0.09683794466403162 0.22727272727272727 0.025691699604743084 0.06643356643356643
1 0.17193675889328064 0.25524475524475526 0.017786561264822136 0.05944055944055944
1 0.1956521739130435 0.2692307692307692 0.017786561264822136 0.05944055944055944
1 0.21146245059288538 0.3006993006993007 0.029644268774703556 0.08391608391608392
1 0.35177865612648224 0.3741258741258741 0.04743083003952569 0.09090909090909091
1 0.29446640316205536 0.3706293706293706 0.041501976284584984 0.10839160839160839
1 0.39723320158102765 0.3531468531468531 0.045454545454545456 0.0979020979020979
1 0.33201581027667987 0.3356643356643357 0.023715415019762844 0.0944055944055944
1 0.28063241106719367 0.3181818181818182 0.03557312252964427 0.07342657342657342
1 0.3142292490118577 0.32517482517482516 0.021739130434782608 0.08391608391608392
1 0.2490118577075099 0.2517482517482518 0.015810276679841896 0.06293706293706294
1 0.44466403162055335 0.35664335664335667 0.043478260869565216 0.08741258741258741
1 0.4762845849802372 0.3811188811188811 0.05928853754940711 0.1048951048951049
1 0.5197628458498024 0.35664335664335667 0.041501976284584984 0.0944055944055944
1 0.733201581027668 0.3531468531468531 0.0533596837944664 0.08741258741258741
1 0.8023715415019763 0.34965034965034963 0.05533596837944664 0.0944055944055944
1 0.9229249011857708 0.3916083916083916 0.06719367588932806 0.10139860139860139
1 0.5019762845849802 0.2762237762237762 0.029644268774703556 0.06643356643356643
1 0.6067193675889329 0.3356643356643357 0.04940711462450593 0.08391608391608392
1 0.5790513833992095 0.3041958041958042 0.019762845849802372 0.07692307692307693
1 0.4209486166007905 0.22727272727272727 0.015810276679841896 0.06293706293706294
1 0.37351778656126483 0.3111888111888112 0.029644268774703556 0.07342657342657342
0 0.04940711462450593 0.4125874125874126 0.03557312252964427 0.0979020979020979
2 0.6996047430830039 0.5629370629370629 0.1067193675889328 0.26573426573426573
2 0.5573122529644269 0.3776223776223776 0.08498023715415019 0.15384615384615385
2 0.4644268774703557 0.3076923076923077 0.04940711462450593 0.08741258741258741
2 0.5296442687747036 0.25874125874125875 0.041501976284584984 0.06643356643356643
2 0.46047430830039526 0.21328671328671328 0.041501976284584984 0.05944055944055944
2 0.5434782608695652 0.23076923076923078 0.045454545454545456 0.05244755244755245
2 0.525691699604743 0.21328671328671328 0.05138339920948617 0.045454545454545456
2 0.48616600790513836 0.17482517482517482 0.025691699604743084 0.04895104895104895
2 0.34980237154150196 0.21678321678321677 0.04743083003952569 0.04895104895104895
2 0.2015810276679842 0.22727272727272727 0.0691699604743083 0.05944055944055944
2 0.1225296442687747 0.25524475524475526 0.04743083003952569 0.08741258741258741
2 0.2648221343873518 0.2762237762237762 0.1007905138339921 0.08041958041958042
2 0.44664031620553357 0.15734265734265734 0.017786561264822136 0.05244755244755245
3 0.3241106719367589 0.24825174825174826 0.1007905138339921 0.0944055944055944
4 0.5632411067193676 0.13986013986013987 0.11857707509881422 0.07692307692307693
