3 0.4762845849802372 0.5 0.08893280632411067 0.2692307692307692
2 0.34288537549407117 0.743006993006993 0.13438735177865613 0.2867132867132867
2 0.1907114624505929 0.40034965034965037 0.05928853754940711 0.11188811188811189
2 0.16304347826086957 0.2465034965034965 0.07905138339920949 0.06293706293706294
2 0.4209486166007905 0.34965034965034963 0.1007905138339921 0.0944055944055944
2 0.6195652173913043 0.5174825174825175 0.09090909090909091 0.17132867132867133
2 0.5177865612648221 0.3269230769230769 0.1007905138339921 0.09090909090909091
2 0.6729249011857708 0.36713286713286714 0.09486166007905138 0.10139860139860139
2 0.6156126482213439 0.21678321678321677 0.06719367588932806 0.05244755244755245
2 0.3942687747035573 0.21328671328671328 0.06719367588932806 0.05244755244755245
2 0.8231225296442688 0.21153846153846154 0.05138339920948617 0.03496503496503497
1 0.2648221343873518 0.49125874125874125 0.045454545454545456 0.1258741258741259
1 0.3458498023715415 0.4807692307692308 0.04940711462450593 0.11888111888111888
1 0.39723320158102765 0.5087412587412588 0.03359683794466403 0.1258741258741259
1 0.28063241106719367 0.4160839160839161 0.041501976284584984 0.0944055944055944
1 0.30434782608695654 0.4423076923076923 0.045454545454545456 0.1048951048951049
1 0.3349802371541502 0.40384615384615385 0.03557312252964427 0.09090909090909091
1 0.11166007905138339 0.3618881118881119 0.023715415019762844 0.0979020979020979
1 0.037549407114624504 0.39335664335664333 0.029644268774703556 0.09090909090909091
1 0.05434782608695652 0.30594405594405594 0.019762845849802372 0.07692307692307693
1 0.02766798418972332 0.2762237762237762 0.021739130434782608 0.06643356643356643
1 0.06027667984189723 0.2465034965034965 0.023715415019762844 0.06293706293706294
1 0.11462450592885376 0.256993006993007 0.029644268774703556 0.06993006993006994
1 0.13339920948616601 0.3181818181818182 0.02766798418972332 0.07342657342657342
1 0.14723320158102768 0.3531468531468531 0.023715415019762844 0.0944055944055944
1 0.2124505928853755 0.3356643356643357 0.023715415019762844 0.08041958041958042
1 0.2391304347826087 0.3129370629370629 0.03359683794466403 0.07692307692307693
1 0.26976284584980237 0.3269230769230769 0.023715415019762844 0.08391608391608392
1 0.31620553359683795 0.3339160839160839 0.025691699604743084 0.07692307692307693
1 0.29446640316205536 0.29895104895104896 0.03359683794466403 0.06293706293706294
1 0.21541501976284586 0.2902097902097902 0.025691699604743084 0.05244755244755245
1 0.25889328063241107 0.291958041958042 0.037549407114624504 0.06293706293706294
1 0.34189723320158105 0.22552447552447552 0.017786561264822136 0.04195804195804196
3 0.5464426877470355 0.24475524475524477 0.043478260869565216 0.08741258741258741
2 0.07015810276679842 0.20279720279720279 0.06719367588932806 0.038461538461538464
2 0.6877470355731226 0.20454545454545456 0.07312252964426877 0.04895104895104895
1 0.7628458498023716 0.42132867132867136 0.06126482213438735 0.1048951048951049
1 0.6007905138339921 0.40384615384615385 0.05731225296442688 0.08391608391608392
1 0.6837944664031621 0.40034965034965037 0.045454545454545456 0.0979020979020979
1 0.8399209486166008 0.4090909090909091 0.05731225296442688 0.08741258741258741
1 0.9051383399209486 0.40384615384615385 0.0533596837944664 0.08391608391608392
1 0.9268774703557312 0.45454545454545453 0.0533596837944664 0.10839160839160839
