1 0.09881422924901186 0.5524475524475524 0.09486166007905138 0.15384615384615385
1 0.0691699604743083 0.45454545454545453 0.037549407114624504 0.13286713286713286
1 0.1007905138339921 0.3951048951048951 0.04743083003952569 0.12237762237762238
1 0.233201581027668 0.3811188811188811 0.03557312252964427 0.11538461538461539
1 0.3221343873517787 0.47202797202797203 0.039525691699604744 0.11888111888111888
1 0.4189723320158103 0.4195804195804196 0.039525691699604744 0.11538461538461539
1 0.7687747035573123 0.6118881118881119 0.10474308300395258 0.13286713286713286
1 0.6205533596837944 0.44405594405594406 0.07312252964426877 0.13286713286713286
1 0.8102766798418972 0.45454545454545453 0.0691699604743083 0.10839160839160839
1 0.19367588932806323 0.2937062937062937 0.03359683794466403 0.08391608391608392
1 0.1225296442687747 0.2902097902097902 0.023715415019762844 0.08391608391608392
1 0.09288537549407115 0.27972027972027974 0.029644268774703556 0.07342657342657342
1 0.04743083003952569 0.22727272727272727 0.019762845849802372 0.07692307692307693
1 0.07114624505928854 0.24125874125874125 0.029644268774703556 0.06643356643356643
1 0.07905138339920949 0.2062937062937063 0.02766798418972332 0.07342657342657342
1 0.15612648221343872 0.2727272727272727 0.023715415019762844 0.08041958041958042
1 0.13438735177865613 0.24125874125874125 0.023715415019762844 0.07692307692307693
1 0.15612648221343872 0.23076923076923078 0.021739130434782608 0.05944055944055944
1 0.22134387351778656 0.17482517482517482 0.02766798418972332 0.05244755244755245
1 0.15612648221343872 0.1853146853146853 0.02766798418972332 0.045454545454545456
1 0.3142292490118577 0.34965034965034963 0.03557312252964427 0.10139860139860139
1 0.2826086956521739 0.2727272727272727 0.045454545454545456 0.08741258741258741
1 0.33992094861660077 0.2902097902097902 0.041501976284584984 0.07342657342657342
1 0.37351778656126483 0.3776223776223776 0.039525691699604744 0.10839160839160839
1 0.3557312252964427 0.34265734265734266 0.025691699604743084 0.1048951048951049
1 0.38735177865612647 0.32867132867132864 0.025691699604743084 0.08741258741258741
1 0.44466403162055335 0.3706293706293706 0.029644268774703556 0.1258741258741259
1 0.4782608695652174 0.4160839160839161 0.04743083003952569 0.1258741258741259
1 0.4683794466403162 0.36013986013986016 0.025691699604743084 0.10839160839160839
1 0.49604743083003955 0.34615384615384615 0.02766798418972332 0.10839160839160839
1 0.44861660079051385 0.2972027972027972 0.021739130434782608 0.10139860139860139
1 0.5335968379446641 0.2972027972027972 0.03359683794466403 0.08741258741258741
1 0.4308300395256917 0.2692307692307692 0.03557312252964427 0.06293706293706294
1 0.6679841897233202 0.34265734265734266 0.05533596837944664 0.0979020979020979
1 0.25889328063241107 0.1888111888111888 0.029644268774703556 0.05944055944055944
2 0.5592885375494071 0.3776223776223776 0.1600790513833992 0.11538461538461539
2 0.5296442687747036 0.2517482517482518 0.041501976284584984 0.08041958041958042
2 0.4743083003952569 0.2937062937062937 0.06324110671936758 0.11188811188811189
2 0.466403162055336 0.24475524475524477 0.037549407114624504 0.06293706293706294
2 0.22332015810276679 0.25524475524475526 0.07509881422924901 0.08041958041958042
2 0.07114624505928854 0.1853146853146853 0.07114624505928854 0.045454545454545456
2 0.549407114624506 0.2062937062937063 0.05138339920948617 0.06643356643356643
2 0.5889328063241107 0.1993006993006993 0.045454545454545456 0.05244755244755245
2 0.6956521739130435 0.20279720279720279 0.041501976284584984 0.045454545454545456
4 0.15612648221343872 0.5174825174825175 0.191699604743083 0.46853146853146854
4 0.308300395256917 0.20279720279720279 0.11462450592885376 0.13286713286713286
4 0.37549407114624506 0.18181818181818182 0.05138339920948617 0.06993006993006994
2 0.7648221343873518 0.36363636363636365 0.18379446640316205 0.14685314685314685
