1 0.39031620553359686 0.4772727272727273 0.06719367588932806 0.16083916083916083
1 0.36561264822134387 0.5524475524475524 0.0691699604743083 0.16433566433566432
1 0.2608695652173913 0.4318181818181818 0.06126482213438735 0.14685314685314685
1 0.18675889328063242 0.40034965034965037 0.05533596837944664 0.13286713286713286
1 0.13537549407114624 0.47027972027972026 0.05533596837944664 0.14685314685314685
1 0.12549407114624506 0.40384615384615385 0.04743083003952569 0.1048951048951049
1 0.13339920948616601 0.28321678321678323 0.043478260869565216 0.10839160839160839
1 0.22035573122529645 0.30594405594405594 0.05928853754940711 0.1048951048951049
1 0.8033596837944664 0.7587412587412588 0.12648221343873517 0.21328671328671328
1 0.758893280632411 0.9213286713286714 0.12450592885375494 0.13286713286713286
1 0.9515810276679841 0.1555944055944056 0.019762845849802372 0.06993006993006994
1 0.9337944664031621 0.10139860139860139 0.015810276679841896 0.05944055944055944
1 0.924901185770751 0.07867132867132867 0.01383399209486166 0.055944055944055944
1 0.9515810276679841 0.08041958041958042 0.019762845849802372 0.05944055944055944
1 0.25296442687747034 0.15734265734265734 0.0533596837944664 0.06643356643356643
2 0.36561264822134387 0.3513986013986014 0.16798418972332016 0.16783216783216784
2 0.044466403162055336 0.2972027972027972 0.05928853754940711 0.0944055944055944
2 0.9011857707509882 0.06293706293706294 0.03359683794466403 0.05244755244755245
