1 0.7905138339920948 0.486013986013986 0.11462450592885376 0.16083916083916083
1 0.7786561264822134 0.20279720279720279 0.03162055335968379 0.10839160839160839
1 0.7075098814229249 0.1958041958041958 0.023715415019762844 0.1048951048951049
1 0.7391304347826086 0.19230769230769232 0.029644268774703556 0.10139860139860139
1 0.8438735177865613 0.17482517482517482 0.025691699604743084 0.0944055944055944
1 0.8102766798418972 0.17132867132867133 0.021739130434782608 0.10139860139860139
1 0.6007905138339921 0.493006993006993 0.10276679841897234 0.16783216783216784
1 0.5098814229249012 0.48951048951048953 0.09683794466403162 0.17482517482517482
1 0.18774703557312253 0.26573426573426573 0.0533596837944664 0.10139860139860139
1 0.07707509881422925 0.23426573426573427 0.045454545454545456 0.1048951048951049
1 0.029644268774703556 0.24825174825174826 0.045454545454545456 0.10839160839160839
1 0.5810276679841897 0.44405594405594406 0.05731225296442688 0.11888111888111888
1 0.41304347826086957 0.2692307692307692 0.05533596837944664 0.0979020979020979
1 0.3952569169960474 0.3041958041958042 0.041501976284584984 0.08741258741258741
1 0.43873517786561267 0.36363636363636365 0.05138339920948617 0.12237762237762238
1 0.35375494071146246 0.2517482517482518 0.04743083003952569 0.07342657342657342
2 0.8754940711462451 0.15034965034965034 0.08102766798418973 0.13636363636363635
3 0.883399209486166 0.01048951048951049 0.10276679841897234 0.20279720279720279
2 0.5691699604743083 0.6993006993006993 0.35375494071146246 0.2937062937062937
2 0.23517786561264822 0.36013986013986016 0.233201581027668 0.23076923076923078
