1 0.4426877470355731 0.7482517482517482 0.116600790513834 0.2062937062937063
1 0.7984189723320159 0.5244755244755245 0.12055335968379446 0.11888111888111888
1 0.8102766798418972 0.2097902097902098 0.03162055335968379 0.11188811188811189
1 0.7766798418972332 0.1888111888111888 0.03162055335968379 0.10839160839160839
1 0.741106719367589 0.1888111888111888 0.03162055335968379 0.1048951048951049
1 0.9347826086956522 0.21678321678321677 0.03162055335968379 0.11888111888111888
1 0.23122529644268774 0.3076923076923077 0.06719367588932806 0.1258741258741259
1 0.23715415019762845 0.25874125874125875 0.045454545454545456 0.08391608391608392
1 0.1600790513833992 0.2692307692307692 0.045454545454545456 0.09090909090909091
1 0.03557312252964427 0.23426573426573427 0.043478260869565216 0.08741258741258741
1 0.015810276679841896 0.19230769230769232 0.02766798418972332 0.08741258741258741
1 0.35375494071146246 0.6118881118881119 0.09090909090909091 0.17832167832167833
1 0.691699604743083 0.17482517482517482 0.03162055335968379 0.0979020979020979
2 0.8952569169960475 0.12937062937062938 0.07312252964426877 0.12237762237762238
2 0.8379446640316206 0.09090909090909091 0.07312252964426877 0.12237762237762238
2 0.391304347826087 0.44405594405594406 0.2648221343873518 0.25874125874125875
2 0.6126482213438735 0.7797202797202797 0.3794466403162055 0.21328671328671328
2 0.8043478260869565 0.6433566433566433 0.191699604743083 0.23076923076923078
3 0.009881422924901186 0.3041958041958042 0.21541501976284586 0.25524475524475526
3 0.021739130434782608 0.5244755244755245 0.3557312252964427 0.46853146853146854
1 0.7885375494071146 0.4195804195804196 0.08695652173913043 0.13986013986013987
