1 0.849802371541502 0.7657342657342657 0.1442687747035573 0.19230769230769232
1 0.8092885375494071 0.6433566433566433 0.1422924901185771 0.14335664335664336
1 0.8695652173913043 0.5594405594405595 0.12055335968379446 0.15034965034965034
1 0.6857707509881423 0.5594405594405595 0.10869565217391304 0.16433566433566432
1 0.6590909090909091 0.47202797202797203 0.09486166007905138 0.12937062937062938
1 0.525691699604743 0.4318181818181818 0.05731225296442688 0.1258741258741259
1 0.4871541501976285 0.46503496503496505 0.05533596837944664 0.14335664335664336
1 0.4426877470355731 0.486013986013986 0.07707509881422925 0.12237762237762238
1 0.44664031620553357 0.5664335664335665 0.09288537549407115 0.16433566433566432
1 0.5731225296442688 0.6468531468531469 0.10869565217391304 0.16433566433566432
1 0.2341897233201581 0.6188811188811189 0.09090909090909091 0.17132867132867133
1 0.24209486166007904 0.4632867132867133 0.06719367588932806 0.13286713286713286
1 0.3349802371541502 0.40384615384615385 0.05928853754940711 0.13286713286713286
1 0.45652173913043476 0.33916083916083917 0.07312252964426877 0.12237762237762238
1 0.2865612648221344 0.4423076923076923 0.06126482213438735 0.1258741258741259
1 0.2381422924901186 0.3513986013986014 0.05138339920948617 0.0979020979020979
1 0.17490118577075098 0.36013986013986016 0.05138339920948617 0.11538461538461539
1 0.1373517786561265 0.4230769230769231 0.05533596837944664 0.13636363636363635
1 0.08992094861660078 0.36538461538461536 0.05138339920948617 0.1048951048951049
1 0.11857707509881422 0.32167832167832167 0.045454545454545456 0.0944055944055944
1 0.05632411067193676 0.28846153846153844 0.043478260869565216 0.1048951048951049
1 0.7213438735177866 0.2395104895104895 0.03359683794466403 0.0979020979020979
1 0.7559288537549407 0.243006993006993 0.02766798418972332 0.1048951048951049
1 0.8013833992094862 0.17307692307692307 0.023715415019762844 0.09090909090909091
2 0.9209486166007905 0.24825174825174826 0.07312252964426877 0.12237762237762238
2 0.8359683794466403 0.18706293706293706 0.08498023715415019 0.13286713286713286
2 0.2648221343873518 0.8461538461538461 0.3181818181818182 0.2902097902097902
2 0.8962450592885376 0.10139860139860139 0.03557312252964427 0.08741258741258741
3 0.9466403162055336 0.1486013986013986 0.0691699604743083 0.14685314685314685
3 0.9683794466403162 0.08566433566433566 0.04940711462450593 0.14685314685314685
2 0.8764822134387352 0.13286713286713286 0.039525691699604744 0.08041958041958042
2 0.21640316205533597 0.3006993006993007 0.15019762845849802 0.12237762237762238
