1 0.2450592885375494 0.40559440559440557 0.07509881422924901 0.16783216783216784
1 0.3142292490118577 0.4370629370629371 0.0533596837944664 0.16433566433566432
1 0.383399209486166 0.5454545454545454 0.07509881422924901 0.1888111888111888
1 0.4841897233201581 0.5209790209790209 0.04940711462450593 0.20279720279720279
1 0.38735177865612647 0.44405594405594406 0.06126482213438735 0.13286713286713286
1 0.41304347826086957 0.3356643356643357 0.06126482213438735 0.13286713286713286
1 0.45849802371541504 0.479020979020979 0.045454545454545456 0.17132867132867133
1 0.5533596837944664 0.44405594405594406 0.04743083003952569 0.16783216783216784
1 0.5276679841897233 0.4195804195804196 0.041501976284584984 0.16433566433566432
1 0.44861660079051385 0.42657342657342656 0.04940711462450593 0.15734265734265734
1 0.4782608695652174 0.3811188811188811 0.045454545454545456 0.11888111888111888
1 0.5158102766798419 0.3321678321678322 0.05731225296442688 0.13286713286713286
1 0.5276679841897233 0.26223776223776224 0.0533596837944664 0.11188811188811189
1 0.5968379446640316 0.3916083916083916 0.06126482213438735 0.15034965034965034
1 0.6837944664031621 0.25524475524475526 0.03162055335968379 0.11538461538461539
1 0.5928853754940712 0.27972027972027974 0.0533596837944664 0.13286713286713286
1 0.642292490118577 0.3076923076923077 0.03162055335968379 0.10839160839160839
1 0.8122529644268774 0.36013986013986016 0.03557312252964427 0.11188811188811189
1 0.6442687747035574 0.23076923076923078 0.039525691699604744 0.09090909090909091
2 0.17391304347826086 0.7307692307692307 0.3241106719367589 0.26223776223776224
2 0.5118577075098815 0.534965034965035 0.17984189723320157 0.3321678321678322
2 0.6897233201581028 0.7307692307692307 0.18972332015810275 0.26573426573426573
2 0.7727272727272727 0.458041958041958 0.13438735177865613 0.2902097902097902
2 0.6620553359683794 0.32167832167832167 0.12055335968379446 0.24475524475524477
2 0.8596837944664032 0.23426573426573427 0.09288537549407115 0.15734265734265734
2 0.8972332015810277 0.1258741258741259 0.0691699604743083 0.1258741258741259
2 0.8280632411067194 0.11188811188811189 0.0691699604743083 0.10839160839160839
2 0.9407114624505929 0.038461538461538464 0.04940711462450593 0.08741258741258741
2 0.7391304347826086 0.2097902097902098 0.08893280632411067 0.17132867132867133
1 0.782608695652174 0.15034965034965034 0.021739130434782608 0.06643356643356643
