1 0.15612648221343872 0.7412587412587412 0.07312252964426877 0.23426573426573427
1 0.0533596837944664 0.5856643356643356 0.06126482213438735 0.16083916083916083
1 0.2519762845849802 0.7972027972027972 0.07114624505928854 0.21328671328671328
1 0.1225296442687747 0.4125874125874126 0.03359683794466403 0.10139860139860139
1 0.22134387351778656 0.4090909090909091 0.045454545454545456 0.10139860139860139
1 0.2183794466403162 0.3321678321678322 0.023715415019762844 0.0944055944055944
1 0.1650197628458498 0.3129370629370629 0.023715415019762844 0.08391608391608392
1 0.31521739130434784 0.38286713286713286 0.03557312252964427 0.0979020979020979
1 0.3814229249011858 0.40034965034965037 0.04940711462450593 0.0979020979020979
1 0.6126482213438735 0.493006993006993 0.03359683794466403 0.14335664335664336
1 0.5563241106719368 0.3951048951048951 0.023715415019762844 0.10139860139860139
1 0.5849802371541502 0.36013986013986016 0.029644268774703556 0.08741258741258741
1 0.9011857707509882 0.486013986013986 0.06521739130434782 0.12237762237762238
1 0.9456521739130435 0.4527972027972028 0.05138339920948617 0.1048951048951049
1 0.35276679841897235 0.3618881118881119 0.015810276679841896 0.0979020979020979
1 0.10968379446640317 0.27797202797202797 0.019762845849802372 0.06293706293706294
1 0.03260869565217391 0.3041958041958042 0.023715415019762844 0.07342657342657342
1 0.020750988142292492 0.3618881118881119 0.023715415019762844 0.08391608391608392
1 0.13339920948616601 0.19755244755244755 0.019762845849802372 0.055944055944055944
1 0.19367588932806323 0.28496503496503495 0.017786561264822136 0.06293706293706294
1 0.1808300395256917 0.29895104895104896 0.019762845849802372 0.07692307692307693
1 0.1324110671936759 0.2674825174825175 0.017786561264822136 0.04895104895104895
1 0.3725296442687747 0.26573426573426573 0.015810276679841896 0.06643356643356643
1 0.30434782608695654 0.291958041958042 0.025691699604743084 0.06293706293706294
1 0.3310276679841897 0.28846153846153844 0.019762845849802372 0.06993006993006994
1 0.508893280632411 0.28496503496503495 0.019762845849802372 0.06993006993006994
1 0.41106719367588934 0.3041958041958042 0.017786561264822136 0.08041958041958042
1 0.43873517786561267 0.28146853146853146 0.025691699604743084 0.04195804195804196
1 0.5928853754940712 0.243006993006993 0.017786561264822136 0.055944055944055944
2 0.2440711462450593 0.5594405594405595 0.09090909090909091 0.2062937062937063
2 0.12944664031620554 0.3479020979020979 0.05533596837944664 0.1048951048951049
2 0.07509881422924901 0.26223776223776224 0.06126482213438735 0.05944055944055944
2 0.25691699604743085 0.28846153846153844 0.08102766798418973 0.06993006993006994
2 0.26976284584980237 0.34440559440559443 0.05928853754940711 0.09090909090909091
2 0.4901185770750988 0.3951048951048951 0.05731225296442688 0.10839160839160839
2 0.4575098814229249 0.3374125874125874 0.08695652173913043 0.07692307692307693
2 0.4762845849802372 0.28496503496503495 0.05731225296442688 0.06993006993006994
2 0.5543478260869565 0.3146853146853147 0.05138339920948617 0.07342657342657342
2 0.2826086956521739 0.2692307692307692 0.0691699604743083 0.06643356643356643
2 0.48320158102766797 0.23426573426573427 0.05138339920948617 0.045454545454545456
2 0.35375494071146246 0.21503496503496503 0.0691699604743083 0.04895104895104895
2 0.4150197628458498 0.1958041958041958 0.03359683794466403 0.038461538461538464
2 0.5701581027667985 0.23426573426573427 0.05928853754940711 0.045454545454545456
2 0.6531620553359684 0.20454545454545456 0.043478260869565216 0.03496503496503497
2 0.7470355731225297 0.21328671328671328 0.045454545454545456 0.038461538461538464
2 0.7855731225296443 0.2202797202797203 0.039525691699604744 0.03146853146853147
