2 0.14525691699604742 0.6258741258741258 0.25691699604743085 0.21678321678321677
2 0.44861660079051385 0.9213286713286714 0.30632411067193677 0.21678321678321677
2 0.3893280632411067 0.6940559440559441 0.1482213438735178 0.16083916083916083
2 0.7924901185770751 1.132867132867133 0.26679841897233203 0.2902097902097902
2 0.35177865612648224 0.5524475524475524 0.11264822134387352 0.0979020979020979
2 0.22233201581027667 0.4230769230769231 0.08300395256916997 0.08391608391608392
2 0.042490118577075096 0.28321678321678323 0.07114624505928854 0.1048951048951049
2 0.12055335968379446 0.28846153846153844 0.037549407114624504 0.05944055944055944
2 0.08695652173913043 0.2395104895104895 0.029644268774703556 0.04195804195804196
2 0.08201581027667984 0.2202797202797203 0.02766798418972332 0.05944055944055944
2 0.1225296442687747 0.270979020979021 0.03359683794466403 0.04195804195804196
2 0.16798418972332016 0.32342657342657344 0.0533596837944664 0.04895104895104895
2 0.2183794466403162 0.38986013986013984 0.043478260869565216 0.045454545454545456
2 0.22727272727272727 0.3776223776223776 0.045454545454545456 0.04895104895104895
2 0.25790513833992096 0.39335664335664333 0.04743083003952569 0.055944055944055944
2 0.21442687747035574 0.3513986013986014 0.04743083003952569 0.038461538461538464
2 0.31225296442687744 0.42482517482517484 0.045454545454545456 0.03496503496503497
2 0.4189723320158103 0.534965034965035 0.06521739130434782 0.04195804195804196
2 0.5592885375494071 0.6520979020979021 0.045454545454545456 0.038461538461538464
2 0.6689723320158103 0.7674825174825175 0.06324110671936758 0.038461538461538464
2 0.724308300395257 0.8181818181818182 0.06324110671936758 0.045454545454545456
2 0.9268774703557312 0.9982517482517482 0.045454545454545456 0.04895104895104895
2 0.8745059288537549 0.9423076923076923 0.04743083003952569 0.04195804195804196
2 0.7737154150197628 0.833916083916084 0.05138339920948617 0.03496503496503497
1 0.2608695652173913 0.5472027972027972 0.08102766798418973 0.1258741258741259
1 0.09980237154150198 0.4405594405594406 0.07905138339920949 0.1258741258741259
1 0.019762845849802372 0.27972027972027974 0.029644268774703556 0.11188811188811189
1 0.11067193675889328 0.3146853146853147 0.025691699604743084 0.08391608391608392
1 0.15612648221343872 0.36713286713286714 0.025691699604743084 0.08741258741258741
1 0.2075098814229249 0.42132867132867136 0.025691699604743084 0.08741258741258741
1 0.0800395256916996 0.27972027972027974 0.02766798418972332 0.08391608391608392
1 0.22332015810276679 0.6538461538461539 0.09683794466403162 0.16433566433566432
1 0.30434782608695654 0.6853146853146853 0.041501976284584984 0.16433566433566432
1 0.37351778656126483 0.7290209790209791 0.037549407114624504 0.08041958041958042
1 0.5948616600790514 0.8916083916083916 0.0533596837944664 0.15034965034965034
1 0.6304347826086957 0.9283216783216783 0.05731225296442688 0.16433566433566432
1 0.5474308300395256 0.7884615384615384 0.041501976284584984 0.12237762237762238
1 0.5780632411067194 0.8356643356643356 0.05138339920948617 0.12937062937062938
1 0.5978260869565217 0.8111888111888111 0.039525691699604744 0.10139860139860139
1 0.691699604743083 0.8216783216783217 0.025691699604743084 0.07342657342657342
1 0.7559288537549407 0.8583916083916084 0.019762845849802372 0.06993006993006994
1 0.7875494071146245 0.9073426573426573 0.02766798418972332 0.07692307692307693
1 0.8221343873517787 0.9458041958041958 0.025691699604743084 0.08041958041958042
1 0.8883399209486166 1.0506993006993006 0.03162055335968379 0.1048951048951049
1 0.9466403162055336 1.0856643356643356 0.029644268774703556 0.1048951048951049
1 0.9347826086956522 1.1381118881118881 0.029644268774703556 0.13636363636363635
1 0.9752964426877471 1.166083916083916 0.039525691699604744 0.10139860139860139
1 0.9792490118577075 1.1346153846153846 0.02766798418972332 0.09090909090909091
1 0.9347826086956522 1.0332167832167831 0.017786561264822136 0.06993006993006994
1 0.9436758893280632 1.0297202797202798 0.019762845849802372 0.06993006993006994
1 0.8547430830039525 0.9475524475524476 0.023715415019762844 0.055944055944055944
1 0.8300395256916996 0.9213286713286714 0.021739130434782608 0.04895104895104895
1 0.900197628458498 0.9807692307692307 0.019762845849802372 0.04195804195804196
1 0.9150197628458498 0.9965034965034965 0.017786561264822136 0.05944055944055944
1 0.7737154150197628 0.8513986013986014 0.019762845849802372 0.05244755244755245
1 0.3201581027667984 0.4353146853146853 0.025691699604743084 0.045454545454545456
3 0.116600790513834 0.22727272727272727 0.045454545454545456 0.045454545454545456
3 0.16798418972332016 0.26048951048951047 0.029644268774703556 0.045454545454545456
