1 0.045454545454545456 0.7097902097902098 0.07312252964426877 0.23426573426573427
1 0.03557312252964427 0.6293706293706294 0.06521739130434782 0.18181818181818182
1 0.15019762845849802 0.493006993006993 0.039525691699604744 0.14335664335664336
1 0.01383399209486166 0.24125874125874125 0.015810276679841896 0.07342657342657342
1 0.05731225296442688 0.26573426573426573 0.023715415019762844 0.08391608391608392
1 0.01383399209486166 0.18181818181818182 0.021739130434782608 0.045454545454545456
1 0.17984189723320157 0.2062937062937063 0.01383399209486166 0.04195804195804196
1 0.1442687747035573 0.3531468531468531 0.029644268774703556 0.0979020979020979
1 0.22529644268774704 0.3006993006993007 0.025691699604743084 0.08741258741258741
1 0.2648221343873518 0.3006993006993007 0.019762845849802372 0.09090909090909091
1 0.2628458498023715 0.2692307692307692 0.017786561264822136 0.04895104895104895
1 0.3201581027667984 0.34265734265734266 0.03162055335968379 0.11188811188811189
1 0.3102766798418972 0.3181818181818182 0.025691699604743084 0.0944055944055944
1 0.2964426877470356 0.3076923076923077 0.017786561264822136 0.09090909090909091
1 0.37351778656126483 0.32167832167832167 0.041501976284584984 0.08741258741258741
1 0.34782608695652173 0.3006993006993007 0.023715415019762844 0.08041958041958042
1 0.4901185770750988 0.4090909090909091 0.04940711462450593 0.11538461538461539
1 0.6462450592885376 0.4230769230769231 0.05731225296442688 0.1258741258741259
1 0.7529644268774703 0.486013986013986 0.07905138339920949 0.13286713286713286
1 0.9347826086956522 0.5384615384615384 0.05928853754940711 0.12937062937062938
1 0.7470355731225297 0.4405594405594406 0.0691699604743083 0.1048951048951049
1 0.6758893280632411 0.3811188811188811 0.0533596837944664 0.10139860139860139
1 0.6561264822134387 0.36713286713286714 0.023715415019762844 0.06993006993006994
1 0.4762845849802372 0.32167832167832167 0.025691699604743084 0.07692307692307693
1 0.4980237154150198 0.3111888111888112 0.019762845849802372 0.07692307692307693
1 0.4090909090909091 0.2762237762237762 0.017786561264822136 0.05244755244755245
1 0.4505928853754941 0.2762237762237762 0.017786561264822136 0.055944055944055944
1 0.4407114624505929 0.2062937062937063 0.017786561264822136 0.045454545454545456
1 0.4189723320158103 0.1958041958041958 0.017786561264822136 0.05244755244755245
1 0.466403162055336 0.2097902097902098 0.011857707509881422 0.04895104895104895
2 0.09090909090909091 0.2937062937062937 0.07509881422924901 0.08391608391608392
2 0.05731225296442688 0.24825174825174826 0.05138339920948617 0.06643356643356643
2 0.1600790513833992 0.26573426573426573 0.05731225296442688 0.07342657342657342
2 0.4268774703557312 0.32517482517482516 0.05533596837944664 0.12237762237762238
2 0.5 0.2867132867132867 0.06521739130434782 0.08041958041958042
2 0.5711462450592886 0.3006993006993007 0.07509881422924901 0.12937062937062938
2 0.7924901185770751 0.42657342657342656 0.17193675889328064 0.12237762237762238
2 0.5237154150197628 0.24475524475524477 0.039525691699604744 0.045454545454545456
2 0.5138339920948617 0.23076923076923078 0.06324110671936758 0.045454545454545456
2 0.575098814229249 0.20279720279720279 0.05533596837944664 0.045454545454545456
2 0.6541501976284585 0.1958041958041958 0.06324110671936758 0.05244755244755245
2 0.7134387351778656 0.1958041958041958 0.039525691699604744 0.04895104895104895
2 0.2509881422924901 0.20279720279720279 0.06521739130434782 0.045454545454545456
3 0.3201581027667984 0.2062937062937063 0.05731225296442688 0.0944055944055944
3 0.41304347826086957 0.11888111888111888 0.05928853754940711 0.06643356643356643
