2 0.6600790513833992 0.2202797202797203 0.15810276679841898 0.13636363636363635
2 0.4051383399209486 0.3111888111888112 0.20553359683794467 0.23426573426573427
2 0.1976284584980237 0.26223776223776224 0.1383399209486166 0.12937062937062938
2 0.039525691699604744 0.2762237762237762 0.08893280632411067 0.0944055944055944
2 0.037549407114624504 0.1993006993006993 0.09683794466403162 0.09090909090909091
1 0.8300395256916996 0.26223776223776224 0.041501976284584984 0.10139860139860139
1 0.5928853754940712 0.1958041958041958 0.029644268774703556 0.10839160839160839
1 0.8399209486166008 0.7342657342657343 0.14624505928853754 0.24475524475524477
1 0.6027667984189723 0.7377622377622378 0.12450592885375494 0.24475524475524477
1 0.44466403162055335 0.7307692307692307 0.10474308300395258 0.24825174825174826
1 0.391304347826087 0.5174825174825175 0.07905138339920949 0.1958041958041958
1 0.25691699604743085 0.5454545454545454 0.06719367588932806 0.20279720279720279
1 0.22134387351778656 0.3811188811188811 0.05731225296442688 0.14685314685314685
1 0.12055335968379446 0.3916083916083916 0.05533596837944664 0.14335664335664336
1 0.11067193675889328 0.3321678321678322 0.05533596837944664 0.12937062937062938
1 0.025691699604743084 0.3321678321678322 0.041501976284584984 0.10139860139860139
